0 0.21601208459214502 0.055513595166163145 0.060422960725075525 0.03851963746223565
0 0.18240181268882175 0.09743202416918428 0.06268882175226587 0.03474320241691843
0 0.1714501510574018 0.12877643504531722 0.06646525679758308 0.033987915407854986
0 0.18693353474320243 0.15143504531722055 0.06873111782477341 0.026435045317220542
0 0.19108761329305135 0.1729607250755287 0.05740181268882175 0.03474320241691843
1 0.2054380664652568 0.18693353474320243 0.061933534743202415 0.03851963746223565
0 0.20317220543806647 0.21790030211480363 0.05740181268882175 0.03851963746223565
0 0.22243202416918428 0.2345166163141994 0.06873111782477341 0.030966767371601207
0 0.22469788519637462 0.26623867069486407 0.07175226586102719 0.035498489425981876
1 0.22847432024169184 0.28965256797583083 0.0702416918429003 0.04607250755287009
0 0.24244712990936557 0.3032477341389728 0.061933534743202415 0.030966767371601207
0 0.24395770392749244 0.31948640483383683 0.06797583081570997 0.03474320241691843
0 0.2564199395770393 0.3504531722054381 0.06873111782477341 0.03172205438066465
0 0.26246223564954685 0.37462235649546827 0.0581570996978852 0.03323262839879154
0 0.2526435045317221 0.39841389728096677 0.0702416918429003 0.030966767371601207
1 0.25944108761329304 0.4278700906344411 0.06873111782477341 0.035498489425981876
1 0.28889728096676737 0.4569486404833837 0.04003021148036254 0.06646525679758308
0 0.2756797583081571 0.5003776435045317 0.0649546827794562 0.027945619335347432
0 0.2802114803625378 0.5226586102719033 0.06948640483383686 0.0256797583081571
0 0.29531722054380666 0.5456948640483383 0.05891238670694864 0.027945619335347432
1 0.3092900302114804 0.5789274924471299 0.06419939577039276 0.03851963746223565
0 0.29682779456193353 0.6110271903323263 0.0649546827794562 0.028700906344410877
0 0.31722054380664655 0.6465256797583081 0.060422960725075525 0.03474320241691843
0 0.2209214501510574 0.7031722054380665 0.06268882175226587 0.055891238670694864
2 0.21148036253776434 0.6963746223564955 0.03323262839879154 0.04229607250755287
0 0.34818731117824775 0.6616314199395771 0.05740181268882175 0.03323262839879154
0 0.3425226586102719 0.6865558912386707 0.05664652567975831 0.04078549848942598
0 0.36631419939577037 0.6907099697885196 0.060422960725075525 0.035498489425981876
1 0.4188066465256798 0.7088368580060423 0.04758308157099698 0.05966767371601209
0 0.4407099697885196 0.7077039274924471 0.030966767371601207 0.0634441087613293
0 0.4622356495468278 0.7175226586102719 0.02416918429003021 0.061933534743202415
1 0.49131419939577037 0.6978851963746223 0.04003021148036254 0.061933534743202415
0 0.5222809667673716 0.6790030211480362 0.03700906344410876 0.0755287009063444
0 0.547583081570997 0.6699395770392749 0.028700906344410877 0.06797583081570997
0 0.570619335347432 0.6744712990936556 0.027945619335347432 0.061933534743202415
0 0.5838368580060423 0.6627643504531722 0.027190332326283987 0.06570996978851963
0 0.6061178247734139 0.6710725075528701 0.023413897280966767 0.0581570996978852
0 0.6204682779456193 0.6555891238670695 0.02945619335347432 0.060422960725075525
0 0.6416163141993958 0.6378398791540786 0.026435045317220542 0.0581570996978852
0 0.6631419939577039 0.6344410876132931 0.028700906344410877 0.05740181268882175
0 0.6808912386706949 0.6446374622356495 0.023413897280966767 0.06268882175226587
0 0.6944864048338368 0.6265105740181269 0.024924471299093656 0.06268882175226587
0 0.7156344410876133 0.6435045317220544 0.035498489425981876 0.06797583081570997
0 0.7194108761329305 0.618202416918429 0.03700906344410876 0.06419939577039276
0 0.7413141993957704 0.6299093655589124 0.02945619335347432 0.055891238670694864
0 0.7654833836858006 0.6280211480362538 0.035498489425981876 0.06268882175226587
0 0.7832326283987915 0.6117824773413897 0.03474320241691843 0.06948640483383686
0 0.8096676737160121 0.6087613293051359 0.0377643504531722 0.0634441087613293
0 0.8277945619335347 0.5981873111782477 0.03323262839879154 0.05740181268882175
0 0.8481873111782477 0.5823262839879154 0.0256797583081571 0.06646525679758308
0 0.9101208459214502 0.574773413897281 0.04078549848942598 0.0513595166163142
0 0.8802870090634441 0.5660876132930514 0.027945619335347432 0.05513595166163142
0 0.9331570996978852 0.5917673716012085 0.030966767371601207 0.04758308157099698
0 0.9535498489425982 0.5577794561933535 0.0324773413897281 0.05513595166163142
0 0.9584592145015106 0.529833836858006 0.03474320241691843 0.06117824773413897
0 0.9811178247734139 0.533987915407855 0.0256797583081571 0.061933534743202415
1 0.9327794561933535 0.5509818731117825 0.03927492447129909 0.05211480362537765
1 0.03625377643504532 0.4188066465256798 0.060422960725075525 0.07326283987915408
2 0.02756797583081571 0.41012084592145015 0.03700906344410876 0.04682779456193353
2 0.48489425981873113 0.8742447129909365 0.04229607250755287 0.03851963746223565
0 0.4520392749244713 0.9595921450151057 0.04607250755287009 0.05211480362537765
0 0.4671450151057402 0.9229607250755287 0.04607250755287009 0.045317220543806644
0 0.47318731117824775 0.9595921450151057 0.04909365558912387 0.04154078549848943
0 0.4962235649546828 0.9391993957703928 0.0377643504531722 0.04154078549848943
0 0.49886706948640486 0.9210725075528701 0.04305135951661632 0.04003021148036254
0 0.5151057401812689 0.9172960725075529 0.04984894259818731 0.04758308157099698
0 0.5494712990936556 0.9301359516616314 0.03851963746223565 0.05664652567975831
0 0.5725075528700906 0.9199395770392749 0.03927492447129909 0.054380664652567974
0 0.5891238670694864 0.9112537764350453 0.04078549848942598 0.05211480362537765
0 0.5906344410876133 0.8916163141993958 0.04078549848942598 0.0445619335347432
0 0.611404833836858 0.8935045317220544 0.04003021148036254 0.052870090634441085
0 0.6197129909365559 0.8806646525679759 0.04305135951661632 0.052870090634441085
0 0.645392749244713 0.8893504531722054 0.0445619335347432 0.05664652567975831
0 0.6688066465256798 0.8844410876132931 0.0445619335347432 0.055891238670694864
0 0.6975075528700906 0.8851963746223565 0.04154078549848943 0.0513595166163142
0 0.7186555891238671 0.879154078549849 0.04154078549848943 0.04682779456193353
0 0.722809667673716 0.8602719033232629 0.04984894259818731 0.055891238670694864
1 0.7669939577039275 0.8568731117824774 0.05513595166163142 0.04758308157099698
0 0.7496223564954683 0.8727341389728097 0.0445619335347432 0.05513595166163142
0 0.7945619335347432 0.8534743202416919 0.045317220543806644 0.04380664652567976
1 0.8081570996978852 0.8395015105740181 0.04833836858006042 0.04305135951661632
0 0.8289274924471299 0.8372356495468278 0.04003021148036254 0.04607250755287009
0 0.8444108761329305 0.8259063444108762 0.04229607250755287 0.05211480362537765
0 0.8583836858006042 0.8092900302114804 0.04305135951661632 0.05966767371601209
0 0.8931268882175226 0.8255287009063444 0.04154078549848943 0.05740181268882175
0 0.8927492447129909 0.801737160120846 0.045317220543806644 0.04003021148036254
0 0.9180513595166163 0.802870090634441 0.03851963746223565 0.0513595166163142
0 0.9297583081570997 0.7873867069486404 0.04229607250755287 0.05362537764350453
0 0.9501510574018127 0.8051359516616314 0.0377643504531722 0.05740181268882175
0 0.9652567975830816 0.7911631419939577 0.030211480362537763 0.05966767371601209
0 0.9780966767371602 0.7870090634441088 0.03474320241691843 0.061933534743202415
