1 0.08421450151057402 0.014462809917355372 0.06117824773413897 0.03168044077134986
0 0.08534743202416918 0.047520661157024795 0.0634441087613293 0.03443526170798898
1 0.09025679758308157 0.07162534435261708 0.06570996978851963 0.04132231404958678
1 0.08685800604229607 0.10261707988980717 0.05740181268882175 0.045454545454545456
1 0.09327794561933535 0.12327823691460055 0.06419939577039276 0.05096418732782369
1 0.09063444108761329 0.1797520661157025 0.0634441087613293 0.05096418732782369
0 0.08761329305135952 0.24242424242424243 0.06646525679758308 0.049586776859504134
0 0.09365558912386707 0.2796143250688705 0.05891238670694864 0.03856749311294766
1 0.10045317220543806 0.3464187327823692 0.06646525679758308 0.06198347107438017
1 0.10913897280966767 0.37396694214876036 0.06117824773413897 0.048209366391184574
0 0.09025679758308157 0.4696969696969697 0.05060422960725076 0.07162534435261708
0 0.10083081570996978 0.5123966942148761 0.05513595166163142 0.046831955922865015
1 0.11706948640483383 0.5654269972451791 0.05891238670694864 0.0674931129476584
1 0.1283987915407855 0.6294765840220385 0.0513595166163142 0.07162534435261708
1 0.1355740181268882 0.71900826446281 0.05513595166163142 0.08264462809917356
0 0.1469033232628399 0.7734159779614326 0.05664652567975831 0.05647382920110193
1 0.15483383685800603 0.8243801652892562 0.04984894259818731 0.06473829201101929
1 0.1695619335347432 0.859504132231405 0.0445619335347432 0.08264462809917356
1 0.18995468277945618 0.9084022038567493 0.05513595166163142 0.05371900826446281
1 0.20619335347432025 0.9400826446280992 0.05740181268882175 0.06198347107438017
1 0.7749244712990937 0.8643250688705234 0.055891238670694864 0.05922865013774105
1 0.7768126888217523 0.8939393939393939 0.05060422960725076 0.05785123966942149
1 0.6620090634441088 0.8367768595041323 0.05966767371601209 0.045454545454545456
1 0.6631419939577039 0.8670798898071626 0.05740181268882175 0.048209366391184574
1 0.6612537764350453 0.9194214876033058 0.0581570996978852 0.05922865013774105
1 0.665785498489426 0.7506887052341598 0.0581570996978852 0.046831955922865015
0 0.6570996978851964 0.7995867768595042 0.054380664652567974 0.045454545454545456
0 0.6552114803625377 0.5103305785123967 0.06268882175226587 0.04269972451790634
0 0.6616314199395771 0.5606060606060607 0.06948640483383686 0.046831955922865015
1 0.6669184290030211 0.5977961432506887 0.06797583081570997 0.049586776859504134
0 0.654833836858006 0.6225895316804408 0.06797583081570997 0.03581267217630854
1 0.668429003021148 0.6590909090909091 0.061933534743202415 0.07300275482093664
1 0.6389728096676737 0.6646005509641874 0.04380664652567976 0.08953168044077135
1 0.652190332326284 0.01790633608815427 0.06419939577039276 0.030303030303030304
1 0.6227341389728097 0.13774104683195593 0.04003021148036254 0.09917355371900827
1 0.6567220543806647 0.1115702479338843 0.05060422960725076 0.07713498622589532
0 0.645392749244713 0.05371900826446281 0.06419939577039276 0.049586776859504134
1 0.6631419939577039 0.3078512396694215 0.0634441087613293 0.05647382920110193
1 0.6499244712990937 0.25206611570247933 0.06722054380664652 0.06336088154269973
1 0.7617069486404834 0.04338842975206612 0.05664652567975831 0.048209366391184574
0 0.7775679758308157 0.4462809917355372 0.05513595166163142 0.049586776859504134
0 0.775679758308157 0.48140495867768596 0.0513595166163142 0.03994490358126722
0 0.7760574018126888 0.5123966942148761 0.05211480362537765 0.04132231404958678
0 0.7685045317220544 0.5585399449035813 0.05211480362537765 0.03443526170798898
0 0.7749244712990937 0.581267217630854 0.05740181268882175 0.030303030303030304
1 0.7643504531722054 0.6088154269972452 0.0634441087613293 0.030303030303030304
1 0.7647280966767371 0.6439393939393939 0.06722054380664652 0.045454545454545456
0 0.7700151057401813 0.6714876033057852 0.0581570996978852 0.03168044077134986
0 0.7726586102719033 0.6942148760330579 0.055891238670694864 0.030303030303030304
0 0.7681268882175226 0.7107438016528926 0.05740181268882175 0.027548209366391185
0 0.7673716012084593 0.7238292011019284 0.04833836858006042 0.026170798898071626
0 0.7673716012084593 0.7486225895316805 0.052870090634441085 0.0371900826446281
