1 0.027190332326283987 0.1950596252129472 0.04682779456193353 0.056218057921635436
2 0.030589123867069485 0.194633730834753 0.0324773413897281 0.03492333901192504
0 0.888595166163142 0.4067291311754685 0.04154078549848943 0.03321976149914821
0 0.8172205438066465 0.41439522998296424 0.03927492447129909 0.046848381601362864
0 0.8553625377643505 0.4212095400340716 0.04758308157099698 0.03492333901192504
0 0.8319486404833837 0.4514480408858603 0.04909365558912387 0.03747870528109029
0 0.8391238670694864 0.4919080068143101 0.0513595166163142 0.036626916524701875
0 0.8440332326283988 0.6631175468483816 0.05060422960725076 0.03492333901192504
0 0.8395015105740181 0.6882453151618398 0.0445619335347432 0.034071550255536626
0 0.841012084592145 0.7206132879045997 0.04758308157099698 0.04258943781942078
0 0.8383685800604229 0.7542589437819421 0.0513595166163142 0.041737649063032366
0 0.8625377643504532 0.7866269165247018 0.04229607250755287 0.036626916524701875
0 0.8833081570996979 0.8224020442930153 0.04607250755287009 0.03321976149914821
0 0.8859516616314199 0.8377342419080068 0.04229607250755287 0.029812606473594547
0 0.8436555891238671 0.8087734241908007 0.03625377643504532 0.062180579216354344
0 0.8576283987915407 0.8965076660988075 0.0445619335347432 0.0434412265758092
