0 0.22885196374622357 0.3096252129471891 0.0513595166163142 0.08262350936967632
2 0.2209214501510574 0.28407155025553665 0.02945619335347432 0.02129471890971039
2 0.22205438066465258 0.30195911413969334 0.03172205438066465 0.026405451448040886
0 0.3145770392749245 0.184412265758092 0.04909365558912387 0.0706984667802385
2 0.3100453172205438 0.16780238500851788 0.027945619335347432 0.034071550255536626
0 0.2956948640483384 0.551107325383305 0.04909365558912387 0.06984667802385008
2 0.2949395770392749 0.5362010221465077 0.02945619335347432 0.02129471890971039
0 0.3455438066465257 0.4778534923339012 0.05060422960725076 0.08177172061328791
2 0.341012084592145 0.45442930153321975 0.024924471299093656 0.02129471890971039
2 0.34441087613293053 0.4791311754684838 0.03323262839879154 0.036626916524701875
1 0.6805135951661632 0.8424190800681431 0.04229607250755287 0.06984667802385008
1 0.23187311178247735 0.9608177172061328 0.0649546827794562 0.04258943781942078
1 0.22469788519637462 0.9284497444633731 0.07779456193353475 0.06303236797274277
0 0.21148036253776434 0.879045996592845 0.06646525679758308 0.044293015332197615
0 0.2039274924471299 0.8424190800681431 0.0649546827794562 0.044293015332197615
0 0.1967522658610272 0.8121805792163543 0.05211480362537765 0.05025553662691652
0 0.6374622356495468 0.9799829642248723 0.07099697885196375 0.03321976149914821
1 0.5819486404833837 0.813458262350937 0.06722054380664652 0.05110732538330494
0 0.5762839879154078 0.7772572402044293 0.061933534743202415 0.029812606473594547
0 0.5608006042296072 0.7180579216354345 0.06570996978851963 0.03236797274275979
0 0.554380664652568 0.6848381601362862 0.054380664652567974 0.030664395229982964
0 0.9860271903323263 0.38798977853492334 0.02039274924471299 0.05025553662691652
0 0.9746978851963746 0.4109880749574106 0.033987915407854986 0.051959114139693355
0 0.9663897280966768 0.424190800681431 0.03851963746223565 0.04770017035775128
1 0.9493957703927492 0.42972742759795574 0.04984894259818731 0.048551959114139696
0 0.927870090634441 0.44335604770017034 0.04758308157099698 0.046848381601362864
1 0.9052114803625377 0.4488926746166951 0.05060422960725076 0.05281090289608177
0 0.8867069486404834 0.456984667802385 0.03625377643504532 0.04003407155025554
0 0.8591389728096677 0.4514480408858603 0.0445619335347432 0.05281090289608177
0 0.8576283987915407 0.4701873935264055 0.04154078549848943 0.040885860306643956
0 0.8330815709969789 0.4752981260647359 0.0377643504531722 0.05792163543441227
0 0.8089123867069486 0.479557069846678 0.04682779456193353 0.05792163543441227
0 0.08421450151057402 0.5089437819420783 0.027945619335347432 0.05366269165247019
0 0.060045317220543806 0.5140545144804088 0.0324773413897281 0.058773424190800685
1 0.04569486404833837 0.538756388415673 0.02945619335347432 0.04514480408858603
1 0.03209969788519638 0.5417376490630323 0.033987915407854986 0.07155025553662692
1 0.030211480362537763 0.3253833049403748 0.0513595166163142 0.07155025553662692
1 0.10120845921450151 0.2776831345826235 0.05891238670694864 0.03577512776831346
1 0.10158610271903323 0.3100511073253833 0.0445619335347432 0.04599659284497445
1 0.10158610271903323 0.3747870528109029 0.05362537764350453 0.03577512776831346
1 0.0377643504531722 0.015332197614991482 0.04984894259818731 0.03236797274275979
1 0.044939577039274925 0.03747870528109029 0.05513595166163142 0.04258943781942078
1 0.4271148036253776 0.06047700170357751 0.06873111782477341 0.04770017035775128
1 0.463368580060423 0.19761499148211245 0.05513595166163142 0.040885860306643956
1 0.46827794561933533 0.23381601362862012 0.05740181268882175 0.03321976149914821
0 0.09629909365558913 0.34454855195911416 0.06117824773413897 0.0434412265758092
0 0.0891238670694864 0.24787052810902896 0.04682779456193353 0.03236797274275979
0 0.050981873111782476 0.07538330494037479 0.05664652567975831 0.028109028960817718
0 0.05362537764350453 0.1034923339011925 0.05740181268882175 0.03492333901192504
0 0.060422960725075525 0.14395229982964225 0.04078549848942598 0.04258943781942078
0 0.06986404833836858 0.16098807495741058 0.04909365558912387 0.03577512776831346
0 0.07288519637462236 0.1890971039182283 0.04607250755287009 0.030664395229982964
0 0.1129154078549849 0.3909710391822828 0.04758308157099698 0.03236797274275979
0 0.11744712990936555 0.41567291311754684 0.06722054380664652 0.02555366269165247
0 0.11404833836858005 0.4416524701873935 0.04833836858006042 0.04514480408858603
0 0.4916918429003021 0.2764054514480409 0.052870090634441085 0.036626916524701875
0 0.4675226586102719 0.25979557069846676 0.055891238670694864 0.030664395229982964
0 0.49055891238670696 0.29557069846678025 0.0581570996978852 0.039182282793867124
0 0.41654078549848944 0.023424190800681432 0.06268882175226587 0.024701873935264056
0 0.438821752265861 0.11797274275979558 0.04833836858006042 0.028109028960817718
0 0.44637462235649544 0.1354344122657581 0.0634441087613293 0.02385008517887564
0 0.44486404833836857 0.1571550255536627 0.055891238670694864 0.024701873935264056
0 0.45581570996978854 0.16354344122657583 0.0581570996978852 0.03236797274275979
