3 0.24886706948640483 0.05919931856899489 0.1865558912386707 0.10817717206132879
2 0.42107250755287007 0.19761499148211245 0.05362537764350453 0.04940374787052811
2 0.25490936555891236 0.6264906303236797 0.04305135951661632 0.041737649063032366
0 0.1952416918429003 0.65587734241908 0.07477341389728097 0.05792163543441227
0 0.17938066465256797 0.6873935264054515 0.06419939577039276 0.056218057921635436
0 0.17409365558912387 0.7014480408858603 0.06570996978851963 0.05706984667802385
0 0.14614803625377643 0.6997444633730835 0.04758308157099698 0.06047700170357751
0 0.14992447129909364 0.6141396933560477 0.07175226586102719 0.05792163543441227
0 0.10158610271903323 0.6179727427597955 0.04154078549848943 0.062180579216354344
0 0.09063444108761329 0.6328790459965928 0.054380664652567974 0.05110732538330494
0 0.06533232628398791 0.6396933560477002 0.0581570996978852 0.07155025553662692
0 0.04267371601208459 0.653747870528109 0.04909365558912387 0.06729131175468483
0 0.13104229607250756 0.7402044293015332 0.05211480362537765 0.06473594548551959
0 0.10800604229607251 0.7380749574105622 0.0377643504531722 0.06047700170357751
0 0.09063444108761329 0.7436115843270868 0.045317220543806644 0.06814310051107325
0 0.15898791540785498 0.9114139693356048 0.027945619335347432 0.056218057921635436
0 0.1952416918429003 0.9378194207836457 0.04305135951661632 0.06473594548551959
0 0.23225075528700906 0.9382453151618398 0.0324773413897281 0.06729131175468483
0 0.25037764350453173 0.9101362862010222 0.03851963746223565 0.06047700170357751
0 0.2688821752265861 0.8956558773424191 0.0377643504531722 0.06047700170357751
0 0.2824773413897281 0.8777683134582623 0.0377643504531722 0.06047700170357751
0 0.3542296072507553 0.32623509369676323 0.055891238670694864 0.05281090289608177
0 0.395392749244713 0.3164395229982964 0.05211480362537765 0.0434412265758092
1 0.4282477341389728 0.30579216354344124 0.04229607250755287 0.06303236797274277
0 0.4418429003021148 0.29045996592844975 0.0377643504531722 0.06132879045996593
0 0.44939577039274925 0.27385008517887566 0.030211480362537763 0.051959114139693355
1 0.4637462235649547 0.27810902896081774 0.04229607250755287 0.062180579216354344
0 0.49055891238670696 0.26873935264054516 0.04909365558912387 0.07240204429301533
1 0.5094410876132931 0.2610732538330494 0.04154078549848943 0.06047700170357751
1 0.5460725075528701 0.2529812606473595 0.04833836858006042 0.06473594548551959
0 0.5743957703927492 0.260221465076661 0.04154078549848943 0.058773424190800685
1 0.5838368580060423 0.2389267461669506 0.0377643504531722 0.06388415672913117
0 0.597809667673716 0.23466780238500853 0.03700906344410876 0.06047700170357751
0 0.6287764350453172 0.23040885860306645 0.03700906344410876 0.062180579216354344
0 0.6465256797583081 0.22018739352640546 0.03323262839879154 0.062180579216354344
0 0.6627643504531722 0.2125212947189097 0.027945619335347432 0.06047700170357751
0 0.6774924471299094 0.20528109028960817 0.03625377643504532 0.06132879045996593
1 0.6948640483383686 0.19889267461669508 0.03625377643504532 0.05366269165247019
0 0.7175226586102719 0.19931856899488928 0.03474320241691843 0.05792163543441227
0 0.7262084592145015 0.18568994889267462 0.03700906344410876 0.05110732538330494
1 0.7428247734138973 0.1848381601362862 0.035498489425981876 0.05792163543441227
0 0.9527945619335347 0.11499148211243612 0.04607250755287009 0.044293015332197615
0 0.949773413897281 0.09327086882453152 0.04607250755287009 0.0434412265758092
0 0.9720543806646526 0.10093696763202725 0.03172205438066465 0.05366269165247019
1 0.9233383685800605 0.11030664395229983 0.0324773413897281 0.05706984667802385
0 0.8961480362537765 0.12393526405451448 0.02945619335347432 0.05536626916524702
1 0.8772658610271903 0.12308347529812606 0.033987915407854986 0.051959114139693355
0 0.8689577039274925 0.13841567291311754 0.033987915407854986 0.046848381601362864
1 0.8481873111782477 0.14267461669505963 0.03323262839879154 0.05366269165247019
0 0.8334592145015106 0.1469335604770017 0.033987915407854986 0.05366269165247019
0 0.8145770392749244 0.15374787052810904 0.030966767371601207 0.05706984667802385
0 0.800226586102719 0.15459965928449745 0.033987915407854986 0.05366269165247019
0 0.7873867069486404 0.1575809199318569 0.04154078549848943 0.05792163543441227
0 0.7737915407854985 0.16780238500851788 0.0324773413897281 0.054514480408858604
0 0.05060422960725076 0.7649063032367973 0.03625377643504532 0.06643952299829642
0 0.3564954682779456 0.3854344122657581 0.04078549848942598 0.06047700170357751
0 0.02756797583081571 0.3100511073253833 0.04607250755287009 0.06473594548551959
