3 0.7515105740181269 0.5008517887563885 0.13595166163141995 0.2010221465076661
3 0.9622356495468278 0.42206132879046 0.07250755287009064 0.18654173764906304
3 0.5811933534743202 0.5540885860306644 0.13066465256797583 0.20528109028960817
3 0.4112537764350453 0.6324531516183987 0.14274924471299094 0.2223168654173765
3 0.24093655589123866 0.6895229982964225 0.15256797583081572 0.21379897785349233
3 0.061555891238670696 0.2559625212947189 0.12009063444108761 0.2120954003407155
3 0.15974320241691842 0.23040885860306645 0.11858006042296072 0.2018739352640545
3 0.2416918429003021 0.17333901192504259 0.1148036253776435 0.16609880749574105
3 0.4059667673716012 0.1247870528109029 0.13670694864048338 0.20528109028960817
3 0.5166163141993958 0.10093696763202725 0.13897280966767372 0.18654173764906304
3 0.7484894259818731 0.05366269165247019 0.12084592145015105 0.10562180579216354
