2 0.4898036253776435 0.32968277945619334 0.035498489425981876 0.04154078549848943
2 0.4561933534743202 0.31533232628398794 0.0256797583081571 0.02945619335347432
2 0.7413141993957704 0.851963746223565 0.027945619335347432 0.03474320241691843
2 0.7141238670694864 0.7401812688821753 0.0324773413897281 0.0256797583081571
2 0.6680513595166163 0.5944108761329305 0.027945619335347432 0.0256797583081571
1 0.6620090634441088 0.5879909365558912 0.04607250755287009 0.0581570996978852
1 0.7126132930513596 0.7345166163141994 0.04305135951661632 0.06268882175226587
0 0.7356495468277946 0.850453172205438 0.04682779456193353 0.05740181268882175
0 0.43844410876132933 0.3217522658610272 0.02039274924471299 0.0513595166163142
0 0.4206948640483384 0.30249244712990936 0.021148036253776436 0.04305135951661632
0 0.4169184290030212 0.26661631419939574 0.030211480362537763 0.04984894259818731
0 0.4003021148036254 0.2783232628398791 0.03172205438066465 0.04607250755287009
0 0.3783987915407855 0.2583081570996979 0.019637462235649546 0.045317220543806644
0 0.3632930513595166 0.26623867069486407 0.03172205438066465 0.05211480362537765
0 0.3285498489425982 0.27303625377643503 0.0377643504531722 0.06419939577039276
0 0.29607250755287007 0.2620845921450151 0.03474320241691843 0.04984894259818731
0 0.26057401812688824 0.23225075528700906 0.03323262839879154 0.04003021148036254
0 0.26963746223564955 0.26435045317220546 0.030211480362537763 0.04682779456193353
0 0.24093655589123866 0.2685045317220544 0.03172205438066465 0.06419939577039276
1 0.20619335347432025 0.26472809667673713 0.04380664652567976 0.07779456193353475
0 0.16767371601208458 0.311178247734139 0.04078549848942598 0.07250755287009064
0 0.14123867069486404 0.32439577039274925 0.03927492447129909 0.05362537764350453
1 0.11178247734138973 0.28889728096676737 0.027190332326283987 0.06117824773413897
1 0.09856495468277945 0.33534743202416917 0.0324773413897281 0.0634441087613293
0 0.10989425981873112 0.3561178247734139 0.027945619335347432 0.05060422960725076
0 0.0547583081570997 0.37990936555891236 0.0445619335347432 0.0649546827794562
0 0.028323262839879154 0.3938821752265861 0.033987915407854986 0.05060422960725076
1 0.04305135951661632 0.09214501510574018 0.0377643504531722 0.052870090634441085
1 0.01472809667673716 0.09176737160120846 0.024924471299093656 0.05664652567975831
1 0.045317220543806644 0.05740181268882175 0.03625377643504532 0.052870090634441085
0 0.06873111782477341 0.06533232628398791 0.03172205438066465 0.05060422960725076
0 0.07854984894259819 0.04267371601208459 0.027190332326283987 0.04909365558912387
0 0.1027190332326284 0.041918429003021146 0.03323262839879154 0.05211480362537765
1 0.12235649546827794 0.02945619335347432 0.04682779456193353 0.054380664652567974
0 0.15861027190332327 0.026812688821752265 0.04682779456193353 0.04003021148036254
0 0.18768882175226587 0.024546827794561934 0.0324773413897281 0.04758308157099698
