3 0.20808157099697885 0.3406344410876133 0.13217522658610273 0.18882175226586104
3 0.30513595166163143 0.5623111782477341 0.1540785498489426 0.2001510574018127
3 0.7466012084592145 0.952416918429003 0.10196374622356495 0.08308157099697885
2 0.6608761329305136 0.7307401812688822 0.04682779456193353 0.05966767371601209
0 0.30362537764350456 0.7450906344410876 0.0634441087613293 0.08534743202416918
0 0.26586102719033233 0.7443353474320241 0.04380664652567976 0.07477341389728097
0 0.2394259818731118 0.7688821752265861 0.04380664652567976 0.07250755287009064
0 0.19222054380664652 0.7722809667673716 0.05362537764350453 0.06873111782477341
0 0.16049848942598188 0.7888972809667674 0.04607250755287009 0.06570996978851963
0 0.13595166163141995 0.7987160120845922 0.04833836858006042 0.06873111782477341
0 0.12197885196374622 0.8108006042296072 0.05362537764350453 0.06873111782477341
0 0.09743202416918428 0.8225075528700906 0.055891238670694864 0.07250755287009064
