0 0.6723107569721115 0.6797520661157025 0.13346613545816732 0.07851239669421488
0 0.7181274900398407 0.5964187327823691 0.1454183266932271 0.04132231404958678
0 0.7430278884462151 0.5606060606060607 0.14741035856573706 0.049586776859504134
0 0.7280876494023905 0.5330578512396694 0.14940239043824702 0.049586776859504134
1 0.701195219123506 0.4951790633608816 0.11952191235059761 0.05922865013774105
0 0.703187250996016 0.453168044077135 0.14741035856573706 0.0440771349862259
0 0.6782868525896414 0.4297520661157025 0.13346613545816732 0.049586776859504134
0 0.6812749003984063 0.3856749311294766 0.16334661354581673 0.05785123966942149
0 0.6573705179282868 0.34228650137741046 0.16334661354581673 0.05371900826446281
0 0.6533864541832669 0.30578512396694213 0.1553784860557769 0.05234159779614325
1 0.6205179282868526 0.12672176308539945 0.14143426294820716 0.09917355371900827
0 0.6364541832669323 0.19421487603305787 0.16135458167330677 0.049586776859504134
0 0.6195219123505976 0.2334710743801653 0.14342629482071712 0.03994490358126722
0 0.6314741035856574 0.26239669421487605 0.1394422310756972 0.045454545454545456
