0 0.42900302114803623 0.3960817717206133 0.03927492447129909 0.06132879045996593
0 0.47583081570996977 0.4071550255536627 0.01661631419939577 0.06303236797274277
0 0.5030211480362538 0.4131175468483816 0.028700906344410877 0.06984667802385008
0 0.5317220543806647 0.42206132879046 0.028700906344410877 0.075809199318569
0 0.5717522658610272 0.4271720613287905 0.03172205438066465 0.06899488926746167
0 0.6117824773413897 0.4629471890971039 0.027190332326283987 0.06729131175468483
1 0.5883685800604229 0.4518739352640545 0.02416918429003021 0.06729131175468483
0 0.5755287009063444 0.639267461669506 0.02416918429003021 0.06729131175468483
0 0.5373867069486404 0.6260647359454855 0.027945619335347432 0.07495741056218058
0 0.5120845921450151 0.6149914821124361 0.03927492447129909 0.08347529812606473
0 0.4641238670694864 0.571550255536627 0.02945619335347432 0.07836456558773425
0 0.436178247734139 0.5706984667802385 0.0324773413897281 0.07836456558773425
0 0.4070996978851964 0.5711243611584327 0.028700906344410877 0.08603066439522998
0 0.3806646525679758 0.5647359454855196 0.03323262839879154 0.07836456558773425
0 0.35536253776435045 0.561328790459966 0.023413897280966767 0.07836456558773425
0 0.33496978851963743 0.5528109028960818 0.030966767371601207 0.07495741056218058
0 0.3130664652567976 0.5545144804088586 0.02945619335347432 0.08347529812606473
0 0.27794561933534745 0.543015332197615 0.03625377643504532 0.07240204429301533
0 0.25415407854984895 0.5383304940374787 0.04154078549848943 0.06984667802385008
1 0.22545317220543806 0.5340715502555367 0.0324773413897281 0.06984667802385008
2 0.030966767371601207 0.7321124361158433 0.03927492447129909 0.048551959114139696
0 0.11102719033232629 0.5170357751277683 0.03474320241691843 0.08006814310051108
0 0.13708459214501512 0.5332197614991482 0.02945619335347432 0.07325383304940375
0 0.1623867069486405 0.5319420783645656 0.021148036253776436 0.0809199318568995
0 0.18013595166163143 0.5336456558773425 0.026435045317220542 0.0706984667802385
0 0.1986404833836858 0.545144804088586 0.02416918429003021 0.07495741056218058
0 0.2122356495468278 0.530664395229983 0.028700906344410877 0.07495741056218058
0 0.07061933534743202 0.5264054514480409 0.02945619335347432 0.054514480408858604
0 0.05626888217522659 0.524701873935264 0.035498489425981876 0.06814310051107325
0 0.047960725075528704 0.5413117546848382 0.035498489425981876 0.051959114139693355
0 0.02416918429003021 0.5353492333901193 0.03323262839879154 0.05706984667802385
0 0.015483383685800604 0.5528109028960818 0.0324773413897281 0.04940374787052811
1 0.3938821752265861 0.4007666098807496 0.023413897280966767 0.0706984667802385
1 0.36631419939577037 0.3965076660988075 0.027190332326283987 0.06899488926746167
1 0.08761329305135952 0.36626916524701875 0.027190332326283987 0.07325383304940375
0 0.10725075528700906 0.3649914821124361 0.022658610271903322 0.06729131175468483
0 0.12122356495468278 0.37265758091993184 0.02190332326283988 0.062180579216354344
0 0.1401057401812689 0.3666950596252129 0.024924471299093656 0.065587734241908
0 0.16389728096676737 0.370954003407155 0.019637462235649546 0.06388415672913117
0 0.1816465256797583 0.3756388415672913 0.02190332326283988 0.06814310051107325
0 0.2054380664652568 0.37350936967632026 0.027190332326283987 0.06899488926746167
0 0.23376132930513596 0.3820272572402044 0.023413897280966767 0.07410562180579217
0 0.25037764350453173 0.3803236797274276 0.02945619335347432 0.06388415672913117
0 0.3228851963746224 0.38884156729131175 0.026435045317220542 0.0809199318568995
0 0.2994712990936556 0.39182282793867124 0.023413897280966767 0.06984667802385008
0 0.05513595166163142 0.35562180579216357 0.0377643504531722 0.075809199318569
0 0.02190332326283988 0.3492333901192504 0.021148036253776436 0.07325383304940375
0 0.0547583081570997 0.8385860306643952 0.07930513595166164 0.036626916524701875
0 0.09629909365558913 0.8828790459965928 0.07628398791540786 0.02129471890971039
0 0.08345921450151057 0.8624361158432708 0.08383685800604229 0.02129471890971039
0 0.09478851963746224 0.9092844974446337 0.09138972809667674 0.028109028960817718
0 0.11064954682779456 0.9437819420783646 0.08534743202416918 0.028960817717206135
0 0.12046827794561933 0.9770017035775128 0.09290030211480363 0.030664395229982964
