0 0.5249244712990937 0.07590634441087614 0.04833836858006042 0.06268882175226587
0 0.5725075528700906 0.0770392749244713 0.0377643504531722 0.0649546827794562
0 0.5962990936555891 0.09327794561933535 0.035498489425981876 0.05513595166163142
0 0.6212235649546828 0.0804380664652568 0.04909365558912387 0.06117824773413897
0 0.6529456193353474 0.0702416918429003 0.04003021148036254 0.06646525679758308
0 0.7205438066465257 0.4369335347432024 0.04380664652567976 0.06268882175226587
0 0.7503776435045317 0.41918429003021146 0.04003021148036254 0.0634441087613293
0 0.7726586102719033 0.4131419939577039 0.03625377643504532 0.06646525679758308
0 0.800226586102719 0.4025679758308157 0.03851963746223565 0.061933534743202415
0 0.8183534743202416 0.629154078549849 0.04305135951661632 0.0649546827794562
0 0.8455438066465257 0.6121601208459214 0.033987915407854986 0.05664652567975831
0 0.8810422960725075 0.6027190332326284 0.04607250755287009 0.0634441087613293
1 0.5033987915407855 0.5638217522658611 0.05664652567975831 0.05513595166163142
1 0.5279456193353474 0.5472054380664653 0.04380664652567976 0.06419939577039276
1 0.4324018126888218 0.452416918429003 0.06419939577039276 0.0513595166163142
1 0.6174471299093656 0.7575528700906344 0.06419939577039276 0.04984894259818731
1 0.6336858006042296 0.7632175226586103 0.055891238670694864 0.05362537764350453
1 0.676737160120846 0.7911631419939577 0.04833836858006042 0.04758308157099698
1 0.6646525679758308 0.8421450151057401 0.060422960725075525 0.04380664652567976
