0 0.5075528700906344 0.4490181268882175 0.03927492447129909 0.06722054380664652
0 0.463368580060423 0.46941087613293053 0.05211480362537765 0.06419939577039276
0 0.39992447129909364 0.5060422960725075 0.03700906344410876 0.07401812688821752
1 0.36253776435045315 0.5196374622356495 0.03474320241691843 0.05740181268882175
1 0.34629909365558914 0.5237915407854985 0.027945619335347432 0.0581570996978852
1 0.32779456193353473 0.5302114803625377 0.045317220543806644 0.055891238670694864
1 0.30891238670694865 0.5396525679758308 0.04078549848942598 0.0581570996978852
1 0.283987915407855 0.5498489425981873 0.045317220543806644 0.055891238670694864
0 0.27794561933534745 0.6718277945619335 0.0377643504531722 0.06419939577039276
0 0.31797583081570996 0.6672960725075529 0.03172205438066465 0.06268882175226587
0 0.3474320241691843 0.6642749244712991 0.03927492447129909 0.06117824773413897
0 0.38255287009063443 0.6499244712990937 0.03700906344410876 0.06117824773413897
0 0.41465256797583083 0.6355740181268882 0.027190332326283987 0.07930513595166164
0 0.43580060422960726 0.6310422960725075 0.022658610271903322 0.06419939577039276
0 0.45657099697885195 0.6238670694864048 0.026435045317220542 0.05740181268882175
0 0.47658610271903323 0.6159365558912386 0.028700906344410877 0.06570996978851963
0 0.49584592145015105 0.599320241691843 0.0324773413897281 0.06722054380664652
0 0.5166163141993958 0.5857250755287009 0.030211480362537763 0.06268882175226587
0 0.5415407854984894 0.581570996978852 0.030211480362537763 0.06646525679758308
0 0.5672205438066465 0.5785498489425982 0.03172205438066465 0.061933534743202415
0 0.5932779456193353 0.5509818731117825 0.035498489425981876 0.06570996978851963
0 0.6200906344410876 0.5358761329305136 0.04984894259818731 0.05664652567975831
1 0.6593655589123867 0.5283232628398792 0.0377643504531722 0.08081570996978851
0 0.6846676737160121 0.5192598187311178 0.033987915407854986 0.06268882175226587
0 0.709214501510574 0.5083081570996979 0.0256797583081571 0.061933534743202415
1 0.7435800604229608 0.48678247734138974 0.030966767371601207 0.06419939577039276
0 0.8066465256797583 0.4735649546827795 0.045317220543806644 0.04833836858006042
1 0.8444108761329305 0.46941087613293053 0.04078549848942598 0.0581570996978852
0 0.8848187311178247 0.43051359516616317 0.035498489425981876 0.05891238670694864
1 0.9222054380664653 0.43013595166163143 0.0513595166163142 0.06722054380664652
0 0.9611027190332326 0.4131419939577039 0.030966767371601207 0.05891238670694864
0 0.9882930513595166 0.40294561933534745 0.0188821752265861 0.04909365558912387
0 0.9856495468277946 0.5691087613293051 0.02416918429003021 0.06268882175226587
0 0.9577039274924471 0.595166163141994 0.045317220543806644 0.04833836858006042
0 0.9222054380664653 0.6008308157099698 0.03625377643504532 0.06570996978851963
0 0.7820996978851964 0.6654078549848943 0.04305135951661632 0.052870090634441085
1 0.7360271903323263 0.6733383685800605 0.0445619335347432 0.05664652567975831
0 0.7209214501510574 0.6963746223564955 0.04305135951661632 0.05891238670694864
0 0.6876888217522659 0.709214501510574 0.04607250755287009 0.04984894259818731
0 0.6563444108761329 0.7148791540785498 0.04833836858006042 0.05664652567975831
0 0.6106495468277946 0.7345166163141994 0.05211480362537765 0.05060422960725076
1 0.5819486404833837 0.7454682779456193 0.05060422960725076 0.061933534743202415
0 0.5479607250755287 0.763595166163142 0.04607250755287009 0.052870090634441085
0 0.524546827794562 0.7779456193353474 0.035498489425981876 0.0513595166163142
0 0.5094410876132931 0.7809667673716012 0.03851963746223565 0.0513595166163142
0 0.47847432024169184 0.7870090634441088 0.0445619335347432 0.055891238670694864
1 0.45392749244712993 0.7983383685800605 0.04833836858006042 0.05891238670694864
0 0.43466767371601206 0.8145770392749244 0.04003021148036254 0.04909365558912387
1 0.40105740181268884 0.8198640483383686 0.04380664652567976 0.05362537764350453
1 0.3851963746223565 0.8285498489425982 0.03172205438066465 0.04984894259818731
0 0.361404833836858 0.8338368580060423 0.035498489425981876 0.055891238670694864
0 0.3387462235649547 0.8364803625377644 0.033987915407854986 0.0445619335347432
0 0.32099697885196377 0.8413897280966768 0.04229607250755287 0.04078549848942598
0 0.2998489425981873 0.8568731117824774 0.04682779456193353 0.05211480362537765
0 0.28512084592145015 0.8674471299093656 0.04607250755287009 0.05211480362537765
0 0.270392749244713 0.8806646525679759 0.03927492447129909 0.0513595166163142
0 0.24471299093655588 0.8829305135951662 0.04380664652567976 0.04833836858006042
0 0.229607250755287 0.8935045317220544 0.045317220543806644 0.052870090634441085
1 0.2039274924471299 0.8984138972809668 0.05740181268882175 0.04758308157099698
0 0.17560422960725075 0.9037009063444109 0.05211480362537765 0.05060422960725076
0 0.13255287009063443 0.9191842900302115 0.033987915407854986 0.05891238670694864
0 0.09743202416918428 0.9222054380664653 0.0513595166163142 0.04380664652567976
0 0.08874622356495468 0.9463746223564955 0.04909365558912387 0.0513595166163142
0 0.054003021148036255 0.952416918429003 0.04758308157099698 0.04078549848942598
0 0.05211480362537765 0.9750755287009063 0.054380664652567974 0.045317220543806644
