3 0.2518882175226586 0.12235649546827794 0.20166163141993956 0.10120845921450151
3 0.33496978851963743 0.4981117824773414 0.19259818731117825 0.09441087613293052
3 0.5241691842900302 0.4962235649546828 0.19637462235649547 0.09365558912386707
3 0.9003021148036254 0.49509063444108764 0.17522658610271905 0.08836858006042296
3 0.1665407854984894 0.7613293051359517 0.08987915407854985 0.18429003021148035
3 0.30362537764350456 0.8999244712990937 0.08157099697885196 0.1608761329305136
0 0.2930513595166163 0.622356495468278 0.06797583081570997 0.03927492447129909
0 0.2824773413897281 0.6703172205438066 0.055891238670694864 0.05211480362537765
0 0.2654833836858006 0.18202416918429004 0.05664652567975831 0.028700906344410877
0 0.26661631419939574 0.20732628398791542 0.060422960725075525 0.027945619335347432
0 0.2556646525679758 0.23338368580060423 0.04909365558912387 0.027190332326283987
0 0.2753021148036254 0.25037764350453173 0.06268882175226587 0.02945619335347432
0 0.25944108761329304 0.2753021148036254 0.06268882175226587 0.027945619335347432
0 0.27681268882175225 0.29531722054380666 0.06570996978851963 0.028700906344410877
2 0.15143504531722055 0.35876132930513593 0.04607250755287009 0.03474320241691843
2 0.06533232628398791 0.48036253776435045 0.026435045317220542 0.02416918429003021
2 0.07515105740181269 0.48867069486404835 0.033987915407854986 0.019637462235649546
2 0.8583836858006042 0.43051359516616317 0.0324773413897281 0.028700906344410877
2 0.9478851963746223 0.3723564954682779 0.0377643504531722 0.03172205438066465
2 0.9478851963746223 0.408987915407855 0.030211480362537763 0.02945619335347432
2 0.9731873111782477 0.4176737160120846 0.04305135951661632 0.03474320241691843
