0 0.6578549848942599 0.5015105740181269 0.11933534743202417 0.16163141993957703
0 0.10649546827794562 0.1095166163141994 0.11178247734138973 0.10876132930513595
0 0.19750755287009064 0.15256797583081572 0.05664652567975831 0.04078549848942598
0 0.2088368580060423 0.17560422960725075 0.04758308157099698 0.0324773413897281
0 0.2190332326283988 0.19599697885196374 0.055891238670694864 0.030966767371601207
0 0.23338368580060423 0.2156344410876133 0.052870090634441085 0.0324773413897281
0 0.25415407854984895 0.24282477341389727 0.05966767371601209 0.0445619335347432
0 0.26321752265861026 0.2790785498489426 0.05060422960725076 0.04154078549848943
0 0.2700151057401813 0.3081570996978852 0.04909365558912387 0.04380664652567976
0 0.27794561933534745 0.3357250755287009 0.04682779456193353 0.0324773413897281
0 0.286631419939577 0.36895770392749244 0.05211480362537765 0.03700906344410876
0 0.29682779456193353 0.3867069486404834 0.0634441087613293 0.03927492447129909
0 0.30173716012084595 0.4093655589123867 0.0445619335347432 0.03625377643504532
0 0.31910876132930516 0.4297583081570997 0.0445619335347432 0.03927492447129909
0 0.32439577039274925 0.47507552870090636 0.06419939577039276 0.01661631419939577
0 0.3496978851963746 0.4966012084592145 0.055891238670694864 0.023413897280966767
1 0.39161631419939574 0.9512839879154078 0.05664652567975831 0.0445619335347432
0 0.36555891238670696 0.8833081570996979 0.04833836858006042 0.04305135951661632
0 0.9780966767371602 0.47847432024169184 0.022658610271903322 0.04909365558912387
0 0.9637462235649547 0.48564954682779454 0.02416918429003021 0.04682779456193353
0 0.9373111782477341 0.520392749244713 0.019637462235649546 0.04229607250755287
0 0.8991691842900302 0.5351208459214502 0.0324773413897281 0.05060422960725076
1 0.8746223564954683 0.5487160120845922 0.027190332326283987 0.05513595166163142
1 0.8595166163141994 0.5540030211480362 0.03172205438066465 0.05060422960725076
1 0.8436555891238671 0.5653323262839879 0.03474320241691843 0.05211480362537765
1 0.8236404833836858 0.5762839879154078 0.030966767371601207 0.054380664652567974
1 0.7424471299093656 0.6242447129909365 0.022658610271903322 0.05664652567975831
1 0.7556646525679759 0.6163141993957704 0.024924471299093656 0.04984894259818731
1 0.7832326283987915 0.6057401812688822 0.021148036253776436 0.05891238670694864
1 0.804380664652568 0.5974320241691843 0.019637462235649546 0.052870090634441085
1 0.7194108761329305 0.6336858006042296 0.027945619335347432 0.045317220543806644
1 0.47696374622356497 0.9391993957703928 0.06722054380664652 0.0445619335347432
0 0.48867069486404835 0.9822507552870091 0.04833836858006042 0.0324773413897281
1 0.45317220543806647 0.8908610271903323 0.0634441087613293 0.035498489425981876
1 0.44410876132930516 0.849320241691843 0.0513595166163142 0.026435045317220542
0 0.45392749244712993 0.8704682779456193 0.052870090634441085 0.023413897280966767
0 0.4425981873111782 0.8243957703927492 0.04833836858006042 0.02945619335347432
0 0.4195619335347432 0.7862537764350453 0.05664652567975831 0.028700906344410877
0 0.40823262839879154 0.7620845921450151 0.05513595166163142 0.021148036253776436
1 0.4127643504531722 0.7447129909365559 0.06419939577039276 0.02416918429003021
0 0.3987915407854985 0.7330060422960725 0.04682779456193353 0.02945619335347432
1 0.40181268882175225 0.702416918429003 0.04984894259818731 0.03625377643504532
1 0.39463746223564955 0.6854229607250756 0.05211480362537765 0.033987915407854986
2 0.3632930513595166 0.6706948640483383 0.022658610271903322 0.022658610271903322
0 0.3859516616314199 0.6638972809667674 0.045317220543806644 0.030211480362537763
1 0.37273413897280966 0.6389728096676737 0.05664652567975831 0.03625377643504532
1 0.36706948640483383 0.6197129909365559 0.052870090634441085 0.0324773413897281
1 0.3512084592145015 0.604607250755287 0.04984894259818731 0.033987915407854986
0 0.3493202416918429 0.5551359516616314 0.07628398791540786 0.04984894259818731
0 0.347809667673716 0.5215256797583081 0.06873111782477341 0.02039274924471299
0 0.34516616314199394 0.5823262839879154 0.06797583081570997 0.0256797583081571
