3 0.18240181268882175 0.4889267461669506 0.13066465256797583 0.25042589437819424
0 0.29229607250755285 0.36712095400340716 0.0634441087613293 0.04940374787052811
0 0.29682779456193353 0.33943781942078366 0.060422960725075525 0.041737649063032366
0 0.3255287009063444 0.2989778534923339 0.0770392749244713 0.05281090289608177
0 0.3568731117824773 0.24403747870528109 0.04758308157099698 0.0434412265758092
0 0.3848187311178248 0.22657580919931858 0.0581570996978852 0.04770017035775128
0 0.21978851963746224 0.07921635434412266 0.06646525679758308 0.03747870528109029
0 0.14501510574018128 0.05919931856899489 0.0513595166163142 0.0434412265758092
0 0.24018126888217523 0.05110732538330494 0.052870090634441085 0.022146507666098807
0 0.28700906344410876 0.08560477001703577 0.061933534743202415 0.031516183986371384
0 0.3066465256797583 0.05281090289608177 0.060422960725075525 0.02555366269165247
0 0.3270392749244713 0.029386712095400343 0.06797583081570997 0.03492333901192504
0 0.10649546827794562 0.20996592844974446 0.09214501510574018 0.029812606473594547
0 0.10838368580060423 0.26490630323679726 0.07175226586102719 0.03236797274275979
0 0.02379154078549849 0.40332197614991483 0.04607250755287009 0.03321976149914821
0 0.03172205438066465 0.37862010221465076 0.04682779456193353 0.03321976149914821
0 0.05740181268882175 0.3649914821124361 0.05740181268882175 0.036626916524701875
0 0.0736404833836858 0.3390119250425894 0.06873111782477341 0.04770017035775128
0 0.4206948640483384 0.17206132879045996 0.05891238670694864 0.03747870528109029
0 0.4395770392749245 0.1354344122657581 0.061933534743202415 0.04940374787052811
0 0.44486404833836857 0.1030664395229983 0.0513595166163142 0.03577512776831346
0 0.4626132930513595 0.08177172061328791 0.05362537764350453 0.03747870528109029
0 0.4724320241691843 0.06260647359454856 0.05211480362537765 0.048551959114139696
0 0.504154078549849 0.04045996592844975 0.04154078549848943 0.04514480408858603
0 0.5302114803625377 0.031516183986371384 0.04833836858006042 0.05281090289608177
0 0.5608006042296072 0.02512776831345826 0.04154078549848943 0.0434412265758092
