1 0.017749244712990938 0.8946374622356495 0.03700906344410876 0.06419939577039276
0 0.046450151057401814 0.8833081570996979 0.04305135951661632 0.05362537764350453
0 0.07854984894259819 0.8814199395770392 0.055891238670694864 0.05891238670694864
1 0.44599697885196377 0.756797583081571 0.05966767371601209 0.0634441087613293
1 0.5268126888217523 0.7148791540785498 0.06722054380664652 0.04305135951661632
1 0.6329305135951662 0.7039274924471299 0.05891238670694864 0.04682779456193353
0 0.6733383685800605 0.6895770392749244 0.05060422960725076 0.05740181268882175
0 0.720166163141994 0.6771148036253777 0.0445619335347432 0.06268882175226587
1 0.7862537764350453 0.6623867069486404 0.06948640483383686 0.055891238670694864
0 0.8213746223564955 0.629154078549849 0.04003021148036254 0.0513595166163142
1 0.8576283987915407 0.6023413897280967 0.07175226586102719 0.04909365558912387
1 0.8855740181268882 0.6023413897280967 0.06117824773413897 0.05664652567975831
1 0.9044561933534743 0.5940332326283988 0.0581570996978852 0.06419939577039276
1 0.9558157099697885 0.5566465256797583 0.06873111782477341 0.05891238670694864
0 0.9584592145015106 0.6008308157099698 0.060422960725075525 0.030966767371601207
0 0.9165407854984894 0.7749244712990937 0.04607250755287009 0.06797583081570997
0 0.9448640483383686 0.7688821752265861 0.0377643504531722 0.07250755287009064
0 0.974320241691843 0.7552870090634441 0.04229607250755287 0.061933534743202415
0 0.8991691842900302 0.9093655589123867 0.05211480362537765 0.0513595166163142
1 0.850453172205438 0.9380664652567976 0.06948640483383686 0.03625377643504532
0 0.804380664652568 0.9214501510574018 0.0377643504531722 0.0649546827794562
1 0.7537764350453172 0.9358006042296072 0.05891238670694864 0.055891238670694864
1 0.6801359516616314 0.9645015105740181 0.05966767371601209 0.05740181268882175
0 0.611404833836858 0.972809667673716 0.030966767371601207 0.04984894259818731
0 0.5793051359516617 0.9758308157099698 0.0377643504531722 0.04380664652567976
