0 0.911839863713799 0.3950151057401813 0.05025553662691652 0.04833836858006042
2 0.7815161839863713 0.5396525679758308 0.046848381601362864 0.033987915407854986
2 0.7572402044293015 0.49962235649546827 0.04940374787052811 0.026435045317220542
0 0.5868824531516184 0.3889728096676737 0.04770017035775128 0.052870090634441085
1 0.5038330494037478 0.3795317220543807 0.0434412265758092 0.06268882175226587
0 0.4846678023850085 0.3765105740181269 0.02385008517887564 0.05211480362537765
0 0.4505962521294719 0.37990936555891236 0.040885860306643956 0.052870090634441085
0 0.3871379897785349 0.3859516616314199 0.058773424190800685 0.04078549848942598
1 0.38458262350936967 0.35196374622356497 0.06047700170357751 0.0256797583081571
0 0.3858603066439523 0.3330815709969788 0.05281090289608177 0.021148036253776436
0 0.3833049403747871 0.3047583081570997 0.059625212947189095 0.023413897280966767
0 0.3850085178875639 0.2824773413897281 0.056218057921635436 0.021148036253776436
0 0.39182282793867124 0.2564199395770393 0.05281090289608177 0.027945619335347432
3 0.11669505962521295 0.654833836858006 0.08858603066439523 0.16012084592145015
3 0.1034923339011925 0.8904833836858006 0.0809199318568995 0.13444108761329304
