0 0.03814199395770393 0.7930513595166163 0.0702416918429003 0.03927492447129909
0 0.054380664652567974 0.8311933534743202 0.0755287009063444 0.04003021148036254
0 0.0702416918429003 0.8761329305135952 0.07401812688821752 0.03474320241691843
0 0.07741691842900301 0.9154078549848943 0.07326283987915408 0.0377643504531722
0 0.5562688821752266 0.9773413897280967 0.0324773413897281 0.04229607250755287
0 0.5944108761329305 0.9690332326283988 0.04682779456193353 0.05740181268882175
0 0.6268882175226587 0.9588368580060423 0.04078549848942598 0.05966767371601209
1 0.6503021148036254 0.9475075528700906 0.04380664652567976 0.0581570996978852
0 0.6695619335347432 0.9271148036253777 0.030966767371601207 0.06117824773413897
0 0.6873111782477341 0.9463746223564955 0.03625377643504532 0.06948640483383686
0 0.7069486404833837 0.9040785498489426 0.03474320241691843 0.05891238670694864
1 0.7126132930513596 0.926737160120846 0.03851963746223565 0.06948640483383686
0 0.7379154078549849 0.9059667673716012 0.030211480362537763 0.06570996978851963
1 0.7594410876132931 0.9063444108761329 0.03851963746223565 0.06797583081570997
1 0.7892749244712991 0.8893504531722054 0.028700906344410877 0.06722054380664652
0 0.7737915407854985 0.8610271903323263 0.030966767371601207 0.061933534743202415
0 0.797583081570997 0.8625377643504532 0.03172205438066465 0.060422960725075525
2 0.7511329305135952 0.8119335347432024 0.04607250755287009 0.030211480362537763
0 0.8357250755287009 0.8553625377643505 0.03700906344410876 0.06570996978851963
1 0.8576283987915407 0.8338368580060423 0.03851963746223565 0.08761329305135952
0 0.8768882175226587 0.830060422960725 0.03172205438066465 0.07401812688821752
0 0.9101208459214502 0.80702416918429 0.03927492447129909 0.05966767371601209
0 0.9452416918429003 0.7983383685800605 0.0445619335347432 0.054380664652567974
0 0.9493957703927492 0.8395015105740181 0.04833836858006042 0.05664652567975831
0 0.974320241691843 0.7926737160120846 0.03927492447129909 0.06268882175226587
