0 0.41733067729083667 0.5838368580060423 0.08167330677290836 0.04682779456193353
0 0.33167330677290835 0.5796827794561934 0.08964143426294821 0.04909365558912387
0 0.3097609561752988 0.6008308157099698 0.09760956175298804 0.04154078549848943
0 0.2749003984063745 0.6098942598187311 0.08764940239043825 0.04607250755287009
0 0.23207171314741035 0.6095166163141994 0.09362549800796813 0.04380664652567976
0 0.20617529880478086 0.6257552870090635 0.08964143426294821 0.05060422960725076
0 0.16135458167330677 0.6351963746223565 0.0796812749003984 0.04682779456193353
0 0.11553784860557768 0.6427492447129909 0.06772908366533864 0.04380664652567976
1 0.08665338645418326 0.6510574018126888 0.10956175298804781 0.04682779456193353
1 0.046812749003984064 0.6616314199395771 0.07768924302788845 0.04682779456193353
