0 0.5672205438066465 0.5272572402044293 0.08006042296072508 0.06643952299829642
0 0.5962990936555891 0.5651618398637138 0.06722054380664652 0.041737649063032366
0 0.6178247734138973 0.5966780238500852 0.08761329305135952 0.048551959114139696
0 0.6280211480362538 0.6601362862010222 0.09290030211480363 0.04599659284497445
0 0.6416163141993958 0.7074105621805792 0.08685800604229607 0.041737649063032366
0 0.6582326283987915 0.739778534923339 0.09290030211480363 0.0434412265758092
0 0.6544561933534743 0.7657580919931857 0.07175226586102719 0.044293015332197615
0 0.6646525679758308 0.7921635434412266 0.0770392749244713 0.03236797274275979
0 0.6740936555891238 0.8249574105621806 0.07779456193353475 0.048551959114139696
0 0.6790030211480362 0.8568994889267462 0.08157099697885196 0.04599659284497445
0 0.698262839879154 0.8977853492333902 0.08836858006042296 0.04258943781942078
0 0.7126132930513596 0.9450596252129472 0.07930513595166164 0.05366269165247019
0 0.7246978851963746 0.9770017035775128 0.08534743202416918 0.03236797274275979
0 0.6336858006042296 0.11073253833049404 0.0770392749244713 0.034071550255536626
0 0.6325528700906344 0.14224872231686542 0.09290030211480363 0.03577512776831346
0 0.6159365558912386 0.07453151618398637 0.08685800604229607 0.03492333901192504
0 0.5981873111782477 0.05238500851788756 0.09667673716012085 0.04003407155025554
0 0.6450151057401813 0.17248722316865417 0.09365558912386707 0.04003407155025554
0 0.6510574018126888 0.2074105621805792 0.07401812688821752 0.05025553662691652
0 0.6790030211480362 0.2538330494037479 0.10120845921450151 0.04599659284497445
1 0.6786253776435045 0.2921635434412266 0.08685800604229607 0.034071550255536626
1 0.6861782477341389 0.3113287904599659 0.09743202416918428 0.031516183986371384
0 0.6944864048338368 0.32921635434412266 0.10045317220543806 0.036626916524701875
0 0.7273413897280967 0.4488926746166951 0.08761329305135952 0.02555366269165247
0 0.7307401812688822 0.4727427597955707 0.0823262839879154 0.03577512776831346
1 0.706570996978852 0.3901192504258944 0.10196374622356495 0.04770017035775128
0 0.6993957703927492 0.356473594548552 0.0755287009063444 0.036626916524701875
1 0.7382930513595166 0.49744463373083475 0.08685800604229607 0.05110732538330494
1 0.7428247734138973 0.534923339011925 0.10347432024169184 0.03577512776831346
1 0.7632175226586103 0.5749574105621806 0.08534743202416918 0.054514480408858604
1 0.7753021148036254 0.6068994889267462 0.0823262839879154 0.0434412265758092
0 0.8024924471299094 0.6869676320272573 0.07477341389728097 0.029812606473594547
0 0.8085347432024169 0.7112436115843271 0.08534743202416918 0.02555366269165247
0 0.8119335347432024 0.7244463373083475 0.08157099697885196 0.03321976149914821
0 0.8285498489425982 0.7465928449744463 0.07099697885196375 0.03321976149914821
0 0.8311933534743202 0.7836456558773425 0.08383685800604229 0.044293015332197615
0 0.8587613293051359 0.8151618398637138 0.07854984894259819 0.04940374787052811
0 0.8663141993957704 0.8662691652470188 0.07854984894259819 0.030664395229982964
0 0.8848187311178247 0.8977853492333902 0.0823262839879154 0.03577512776831346
0 0.8946374622356495 0.959114139693356 0.0823262839879154 0.030664395229982964
0 0.9086102719033232 0.981686541737649 0.06646525679758308 0.026405451448040886
