1 0.037386706948640484 0.14522998296422487 0.04154078549848943 0.0809199318568995
0 0.05777945619335347 0.27938671209540034 0.03851963746223565 0.06643952299829642
0 0.14312688821752265 0.3632879045996593 0.035498489425981876 0.062180579216354344
0 0.1163141993957704 0.37947189097103917 0.04380664652567976 0.065587734241908
0 0.08421450151057402 0.3701022146507666 0.04305135951661632 0.05366269165247019
0 0.052492447129909366 0.4071550255536627 0.027945619335347432 0.06643952299829642
1 0.02152567975830816 0.41439522998296424 0.04305135951661632 0.06899488926746167
0 0.026435045317220542 0.31729131175468483 0.03927492447129909 0.06899488926746167
0 0.2598187311178248 0.6588586030664395 0.04380664652567976 0.06729131175468483
1 0.23716012084592145 0.666098807495741 0.04833836858006042 0.06643952299829642
1 0.10385196374622356 0.7589437819420783 0.0445619335347432 0.06814310051107325
1 0.3021148036253776 0.8841567291311755 0.03625377643504532 0.06473594548551959
0 0.21525679758308158 0.6797274275979557 0.03927492447129909 0.06814310051107325
0 0.18315709969788518 0.6920783645655877 0.033987915407854986 0.065587734241908
0 0.16163141993957703 0.7035775127768313 0.04984894259818731 0.05110732538330494
0 0.15445619335347432 0.74190800681431 0.06117824773413897 0.06303236797274277
0 0.0770392749244713 0.764480408858603 0.0377643504531722 0.07240204429301533
0 0.11744712990936555 0.7333901192504259 0.04607250755287009 0.05792163543441227
0 0.04720543806646526 0.762350936967632 0.04003021148036254 0.06643952299829642
0 0.027190332326283987 0.7691652470187393 0.03474320241691843 0.08177172061328791
0 0.19939577039274925 0.952725724020443 0.0634441087613293 0.058773424190800685
0 0.16691842900302115 0.9603918228279387 0.04229607250755287 0.065587734241908
0 0.14086102719033233 0.969335604770017 0.04607250755287009 0.054514480408858604
