3 0.3557401812688822 0.3066465256797583 0.11329305135951662 0.18882175226586104
1 0.46487915407854985 0.3783987915407855 0.06268882175226587 0.030211480362537763
0 0.46865558912386707 0.3995468277945619 0.07175226586102719 0.030211480362537763
0 0.47507552870090636 0.42749244712990936 0.07250755287009064 0.04078549848942598
0 0.48489425981873113 0.4746978851963746 0.05740181268882175 0.035498489425981876
0 0.4962235649546828 0.5098187311178247 0.06646525679758308 0.04078549848942598
0 0.5075528700906344 0.5422960725075529 0.06797583081570997 0.0377643504531722
1 0.5207703927492447 0.5853474320241692 0.06419939577039276 0.030211480362537763
1 0.5166163141993958 0.6121601208459214 0.08308157099697885 0.02945619335347432
0 0.5351208459214502 0.625 0.06570996978851963 0.0324773413897281
1 0.5362537764350453 0.6623867069486404 0.07401812688821752 0.03172205438066465
1 0.5453172205438066 0.6967522658610272 0.0634441087613293 0.03851963746223565
0 0.5532477341389728 0.7107250755287009 0.05211480362537765 0.03625377643504532
0 0.550226586102719 0.7466012084592145 0.06419939577039276 0.0445619335347432
