3 0.49584592145015105 0.8036253776435045 0.20317220543806647 0.13746223564954682
3 0.49395770392749244 0.9410876132930514 0.18731117824773413 0.1027190332326284
0 0.020770392749244714 0.6268882175226587 0.02945619335347432 0.04682779456193353
0 0.04380664652567976 0.6253776435045317 0.03474320241691843 0.04833836858006042
1 0.07779456193353475 0.6170694864048338 0.028700906344410877 0.060422960725075525
0 0.09516616314199396 0.5959214501510574 0.028700906344410877 0.0634441087613293
1 0.1283987915407855 0.5940332326283988 0.03323262839879154 0.06268882175226587
0 0.12122356495468278 0.6185800604229608 0.033987915407854986 0.04833836858006042
1 0.18315709969788518 0.5879909365558912 0.0324773413897281 0.06419939577039276
0 0.21450151057401812 0.5793051359516617 0.04229607250755287 0.07250755287009064
1 0.25 0.5653323262839879 0.03172205438066465 0.06419939577039276
0 0.2711480362537764 0.5649546827794562 0.027190332326283987 0.05740181268882175
0 0.2854984894259819 0.5487160120845922 0.027190332326283987 0.05966767371601209
1 0.30589123867069484 0.5366314199395771 0.03625377643504532 0.0581570996978852
0 0.3372356495468278 0.5441842900302115 0.04607250755287009 0.04003021148036254
0 0.3496978851963746 0.520392749244713 0.055891238670694864 0.03323262839879154
0 0.39992447129909364 0.5056646525679759 0.06268882175226587 0.04154078549848943
0 0.4097432024169184 0.44410876132930516 0.0581570996978852 0.055891238670694864
0 0.8119335347432024 0.5222809667673716 0.04229607250755287 0.05513595166163142
0 0.8413897280966768 0.513595166163142 0.03927492447129909 0.04984894259818731
0 0.8591389728096677 0.5 0.035498489425981876 0.04984894259818731
1 0.8874622356495468 0.493202416918429 0.03927492447129909 0.0513595166163142
0 0.9112537764350453 0.4826283987915408 0.03851963746223565 0.0513595166163142
0 0.9373111782477341 0.4697885196374622 0.03625377643504532 0.04380664652567976
0 0.9527945619335347 0.45317220543806647 0.03700906344410876 0.05740181268882175
0 0.9765861027190332 0.4399546827794562 0.030211480362537763 0.0445619335347432
0 0.9539274924471299 0.5328549848942599 0.030211480362537763 0.05211480362537765
0 0.9716767371601208 0.5253021148036254 0.030966767371601207 0.04909365558912387
0 0.7084592145015106 0.4059667673716012 0.054380664652567974 0.04607250755287009
1 0.7009063444108762 0.4108761329305136 0.0256797583081571 0.021148036253776436
1 0.9463746223564955 0.060422960725075525 0.04078549848942598 0.061933534743202415
0 0.966012084592145 0.04154078549848943 0.03172205438066465 0.04833836858006042
0 0.9750755287009063 0.11933534743202417 0.03474320241691843 0.052870090634441085
0 0.9350453172205438 0.125 0.03172205438066465 0.04909365558912387
0 0.9033232628398792 0.05702416918429003 0.030211480362537763 0.05362537764350453
0 0.8742447129909365 0.05929003021148036 0.04305135951661632 0.06722054380664652
0 0.8515861027190332 0.07326283987915408 0.04003021148036254 0.05891238670694864
0 0.9025679758308157 0.13897280966767372 0.03323262839879154 0.061933534743202415
1 0.8923716012084593 0.15256797583081572 0.026435045317220542 0.054380664652567974
0 0.8674471299093656 0.14463746223564955 0.02945619335347432 0.05362537764350453
0 0.8466767371601208 0.17031722054380666 0.03323262839879154 0.05966767371601209
0 0.8243957703927492 0.18806646525679757 0.023413897280966767 0.054380664652567974
0 0.658987915407855 0.16767371601208458 0.0581570996978852 0.045317220543806644
0 0.6891993957703928 0.2141238670694864 0.04607250755287009 0.03851963746223565
0 0.7167673716012085 0.19977341389728095 0.04078549848942598 0.04305135951661632
0 0.7439577039274925 0.18126888217522658 0.04682779456193353 0.04380664652567976
1 0.7741691842900302 0.2054380664652568 0.015105740181268881 0.060422960725075525
0 0.7896525679758308 0.18240181268882175 0.026435045317220542 0.0581570996978852
0 0.6812688821752266 0.14274924471299094 0.04380664652567976 0.0513595166163142
0 0.6944864048338368 0.12764350453172205 0.03851963746223565 0.054380664652567974
0 0.7277190332326284 0.13330815709969787 0.04305135951661632 0.04607250755287009
0 0.7454682779456193 0.12046827794561933 0.0256797583081571 0.0445619335347432
0 0.7537764350453172 0.08723564954682779 0.04078549848942598 0.05664652567975831
0 0.7828549848942599 0.09629909365558913 0.033987915407854986 0.04909365558912387
0 0.8055135951661632 0.09365558912386707 0.035498489425981876 0.054380664652567974
0 0.9731873111782477 0.6967522658610272 0.04758308157099698 0.02190332326283988
1 0.9531722054380665 0.6238670694864048 0.06797583081570997 0.03172205438066465
0 0.9731873111782477 0.6559667673716012 0.04758308157099698 0.027945619335347432
