2 0.6204682779456193 0.20954003407155025 0.033987915407854986 0.039182282793867124
2 0.6287764350453172 0.24829642248722317 0.035498489425981876 0.04003407155025554
0 0.527190332326284 0.12137989778534923 0.0755287009063444 0.046848381601362864
0 0.5362537764350453 0.13373083475298125 0.06797583081570997 0.044293015332197615
1 0.5608006042296072 0.1690800681431005 0.07477341389728097 0.05366269165247019
0 0.5634441087613293 0.21124361158432708 0.060422960725075525 0.044293015332197615
0 0.5887462235649547 0.21890971039182283 0.05664652567975831 0.03577512776831346
0 0.595166163141994 0.2666098807495741 0.060422960725075525 0.05281090289608177
0 0.611404833836858 0.3091993185689949 0.06268882175226587 0.03577512776831346
1 0.6163141993957704 0.31899488926746167 0.061933534743202415 0.058773424190800685
0 0.6306646525679759 0.3513628620102215 0.07099697885196375 0.04003407155025554
1 0.6472809667673716 0.3756388415672913 0.07854984894259819 0.03236797274275979
1 0.6559667673716012 0.411839863713799 0.07628398791540786 0.05025553662691652
0 0.650679758308157 0.401618398637138 0.06873111782477341 0.029812606473594547
0 0.6737160120845922 0.4680579216354344 0.07854984894259819 0.04514480408858603
0 0.6922205438066465 0.5089437819420783 0.0702416918429003 0.028109028960817718
1 0.7031722054380665 0.5302385008517888 0.07854984894259819 0.05536626916524702
0 0.7099697885196374 0.5706984667802385 0.0634441087613293 0.034071550255536626
0 0.7224320241691843 0.598381601362862 0.07175226586102719 0.03321976149914821
0 0.7337613293051359 0.6162691652470188 0.06570996978851963 0.031516183986371384
0 0.7330060422960725 0.6350085178875639 0.06268882175226587 0.03321976149914821
0 0.747356495468278 0.653747870528109 0.07477341389728097 0.04514480408858603
0 0.7681268882175226 0.6648211243611585 0.05891238670694864 0.03833049403747871
0 0.754154078549849 0.7010221465076661 0.05211480362537765 0.04599659284497445
0 0.7847432024169184 0.7142248722316865 0.06948640483383686 0.03833049403747871
0 0.7892749244712991 0.7465928449744463 0.04984894259818731 0.06047700170357751
0 0.8126888217522659 0.7674616695059625 0.06646525679758308 0.040885860306643956
0 0.81797583081571 0.8091993185689949 0.06948640483383686 0.04599659284497445
1 0.834214501510574 0.83603066439523 0.06873111782477341 0.031516183986371384
0 0.8523413897280967 0.8939522998296423 0.07930513595166164 0.04514480408858603
0 0.8799093655589124 0.9454855195911414 0.05740181268882175 0.04258943781942078
0 0.6774924471299094 0.10136286201022146 0.04833836858006042 0.07325383304940375
0 0.6835347432024169 0.1358603066439523 0.054380664652567974 0.041737649063032366
0 0.7156344410876133 0.17674616695059625 0.05513595166163142 0.05025553662691652
0 0.7390483383685801 0.19122657580919933 0.04607250755287009 0.06047700170357751
0 0.7394259818731118 0.21890971039182283 0.04682779456193353 0.05792163543441227
0 0.7379154078549849 0.09923339011925043 0.0513595166163142 0.0706984667802385
2 0.7605740181268882 0.07751277683134583 0.027190332326283987 0.039182282793867124
0 0.801737160120846 0.08773424190800681 0.06873111782477341 0.03747870528109029
0 0.7994712990936556 0.10902896081771721 0.06873111782477341 0.04599659284497445
0 0.8138217522658611 0.05834752981260648 0.0581570996978852 0.05025553662691652
0 0.8557401812688822 0.08560477001703577 0.0634441087613293 0.046848381601362864
0 0.8855740181268882 0.05323679727427598 0.06117824773413897 0.05366269165247019
0 0.9263595166163142 0.04045996592844975 0.05060422960725076 0.06047700170357751
0 0.9437311178247734 0.029812606473594547 0.05362537764350453 0.05110732538330494
1 0.7507552870090635 0.2444633730834753 0.03172205438066465 0.07836456558773425
1 0.7639728096676737 0.2542589437819421 0.04154078549848943 0.06899488926746167
0 0.7753021148036254 0.2764054514480409 0.06419939577039276 0.058773424190800685
0 0.7737915407854985 0.3045144804088586 0.0445619335347432 0.06388415672913117
0 0.8013595166163142 0.33049403747870526 0.055891238670694864 0.04940374787052811
0 0.8081570996978852 0.3577512776831346 0.05740181268882175 0.04258943781942078
0 0.8141993957703928 0.37649063032367974 0.04682779456193353 0.054514480408858604
0 0.8240181268882175 0.39395229982964225 0.03625377643504532 0.058773424190800685
0 0.8345921450151057 0.4335604770017036 0.045317220543806644 0.059625212947189095
0 0.8474320241691843 0.46337308347529815 0.05891238670694864 0.044293015332197615
0 0.8432779456193353 0.4919080068143101 0.04003021148036254 0.05536626916524702
0 0.8670694864048338 0.49148211243611584 0.055891238670694864 0.040885860306643956
0 0.872356495468278 0.514480408858603 0.05740181268882175 0.044293015332197615
0 0.8893504531722054 0.5506814310051107 0.07477341389728097 0.046848381601362864
0 0.904833836858006 0.5792163543441227 0.052870090634441085 0.05110732538330494
0 0.922583081570997 0.6073253833049403 0.05211480362537765 0.05110732538330494
0 0.9203172205438066 0.6465076660988075 0.05513595166163142 0.044293015332197615
0 0.9395770392749244 0.6614139693356048 0.04833836858006042 0.046848381601362864
0 0.9441087613293051 0.6827086882453152 0.061933534743202415 0.046848381601362864
0 0.970166163141994 0.7389267461669506 0.04305135951661632 0.05706984667802385
1 0.9543051359516617 0.7265758091993186 0.06117824773413897 0.05281090289608177
