3 0.48225075528700906 0.05362537764350453 0.2212990936555891 0.10876132930513595
3 0.49509063444108764 0.16767371601208458 0.18957703927492447 0.13444108761329304
0 0.6672960725075529 0.2598187311178248 0.06570996978851963 0.03323262839879154
0 0.6801359516616314 0.2881419939577039 0.06873111782477341 0.04758308157099698
0 0.5917673716012085 0.3236404833836858 0.0581570996978852 0.05060422960725076
1 0.604607250755287 0.36555891238670696 0.06117824773413897 0.04078549848942598
0 0.6136706948640483 0.395392749244713 0.05513595166163142 0.033987915407854986
1 0.6151812688821753 0.4078549848942598 0.06419939577039276 0.03625377643504532
1 0.6344410876132931 0.44410876132930516 0.0634441087613293 0.030211480362537763
0 0.6268882175226587 0.4671450151057402 0.0649546827794562 0.030966767371601207
0 0.6310422960725075 0.49395770392749244 0.06873111782477341 0.0256797583081571
0 0.6533232628398792 0.5332326283987915 0.061933534743202415 0.03625377643504532
1 0.6612537764350453 0.5562688821752266 0.05513595166163142 0.02945619335347432
0 0.6808912386706949 0.6087613293051359 0.05966767371601209 0.028700906344410877
0 0.6952416918429003 0.6457703927492447 0.06268882175226587 0.03172205438066465
0 0.7088368580060423 0.6782477341389728 0.06268882175226587 0.02416918429003021
0 0.7145015105740181 0.7005287009063444 0.055891238670694864 0.02190332326283988
0 0.7231873111782477 0.7280966767371602 0.05513595166163142 0.027190332326283987
0 0.7299848942598187 0.75 0.05664652567975831 0.030211480362537763
0 0.7447129909365559 0.7715256797583081 0.04833836858006042 0.033987915407854986
0 0.7511329305135952 0.790785498489426 0.05362537764350453 0.03323262839879154
0 0.7643504531722054 0.8115558912386707 0.0513595166163142 0.023413897280966767
0 0.7647280966767371 0.8345921450151057 0.0581570996978852 0.019637462235649546
0 0.7669939577039275 0.8595166163141994 0.05664652567975831 0.0256797583081571
0 0.7783232628398792 0.8772658610271903 0.05966767371601209 0.017371601208459216
0 0.9116314199395771 0.9516616314199395 0.052870090634441085 0.04078549848942598
0 0.9214501510574018 0.9712990936555891 0.055891238670694864 0.028700906344410877
0 0.9222054380664653 0.986404833836858 0.04984894259818731 0.022658610271903322
0 0.8848187311178247 0.8969033232628398 0.06268882175226587 0.0324773413897281
0 0.8157099697885196 0.9814954682779456 0.060422960725075525 0.030966767371601207
0 0.7987160120845922 0.9595921450151057 0.06419939577039276 0.030966767371601207
0 0.7836102719033232 0.9418429003021148 0.05513595166163142 0.03172205438066465
0 0.7764350453172205 0.927870090634441 0.04984894259818731 0.024924471299093656
0 0.7873867069486404 0.904833836858006 0.05966767371601209 0.022658610271903322
1 0.8821752265861027 0.8712235649546828 0.04078549848942598 0.04003021148036254
0 0.7084592145015106 0.32817220543806647 0.055891238670694864 0.04607250755287009
1 0.7099697885196374 0.36178247734138974 0.052870090634441085 0.03172205438066465
0 0.7186555891238671 0.38935045317220546 0.05966767371601209 0.035498489425981876
0 0.7428247734138973 0.4161631419939577 0.06117824773413897 0.04229607250755287
1 0.7496223564954683 0.4478851963746224 0.0581570996978852 0.030211480362537763
0 0.7462235649546828 0.463368580060423 0.060422960725075525 0.026435045317220542
1 0.7507552870090635 0.4814954682779456 0.055891238670694864 0.04607250755287009
1 0.7643504531722054 0.49395770392749244 0.05891238670694864 0.03927492447129909
1 0.7628398791540786 0.5132175226586103 0.0513595166163142 0.04003021148036254
1 0.7692598187311178 0.551737160120846 0.04758308157099698 0.04607250755287009
0 0.7817220543806647 0.5800604229607251 0.06797583081570997 0.027190332326283987
0 0.8013595166163142 0.5936555891238671 0.060422960725075525 0.022658610271903322
0 0.7870090634441088 0.618202416918429 0.05891238670694864 0.035498489425981876
0 0.8104229607250756 0.6231117824773413 0.045317220543806644 0.027190332326283987
0 0.800226586102719 0.6499244712990937 0.0581570996978852 0.033987915407854986
0 0.8055135951661632 0.6691842900302115 0.05211480362537765 0.03927492447129909
0 0.8693353474320241 0.8500755287009063 0.04833836858006042 0.023413897280966767
0 0.8243957703927492 0.6854229607250756 0.05513595166163142 0.030966767371601207
0 0.8183534743202416 0.7039274924471299 0.05060422960725076 0.02416918429003021
0 0.8323262839879154 0.7330060422960725 0.04682779456193353 0.027945619335347432
0 0.8270392749244713 0.7137462235649547 0.055891238670694864 0.030211480362537763
0 0.847809667673716 0.7466012084592145 0.06873111782477341 0.030966767371601207
1 0.8508308157099698 0.7707703927492447 0.05060422960725076 0.0324773413897281
0 0.8666918429003021 0.7990936555891238 0.0581570996978852 0.03323262839879154
1 0.8655589123867069 0.831570996978852 0.0634441087613293 0.03625377643504532
