1 0.3300604229607251 0.1520442930153322 0.045317220543806644 0.08262350936967632
1 0.2930513595166163 0.12776831345826234 0.04078549848942598 0.07666098807495741
1 0.611404833836858 0.3850085178875639 0.06873111782477341 0.040885860306643956
0 0.2726586102719033 0.12862010221465076 0.0377643504531722 0.08517887563884156
1 0.18202416918429004 0.07708688245315162 0.045317220543806644 0.07410562180579217
0 0.506797583081571 0.27512776831345825 0.04078549848942598 0.07155025553662692
0 0.5494712990936556 0.2938671209540034 0.035498489425981876 0.06473594548551959
0 0.6295317220543807 0.29982964224872233 0.06873111782477341 0.044293015332197615
0 0.6151812688821753 0.3402896081771721 0.07628398791540786 0.026405451448040886
0 0.5861027190332326 0.41141396933560476 0.06948640483383686 0.04599659284497445
0 0.573262839879154 0.43696763202725725 0.07250755287009064 0.04940374787052811
0 0.5524924471299094 0.46550255536626917 0.07326283987915408 0.04514480408858603
0 0.5464501510574018 0.4893526405451448 0.06722054380664652 0.03492333901192504
0 0.5332326283987915 0.5089437819420783 0.0770392749244713 0.04003407155025554
0 0.5166163141993958 0.5234241908006815 0.05891238670694864 0.036626916524701875
0 0.24848942598187312 0.9552810902896082 0.07099697885196375 0.04003407155025554
0 0.27303625377643503 0.9165247018739353 0.07175226586102719 0.040885860306643956
0 0.2836102719033233 0.8858603066439523 0.0581570996978852 0.05792163543441227
0 0.2994712990936556 0.864565587734242 0.04305135951661632 0.05110732538330494
0 0.3175981873111782 0.84412265758092 0.05664652567975831 0.054514480408858604
0 0.3368580060422961 0.8172913117546848 0.05740181268882175 0.05366269165247019
0 0.3523413897280967 0.795144804088586 0.06570996978851963 0.03833049403747871
0 0.3549848942598187 0.7759795570698467 0.07099697885196375 0.03577512776831346
0 0.3678247734138973 0.7568143100511073 0.061933534743202415 0.03492333901192504
0 0.3859516616314199 0.7423339011925043 0.05891238670694864 0.029812606473594547
1 0.4040785498489426 0.7155025553662692 0.07099697885196375 0.03747870528109029
0 0.41200906344410876 0.6937819420783645 0.06268882175226587 0.03492333901192504
0 0.7511329305135952 0.8999148211243612 0.030966767371601207 0.06388415672913117
0 0.7352719033232629 0.8777683134582623 0.035498489425981876 0.065587734241908
0 0.6967522658610272 0.8556218057921635 0.030966767371601207 0.06729131175468483
0 0.6461480362537765 0.8224020442930153 0.06268882175226587 0.03833049403747871
0 0.6710725075528701 0.8364565587734242 0.03700906344410876 0.059625212947189095
0 0.6299093655589124 0.7925894378194208 0.06646525679758308 0.029812606473594547
0 0.5808157099697885 0.7802385008517888 0.054380664652567974 0.059625212947189095
0 0.6049848942598187 0.7470187393526405 0.0755287009063444 0.04940374787052811
1 0.4312688821752266 0.6614139693356048 0.055891238670694864 0.03321976149914821
0 0.42673716012084595 0.6827086882453152 0.06646525679758308 0.028109028960817718
0 0.45657099697885195 0.6456558773424191 0.0823262839879154 0.039182282793867124
0 0.4637462235649547 0.5996592844974447 0.061933534743202415 0.03236797274275979
0 0.5056646525679759 0.5464224872231687 0.05664652567975831 0.029812606473594547
1 0.5007552870090635 0.5664395229982965 0.0755287009063444 0.034071550255536626
0 0.48413897280966767 0.5698466780238501 0.05891238670694864 0.030664395229982964
0 0.6148036253776435 0.709114139693356 0.08610271903323263 0.046848381601362864
0 0.6469033232628398 0.6729131175468483 0.07175226586102719 0.04770017035775128
0 0.672583081570997 0.6120102214650767 0.06722054380664652 0.03321976149914821
0 0.6616314199395771 0.6439522998296423 0.07401812688821752 0.028960817717206135
0 0.8372356495468278 0.42632027257240207 0.05211480362537765 0.07751277683134583
0 0.8194864048338368 0.43483816013628623 0.04984894259818731 0.06388415672913117
0 0.7870090634441088 0.4199318568994889 0.03927492447129909 0.056218057921635436
0 0.7669939577039275 0.43824531516183984 0.05362537764350453 0.06047700170357751
0 0.7654833836858006 0.4663543441226576 0.05211480362537765 0.05536626916524702
0 0.7420694864048338 0.4778534923339012 0.035498489425981876 0.059625212947189095
0 0.7341389728096677 0.49744463373083475 0.03625377643504532 0.059625212947189095
0 0.7209214501510574 0.518313458262351 0.033987915407854986 0.05536626916524702
0 0.6975075528700906 0.5600511073253833 0.07477341389728097 0.05025553662691652
0 0.7885196374622356 0.9207836456558773 0.028700906344410877 0.07325383304940375
0 0.8108006042296072 0.9382453151618398 0.03700906344410876 0.06899488926746167
0 0.8327039274924471 0.9637989778534923 0.05060422960725076 0.05536626916524702
1 0.9694108761329305 0.051959114139693355 0.035498489425981876 0.08517887563884156
1 0.9603474320241692 0.041737649063032366 0.033987915407854986 0.07325383304940375
1 0.1540785498489426 0.03747870528109029 0.027190332326283987 0.06814310051107325
1 0.12877643504531722 0.030664395229982964 0.02945619335347432 0.05792163543441227
1 0.11329305135951662 0.028960817717206135 0.0256797583081571 0.054514480408858604
