0 0.12651057401812688 0.19373111782477342 0.03700906344410876 0.06873111782477341
1 0.08950151057401813 0.19222054380664652 0.0324773413897281 0.06117824773413897
0 0.03172205438066465 0.20770392749244712 0.03927492447129909 0.07250755287009064
1 0.18806646525679757 0.7175226586102719 0.0634441087613293 0.04078549848942598
0 0.1691842900302115 0.7666163141993958 0.052870090634441085 0.04229607250755287
1 0.42673716012084595 0.6280211480362538 0.03927492447129909 0.07175226586102719
1 0.45468277945619334 0.6336858006042296 0.04380664652567976 0.060422960725075525
1 0.5219033232628398 0.6314199395770392 0.04833836858006042 0.060422960725075525
1 0.6786253776435045 0.6302870090634441 0.04909365558912387 0.05966767371601209
0 0.5766616314199395 0.6423716012084593 0.05362537764350453 0.04909365558912387
0 0.7333836858006042 0.620845921450151 0.030211480362537763 0.0634441087613293
0 0.7666163141993958 0.625 0.03625377643504532 0.05060422960725076
1 0.7919184290030211 0.6333081570996979 0.04003021148036254 0.05664652567975831
1 0.8243957703927492 0.6367069486404834 0.030966767371601207 0.055891238670694864
0 0.8474320241691843 0.6374622356495468 0.02416918429003021 0.055891238670694864
0 0.8689577039274925 0.638595166163142 0.035498489425981876 0.05060422960725076
0 0.8938821752265861 0.6242447129909365 0.035498489425981876 0.06268882175226587
0 0.9176737160120846 0.6253776435045317 0.03172205438066465 0.05891238670694864
0 0.9425981873111783 0.6367069486404834 0.030211480362537763 0.054380664652567974
1 0.9739425981873112 0.6272658610271903 0.02945619335347432 0.05664652567975831
2 0.861404833836858 0.5305891238670695 0.035498489425981876 0.027945619335347432
