3 0.7866314199395771 0.2796143250688705 0.12311178247734139 0.162534435261708
3 0.36253776435045315 0.418732782369146 0.16012084592145015 0.14325068870523416
3 0.16993957703927492 0.45041322314049587 0.17220543806646527 0.14600550964187328
3 0.34894259818731116 0.7252066115702479 0.13897280966767372 0.19146005509641872
2 0.31986404833836857 0.5144628099173554 0.04305135951661632 0.05922865013774105
2 0.2756797583081571 0.737603305785124 0.021148036253776436 0.05096418732782369
2 0.6910876132930514 0.20798898071625344 0.03625377643504532 0.05234159779614325
0 0.8644259818731118 0.25275482093663915 0.023413897280966767 0.08953168044077135
0 0.8859516616314199 0.2630853994490358 0.022658610271903322 0.08539944903581267
2 0.8228851963746223 0.8216253443526171 0.03700906344410876 0.05647382920110193
3 0.7990936555891238 0.9097796143250689 0.16163141993957703 0.16115702479338845
