1 0.15219033232628398 0.9648760330578513 0.05664652567975831 0.06198347107438017
1 0.14123867069486404 0.9621212121212122 0.055891238670694864 0.07024793388429752
0 0.12764350453172205 0.9056473829201103 0.054380664652567974 0.07024793388429752
0 0.15709969788519637 0.8987603305785125 0.0377643504531722 0.06198347107438017
0 0.13217522658610273 0.8539944903581267 0.0513595166163142 0.05785123966942149
0 0.12537764350453173 0.8223140495867769 0.052870090634441085 0.06336088154269973
1 0.13746223564954682 0.7947658402203857 0.0649546827794562 0.03581267217630854
1 0.1163141993957704 0.7617079889807162 0.054380664652567974 0.0743801652892562
0 0.1042296072507553 0.7389807162534435 0.04984894259818731 0.05647382920110193
0 0.09856495468277945 0.7128099173553719 0.05513595166163142 0.05922865013774105
0 0.09629909365558913 0.6852617079889808 0.05211480362537765 0.05371900826446281
0 0.09176737160120846 0.6522038567493114 0.0581570996978852 0.045454545454545456
0 0.09894259818731117 0.6129476584022039 0.054380664652567974 0.06611570247933884
0 0.08496978851963746 0.5950413223140496 0.04909365558912387 0.0743801652892562
0 0.0804380664652568 0.5550964187327824 0.05664652567975831 0.07988980716253444
1 0.060422960725075525 0.5055096418732783 0.07250755287009064 0.08264462809917356
0 0.061555891238670696 0.4559228650137741 0.05362537764350453 0.027548209366391185
0 0.05740181268882175 0.4380165289256198 0.05740181268882175 0.03856749311294766
0 0.052870090634441085 0.3822314049586777 0.052870090634441085 0.05096418732782369
1 0.05966767371601209 0.32920110192837465 0.052870090634441085 0.07162534435261708
1 0.04871601208459214 0.28994490358126723 0.06722054380664652 0.05647382920110193
0 0.037386706948640484 0.19696969696969696 0.05362537764350453 0.07162534435261708
0 0.045317220543806644 0.121900826446281 0.0634441087613293 0.05922865013774105
1 0.024546827794561934 0.10055096418732783 0.05060422960725076 0.08539944903581267
1 0.019637462235649546 0.07575757575757576 0.04078549848942598 0.07988980716253444
1 0.01812688821752266 0.03787878787878788 0.0377643504531722 0.05096418732782369
0 0.28851963746223563 0.35330578512396693 0.054380664652567974 0.05371900826446281
0 0.29040785498489424 0.3877410468319559 0.05060422960725076 0.0674931129476584
0 0.2964501510574018 0.4380165289256198 0.05211480362537765 0.06060606060606061
0 0.30173716012084595 0.49793388429752067 0.05211480362537765 0.06198347107438017
0 0.31155589123867067 0.5447658402203857 0.06268882175226587 0.05647382920110193
0 0.3187311178247734 0.5977961432506887 0.052870090634441085 0.07162534435261708
0 0.3255287009063444 0.6473829201101928 0.04833836858006042 0.05234159779614325
1 0.3293051359516616 0.699724517906336 0.054380664652567974 0.05234159779614325
0 0.33157099697885195 0.7582644628099173 0.054380664652567974 0.07024793388429752
0 0.34818731117824775 0.8223140495867769 0.03625377643504532 0.11019283746556474
0 0.3372356495468278 0.7961432506887053 0.035498489425981876 0.07162534435261708
0 0.3814199395770393 0.8608815426997245 0.021148036253776436 0.07162534435261708
0 0.3923716012084592 0.847107438016529 0.030966767371601207 0.07988980716253444
0 0.4350453172205438 0.8181818181818182 0.03323262839879154 0.0743801652892562
0 0.4520392749244713 0.818870523415978 0.033987915407854986 0.07851239669421488
0 0.4705438066465257 0.8016528925619835 0.028700906344410877 0.06887052341597796
0 0.49395770392749244 0.768595041322314 0.03323262839879154 0.07988980716253444
0 0.4407099697885196 0.96900826446281 0.033987915407854986 0.05371900826446281
0 0.466012084592145 0.959366391184573 0.03172205438066465 0.07575757575757576
0 0.47658610271903323 0.9552341597796143 0.028700906344410877 0.08402203856749312
0 0.4916918429003021 0.946969696969697 0.030211480362537763 0.08953168044077135
0 0.5109516616314199 0.9449035812672176 0.03851963746223565 0.09366391184573003
0 0.5268126888217523 0.9400826446280992 0.030966767371601207 0.09779614325068871
0 0.5445619335347432 0.9552341597796143 0.03323262839879154 0.07851239669421488
1 0.5411631419939577 0.9015151515151515 0.0324773413897281 0.09504132231404959
0 0.5600453172205438 0.890495867768595 0.02039274924471299 0.07024793388429752
0 0.56797583081571 0.8663911845730028 0.022658610271903322 0.06611570247933884
0 0.5936555891238671 0.9400826446280992 0.045317220543806644 0.06473829201101929
