0 0.379045996592845 0.09641873278236915 0.039182282793867124 0.11019283746556474
0 0.3522146507666099 0.09710743801652894 0.03492333901192504 0.12809917355371903
0 0.3309199318568995 0.08953168044077135 0.03833049403747871 0.11019283746556474
0 0.30068143100511074 0.09917355371900827 0.05110732538330494 0.11294765840220386
0 0.2747018739352641 0.10192837465564739 0.029812606473594547 0.1046831955922865
0 0.2538330494037479 0.10881542699724518 0.027257240204429302 0.10192837465564739
0 0.24190800681431004 0.10950413223140495 0.03577512776831346 0.09228650137741047
1 0.22572402044293016 0.11225895316804407 0.030664395229982964 0.10881542699724518
0 0.20996592844974446 0.12396694214876033 0.028109028960817718 0.08539944903581267
0 0.19293015332197616 0.1384297520661157 0.029812606473594547 0.08402203856749312
0 0.1746166950596252 0.14118457300275483 0.03236797274275979 0.09504132231404959
0 0.1511925042589438 0.13636363636363635 0.04003407155025554 0.09917355371900827
0 0.13798977853492334 0.18181818181818182 0.039182282793867124 0.09366391184573003
0 0.10902896081771721 0.18181818181818182 0.044293015332197615 0.08539944903581267
1 0.08517887563884156 0.18457300275482094 0.039182282793867124 0.11294765840220386
0 0.06643952299829642 0.19696969696969696 0.03236797274275979 0.09641873278236915
0 0.04982964224872232 0.20110192837465565 0.028109028960817718 0.10192837465564739
1 0.024701873935264056 0.2272727272727273 0.039182282793867124 0.11570247933884298
0 0.206984667802385 0.3546831955922865 0.034071550255536626 0.09228650137741047
0 0.24190800681431004 0.3347107438016529 0.039182282793867124 0.09090909090909091
1 0.2815161839863714 0.3106060606060606 0.029812606473594547 0.10055096418732783
0 0.3266609880749574 0.2988980716253444 0.031516183986371384 0.11294765840220386
1 0.3441226575809199 0.2878787878787879 0.028960817717206135 0.10192837465564739
1 0.358603066439523 0.28168044077134985 0.030664395229982964 0.10881542699724518
1 0.3841567291311755 0.2761707988980716 0.04599659284497445 0.10606060606060606
0 0.8006814310051107 0.09573002754820936 0.05281090289608177 0.09228650137741047
0 0.8172913117546848 0.12878787878787878 0.048551959114139696 0.08953168044077135
0 0.8224020442930153 0.18388429752066116 0.062180579216354344 0.07851239669421488
0 0.8326235093696763 0.2369146005509642 0.062180579216354344 0.05509641873278237
0 0.8449744463373083 0.2837465564738292 0.07155025553662692 0.046831955922865015
1 0.858603066439523 0.3546831955922865 0.06814310051107325 0.07575757575757576
1 0.8764906303236797 0.4097796143250689 0.06473594548551959 0.05922865013774105
