0 0.028109028960817718 0.3637137989778535 0.039182282793867124 0.054514480408858604
0 0.09454855195911414 0.3245315161839864 0.02385008517887564 0.056218057921635436
1 0.13202725724020442 0.31771720613287907 0.030664395229982964 0.06473594548551959
0 0.17035775127768313 0.28960817717206133 0.03747870528109029 0.04940374787052811
0 0.19846678023850087 0.27512776831345825 0.034071550255536626 0.06132879045996593
0 0.22657580919931858 0.25894378194207834 0.034071550255536626 0.05792163543441227
0 0.2508517887563884 0.2508517887563884 0.031516183986371384 0.05366269165247019
0 0.2721465076660988 0.2444633730834753 0.036626916524701875 0.05110732538330494
0 0.5741056218057922 0.11286201022146508 0.04940374787052811 0.07921635434412266
0 0.528534923339012 0.11243611584327087 0.031516183986371384 0.04770017035775128
1 0.49829642248722317 0.1247870528109029 0.028960817717206135 0.06047700170357751
0 0.4735945485519591 0.13798977853492334 0.02385008517887564 0.05110732538330494
0 0.44931856899488926 0.14352640545144804 0.036626916524701875 0.05706984667802385
0 0.41567291311754684 0.15843270868824533 0.044293015332197615 0.05110732538330494
0 0.3960817717206133 0.184412265758092 0.030664395229982964 0.05706984667802385
0 0.3701022146507666 0.18696763202725725 0.024701873935264056 0.03833049403747871
0 0.34965928449744466 0.19335604770017037 0.026405451448040886 0.05281090289608177
0 0.3300681431005111 0.2010221465076661 0.036626916524701875 0.04770017035775128
0 0.32410562180579217 0.2270017035775128 0.03833049403747871 0.0434412265758092
0 0.2994037478705281 0.22913117546848383 0.03833049403747871 0.044293015332197615
0 0.01746166950596252 0.512350936967632 0.026405451448040886 0.05706984667802385
0 0.038756388415672915 0.4940374787052811 0.026405451448040886 0.05792163543441227
0 0.06601362862010221 0.489778534923339 0.024701873935264056 0.054514480408858604
1 0.09625212947189098 0.4731686541737649 0.03236797274275979 0.05706984667802385
0 0.1141396933560477 0.46465076660988075 0.030664395229982964 0.062180579216354344
0 0.13926746166950596 0.4518739352640545 0.026405451448040886 0.06899488926746167
0 0.16609880749574105 0.4450596252129472 0.027257240204429302 0.048551959114139696
0 0.1950596252129472 0.43611584327086883 0.03236797274275979 0.04599659284497445
0 0.206984667802385 0.41524701873935266 0.02555366269165247 0.046848381601362864
0 0.22657580919931858 0.4122657580919932 0.028960817717206135 0.04770017035775128
0 0.2580919931856899 0.4007666098807496 0.027257240204429302 0.05536626916524702
0 0.27810902896081774 0.3943781942078365 0.029812606473594547 0.05792163543441227
0 0.303236797274276 0.37649063032367974 0.02385008517887564 0.06132879045996593
0 0.325809199318569 0.35902896081771724 0.024701873935264056 0.07240204429301533
0 0.3513628620102215 0.34369676320272574 0.028109028960817718 0.065587734241908
0 0.38798977853492334 0.3402896081771721 0.028109028960817718 0.05706984667802385
0 0.4122657580919932 0.32751277683134583 0.028960817717206135 0.048551959114139696
1 0.43909710391822826 0.32410562180579217 0.019591141396933562 0.048551959114139696
0 0.4527257240204429 0.2985519591141397 0.024701873935264056 0.05706984667802385
1 0.47614991482112434 0.2985519591141397 0.02555366269165247 0.05706984667802385
0 0.4919080068143101 0.2785349233390119 0.02129471890971039 0.05110732538330494
0 0.5093696763202725 0.2981260647359455 0.022146507666098807 0.056218057921635436
0 0.520442930153322 0.26405451448040884 0.028960817717206135 0.040885860306643956
0 0.540885860306644 0.2666098807495741 0.013628620102214651 0.059625212947189095
1 0.553236797274276 0.2389267461669506 0.024701873935264056 0.051959114139693355
0 0.5728279386712095 0.2389267461669506 0.024701873935264056 0.07240204429301533
0 0.6034923339011925 0.23637137989778534 0.01788756388415673 0.05025553662691652
1 0.6218057921635435 0.21124361158432708 0.03747870528109029 0.059625212947189095
0 0.6460817717206133 0.20954003407155025 0.026405451448040886 0.056218057921635436
0 0.6758943781942078 0.20017035775127767 0.024701873935264056 0.059625212947189095
0 0.694633730834753 0.18568994889267462 0.024701873935264056 0.06814310051107325
0 0.7103918228279387 0.1839863713798978 0.02385008517887564 0.07155025553662692
0 0.7385008517887564 0.16311754684838162 0.018739352640545145 0.06899488926746167
0 0.764480408858603 0.15885860306643954 0.019591141396933562 0.062180579216354344
0 0.782793867120954 0.14522998296422487 0.013628620102214651 0.065587734241908
1 0.8040885860306644 0.151618398637138 0.02555366269165247 0.06643952299829642
1 0.8266609880749575 0.14054514480408858 0.03492333901192504 0.06643952299829642
0 0.8522146507666098 0.12734241908006813 0.024701873935264056 0.058773424190800685
0 0.8743611584327087 0.1201022146507666 0.022998296422487224 0.05792163543441227
0 0.8901192504258943 0.11328790459965929 0.020442930153321978 0.06132879045996593
1 0.9122657580919932 0.10434412265758092 0.028960817717206135 0.05706984667802385
1 0.934412265758092 0.07367972742759796 0.028960817717206135 0.06899488926746167
1 0.9744463373083475 0.06729131175468483 0.03577512776831346 0.056218057921635436
