0 0.4618580060422961 0.3549848942598187 0.05060422960725076 0.04380664652567976
0 0.4516616314199396 0.37915407854984895 0.04682779456193353 0.055891238670694864
0 0.42862537764350456 0.38821752265861026 0.04003021148036254 0.05740181268882175
0 0.41540785498489424 0.3459214501510574 0.045317220543806644 0.04833836858006042
0 0.3938821752265861 0.37084592145015105 0.03851963746223565 0.0649546827794562
0 0.4697885196374622 0.3164652567975831 0.054380664652567974 0.03323262839879154
0 0.4871601208459215 0.3100453172205438 0.04984894259818731 0.04758308157099698
0 0.49962235649546827 0.29154078549848944 0.05362537764350453 0.04380664652567976
0 0.5086858006042296 0.2794561933534743 0.0581570996978852 0.04682779456193353
0 0.5147280966767371 0.2620845921450151 0.05211480362537765 0.04984894259818731
0 0.5283232628398792 0.24735649546827795 0.05664652567975831 0.05211480362537765
0 0.5392749244712991 0.2239425981873112 0.05740181268882175 0.04758308157099698
0 0.5536253776435045 0.20959214501510573 0.06646525679758308 0.0445619335347432
0 0.5698640483383686 0.19070996978851965 0.06268882175226587 0.04305135951661632
0 0.5762839879154078 0.17031722054380666 0.052870090634441085 0.04305135951661632
0 0.5861027190332326 0.1555891238670695 0.05891238670694864 0.0377643504531722
0 0.5921450151057401 0.13670694864048338 0.055891238670694864 0.04380664652567976
0 0.6083836858006042 0.12462235649546828 0.05513595166163142 0.0377643504531722
0 0.6185800604229608 0.10196374622356495 0.052870090634441085 0.04380664652567976
1 0.6336858006042296 0.08081570996978851 0.060422960725075525 0.03474320241691843
0 0.6469033232628398 0.06268882175226587 0.05362537764350453 0.04229607250755287
0 0.6555891238670695 0.046450151057401814 0.055891238670694864 0.03700906344410876
1 0.658987915407855 0.0290785498489426 0.0581570996978852 0.033987915407854986
0 0.6782477341389728 0.020770392749244714 0.04833836858006042 0.04154078549848943
