2 0.0377643504531722 0.13104229607250756 0.03625377643504532 0.04607250755287009
2 0.06759818731117825 0.1469033232628399 0.04607250755287009 0.04003021148036254
2 0.1540785498489426 0.47394259818731116 0.0513595166163142 0.04003021148036254
0 0.01095166163141994 0.9074773413897281 0.02190332326283988 0.05966767371601209
0 0.02756797583081571 0.8916163141993958 0.015861027190332326 0.05513595166163142
0 0.05211480362537765 0.8855740181268882 0.022658610271903322 0.05060422960725076
0 0.0702416918429003 0.8878398791540786 0.030211480362537763 0.06117824773413897
0 0.08194864048338368 0.872356495468278 0.035498489425981876 0.054380664652567974
0 0.10196374622356495 0.875 0.028700906344410877 0.05362537764350453
0 0.12273413897280967 0.8670694864048338 0.026435045317220542 0.054380664652567974
0 0.14161631419939577 0.8598942598187311 0.030966767371601207 0.05060422960725076
0 0.16540785498489427 0.8466767371601208 0.03323262839879154 0.054380664652567974
0 0.19788519637462235 0.8368580060422961 0.03625377643504532 0.05891238670694864
0 0.21865558912386707 0.8402567975830816 0.026435045317220542 0.05060422960725076
0 0.23149546827794562 0.8236404833836858 0.024924471299093656 0.05211480362537765
0 0.2526435045317221 0.827416918429003 0.0324773413897281 0.05513595166163142
0 0.2843655589123867 0.8395015105740181 0.04607250755287009 0.04909365558912387
1 0.2775679758308157 0.8024924471299094 0.04607250755287009 0.04154078549848943
1 0.3168429003021148 0.802870090634441 0.026435045317220542 0.060422960725075525
0 0.3368580060422961 0.7983383685800605 0.021148036253776436 0.05891238670694864
1 0.3904833836858006 0.7900302114803626 0.03323262839879154 0.06948640483383686
0 0.4108761329305136 0.7609516616314199 0.02416918429003021 0.05060422960725076
1 0.43655589123867067 0.7601963746223565 0.021148036253776436 0.06117824773413897
0 0.4580815709969788 0.7552870090634441 0.023413897280966767 0.06797583081570997
0 0.4826283987915408 0.7447129909365559 0.027190332326283987 0.060422960725075525
0 0.5060422960725075 0.752643504531722 0.03323262839879154 0.0581570996978852
0 0.5185045317220544 0.7345166163141994 0.0324773413897281 0.05513595166163142
0 0.5404078549848943 0.7246978851963746 0.024924471299093656 0.06268882175226587
0 0.5619335347432024 0.7167673716012085 0.030211480362537763 0.0513595166163142
0 0.9811178247734139 0.5751510574018127 0.028700906344410877 0.07175226586102719
1 0.9569486404833837 0.5849697885196374 0.03172205438066465 0.0702416918429003
0 0.9240936555891238 0.5921450151057401 0.030966767371601207 0.06646525679758308
1 0.9018126888217523 0.5974320241691843 0.0256797583081571 0.05891238670694864
0 0.8935045317220544 0.6155589123867069 0.027190332326283987 0.04833836858006042
0 0.8716012084592145 0.595166163141994 0.0256797583081571 0.0649546827794562
1 0.8515861027190332 0.6166918429003021 0.02945619335347432 0.06117824773413897
0 0.8240181268882175 0.6280211480362538 0.027190332326283987 0.05664652567975831
0 0.7949395770392749 0.6272658610271903 0.03700906344410876 0.05060422960725076
1 0.7802114803625377 0.6518126888217523 0.03474320241691843 0.052870090634441085
0 0.7511329305135952 0.6435045317220544 0.030966767371601207 0.05891238670694864
0 0.7284743202416919 0.6582326283987915 0.02190332326283988 0.0581570996978852
1 0.6098942598187311 0.7035498489425982 0.03700906344410876 0.06873111782477341
0 0.5887462235649547 0.7111027190332326 0.02945619335347432 0.05664652567975831
0 0.6325528700906344 0.6903323262839879 0.02945619335347432 0.05740181268882175
0 0.6555891238670695 0.679380664652568 0.030211480362537763 0.05966767371601209
1 0.6835347432024169 0.6782477341389728 0.030211480362537763 0.05891238670694864
0 0.7039274924471299 0.6680513595166163 0.03323262839879154 0.06268882175226587
