0 0.9286253776435045 0.35536253776435045 0.07779456193353475 0.04003021148036254
0 0.9237160120845922 0.4112537764350453 0.061933534743202415 0.04003021148036254
0 0.9509063444108762 0.44599697885196377 0.06646525679758308 0.04758308157099698
0 0.9648791540785498 0.5113293051359517 0.05966767371601209 0.04833836858006042
0 0.9505287009063444 0.6216012084592145 0.07175226586102719 0.04682779456193353
1 0.948262839879154 0.6695619335347432 0.05060422960725076 0.06419939577039276
0 0.9365558912386707 0.7099697885196374 0.054380664652567974 0.055891238670694864
0 0.9116314199395771 0.7209214501510574 0.03323262839879154 0.06722054380664652
0 0.8870845921450151 0.7413141993957704 0.03700906344410876 0.06419939577039276
1 0.8327039274924471 0.7394259818731118 0.06419939577039276 0.022658610271903322
0 0.8228851963746223 0.7794561933534743 0.06117824773413897 0.03323262839879154
0 0.18882175226586104 0.033987915407854986 0.05891238670694864 0.04984894259818731
0 0.19939577039274925 0.05966767371601209 0.07099697885196375 0.04682779456193353
1 0.2141238670694864 0.09441087613293052 0.06268882175226587 0.03323262839879154
0 0.21978851963746224 0.12235649546827794 0.054380664652567974 0.04078549848942598
1 0.2345166163141994 0.12122356495468278 0.05060422960725076 0.035498489425981876
0 0.23225075528700906 0.14086102719033233 0.05513595166163142 0.026435045317220542
0 0.2326283987915408 0.1555891238670695 0.045317220543806644 0.03323262839879154
0 0.375 0.4679003021148036 0.04154078549848943 0.05513595166163142
0 0.39123867069486407 0.48678247734138974 0.05891238670694864 0.035498489425981876
1 0.40105740181268884 0.5071752265861027 0.05891238670694864 0.04607250755287009
0 0.39463746223564955 0.5347432024169184 0.04305135951661632 0.04833836858006042
0 0.4040785498489426 0.5626888217522659 0.0513595166163142 0.045317220543806644
0 0.4312688821752266 0.5604229607250756 0.04682779456193353 0.045317220543806644
0 0.4259818731117825 0.5895015105740181 0.0513595166163142 0.04003021148036254
0 0.44826283987915405 0.591012084592145 0.06268882175226587 0.04607250755287009
0 0.459214501510574 0.620845921450151 0.05740181268882175 0.045317220543806644
0 0.45959214501510576 0.6612537764350453 0.05966767371601209 0.04305135951661632
0 0.39841389728096677 0.7107250755287009 0.05060422960725076 0.06646525679758308
2 0.38821752265861026 0.7182779456193353 0.0256797583081571 0.0377643504531722
0 0.4788519637462236 0.6771148036253777 0.060422960725075525 0.04003021148036254
0 0.5018882175226587 0.7080815709969789 0.05362537764350453 0.04607250755287009
1 0.5177492447129909 0.7288519637462235 0.05513595166163142 0.04984894259818731
1 0.5094410876132931 0.7749244712990937 0.04909365558912387 0.045317220543806644
0 0.5320996978851964 0.7753021148036254 0.05211480362537765 0.03700906344410876
0 0.5498489425981873 0.8040030211480362 0.0513595166163142 0.0445619335347432
0 0.540785498489426 0.8266616314199395 0.04682779456193353 0.0445619335347432
0 0.5608006042296072 0.8285498489425982 0.04758308157099698 0.04229607250755287
0 0.5675981873111783 0.8319486404833837 0.0581570996978852 0.0324773413897281
0 0.5736404833836858 0.8447885196374623 0.05664652567975831 0.04003021148036254
1 0.6125377643504532 0.8372356495468278 0.027190332326283987 0.0581570996978852
0 0.6435045317220544 0.820619335347432 0.028700906344410877 0.05362537764350453
0 0.6601208459214502 0.823262839879154 0.030211480362537763 0.04682779456193353
0 0.6865558912386707 0.8440332326283988 0.03172205438066465 0.05362537764350453
1 0.6854229607250756 0.8175981873111783 0.04305135951661632 0.05664652567975831
0 0.7129909365558912 0.8191087613293051 0.03625377643504532 0.05060422960725076
0 0.7367824773413897 0.8508308157099698 0.0445619335347432 0.06117824773413897
1 0.7533987915407855 0.8376132930513596 0.03851963746223565 0.061933534743202415
1 0.7783232628398792 0.8481873111782477 0.03700906344410876 0.061933534743202415
0 0.7911631419939577 0.8470543806646526 0.0324773413897281 0.05211480362537765
1 0.8123111782477341 0.8561178247734139 0.04003021148036254 0.05513595166163142
1 0.8255287009063444 0.8459214501510574 0.03625377643504532 0.061933534743202415
0 0.8515861027190332 0.8515861027190332 0.0324773413897281 0.05664652567975831
0 0.8719788519637462 0.8459214501510574 0.03851963746223565 0.0513595166163142
1 0.8999244712990937 0.8304380664652568 0.04003021148036254 0.0581570996978852
0 0.9244712990936556 0.8259063444108762 0.03474320241691843 0.05664652567975831
1 0.949773413897281 0.8187311178247734 0.0445619335347432 0.05891238670694864
0 0.9833836858006042 0.8270392749244713 0.030211480362537763 0.054380664652567974
1 0.9773413897280967 0.7896525679758308 0.03927492447129909 0.05060422960725076
0 0.019259818731117824 0.18617824773413896 0.04003021148036254 0.0324773413897281
0 0.02379154078549849 0.21676737160120846 0.04909365558912387 0.04229607250755287
0 0.034365558912386705 0.23413897280966767 0.06117824773413897 0.027190332326283987
1 0.03474320241691843 0.26586102719033233 0.0634441087613293 0.04380664652567976
0 0.04758308157099698 0.2919184290030212 0.05891238670694864 0.04003021148036254
0 0.06231117824773414 0.3149546827794562 0.05966767371601209 0.03474320241691843
0 0.06608761329305136 0.3372356495468278 0.06117824773413897 0.04154078549848943
0 0.07250755287009064 0.3561178247734139 0.060422960725075525 0.033987915407854986
1 0.10649546827794562 0.4161631419939577 0.054380664652567974 0.04078549848942598
0 0.12424471299093656 0.44410876132930516 0.07175226586102719 0.02416918429003021
0 0.1299093655589124 0.4724320241691843 0.0634441087613293 0.0324773413897281
0 0.14312688821752265 0.48942598187311176 0.05966767371601209 0.027190332326283987
0 0.15143504531722055 0.5173716012084593 0.06268882175226587 0.03323262839879154
0 0.16842900302114805 0.5366314199395771 0.05740181268882175 0.024924471299093656
0 0.1816465256797583 0.5785498489425982 0.05664652567975831 0.030211480362537763
0 0.18957703927492447 0.5989425981873112 0.06797583081570997 0.0256797583081571
0 0.20430513595166164 0.6204682779456193 0.05966767371601209 0.0324773413897281
0 0.21638972809667673 0.6461480362537765 0.05362537764350453 0.03700906344410876
0 0.23074018126888218 0.6722054380664653 0.0581570996978852 0.03625377643504532
1 0.24735649546827795 0.6891993957703928 0.06419939577039276 0.04758308157099698
0 0.25226586102719034 0.724320241691843 0.0634441087613293 0.0377643504531722
0 0.2994712990936556 0.7235649546827795 0.06873111782477341 0.0256797583081571
0 0.2700151057401813 0.7484894259818731 0.05211480362537765 0.03927492447129909
0 0.3402567975830816 0.7783232628398792 0.05966767371601209 0.023413897280966767
0 0.3357250755287009 0.8081570996978852 0.05362537764350453 0.0256797583081571
0 0.2956948640483384 0.7681268882175226 0.0581570996978852 0.0256797583081571
0 0.31797583081570996 0.8474320241691843 0.060422960725075525 0.030211480362537763
0 0.40370090634441086 0.8685800604229608 0.05966767371601209 0.03323262839879154
1 0.361404833836858 0.8761329305135952 0.06419939577039276 0.027190332326283987
0 0.37575528700906347 0.8984138972809668 0.06117824773413897 0.02945619335347432
0 0.30400302114803623 0.8916163141993958 0.0581570996978852 0.030966767371601207
0 0.3447885196374622 0.9259818731117825 0.06117824773413897 0.027190332326283987
0 0.3840634441087613 0.952416918429003 0.05966767371601209 0.03172205438066465
0 0.3632930513595166 0.9641238670694864 0.060422960725075525 0.04003021148036254
0 0.2809667673716012 0.9104984894259819 0.04380664652567976 0.035498489425981876
0 0.327416918429003 0.9607250755287009 0.04909365558912387 0.03927492447129909
0 0.286631419939577 0.9690332326283988 0.06570996978851963 0.030211480362537763
0 0.25755287009063443 0.9203172205438066 0.04682779456193353 0.035498489425981876
0 0.18240181268882175 0.9535498489425982 0.0445619335347432 0.04607250755287009
0 0.2737915407854985 0.9886706948640483 0.05966767371601209 0.019637462235649546
1 0.138595166163142 0.974320241691843 0.05211480362537765 0.04833836858006042
