0 0.26246223564954685 0.06899488926746167 0.033987915407854986 0.07155025553662692
0 0.28700906344410876 0.08177172061328791 0.04229607250755287 0.07155025553662692
0 0.38557401812688824 0.07495741056218058 0.030966767371601207 0.0868824531516184
0 0.4161631419939577 0.06643952299829642 0.03474320241691843 0.07836456558773425
0 0.4516616314199396 0.08347529812606473 0.021148036253776436 0.08177172061328791
0 0.4788519637462236 0.06899488926746167 0.02416918429003021 0.09028960817717206
0 0.5117069486404834 0.05579216354344123 0.024924471299093656 0.09965928449744464
0 0.5354984894259819 0.04940374787052811 0.021148036253776436 0.08006814310051108
0 0.5532477341389728 0.05366269165247019 0.01283987915407855 0.07155025553662692
0 0.6027190332326284 0.03364565587734242 0.02416918429003021 0.06899488926746167
0 0.5793051359516617 0.036201022146507666 0.013595166163141994 0.07240204429301533
