0 0.5672205438066465 0.11442598187311179 0.05891238670694864 0.030966767371601207
0 0.6140483383685801 0.2262084592145015 0.06948640483383686 0.04154078549848943
1 0.6283987915407855 0.2654833836858006 0.060422960725075525 0.04607250755287009
1 0.645392749244713 0.341012084592145 0.06419939577039276 0.03700906344410876
0 0.6427492447129909 0.37424471299093653 0.055891238670694864 0.027945619335347432
0 0.6469033232628398 0.39992447129909364 0.05211480362537765 0.02945619335347432
1 0.6635196374622356 0.422583081570997 0.06419939577039276 0.033987915407854986
0 0.6740936555891238 0.452416918429003 0.05966767371601209 0.03323262839879154
0 0.6839123867069486 0.4780966767371601 0.05664652567975831 0.03474320241691843
0 0.6990181268882175 0.5249244712990937 0.05513595166163142 0.03625377643504532
0 0.7137462235649547 0.5849697885196374 0.06646525679758308 0.02945619335347432
1 0.7043051359516617 0.5547583081570997 0.04909365558912387 0.04154078549848943
1 0.7231873111782477 0.6151812688821753 0.05211480362537765 0.04305135951661632
1 0.726963746223565 0.6378398791540786 0.04909365558912387 0.03700906344410876
1 0.7356495468277946 0.658987915407855 0.054380664652567974 0.04758308157099698
1 0.7598187311178247 0.7046827794561934 0.05740181268882175 0.04078549848942598
0 0.7435800604229608 0.6824018126888217 0.05513595166163142 0.04154078549848943
0 0.7590634441087614 0.7337613293051359 0.061933534743202415 0.033987915407854986
1 0.7643504531722054 0.754154078549849 0.055891238670694864 0.03700906344410876
1 0.7760574018126888 0.7673716012084593 0.05966767371601209 0.03625377643504532
1 0.7813444108761329 0.7941842900302115 0.06117824773413897 0.027945619335347432
1 0.7888972809667674 0.8164652567975831 0.04758308157099698 0.04229607250755287
1 0.7956948640483383 0.8311933534743202 0.04909365558912387 0.04607250755287009
0 0.8236404833836858 0.8395015105740181 0.03851963746223565 0.0324773413897281
0 0.7964501510574018 0.8806646525679759 0.03851963746223565 0.045317220543806644
1 0.8100453172205438 0.9233383685800605 0.03851963746223565 0.05060422960725076
1 0.8311933534743202 0.956570996978852 0.04909365558912387 0.03851963746223565
1 0.8349697885196374 0.9169184290030211 0.04909365558912387 0.03927492447129909
0 0.8255287009063444 0.9841389728096677 0.054380664652567974 0.027190332326283987
3 0.7926737160120846 0.03209969788519638 0.09441087613293052 0.06570996978851963
