3 0.5509818731117825 0.3806646525679758 0.15181268882175228 0.21299093655589124
3 0.8255287009063444 0.5317220543806647 0.1419939577039275 0.18429003021148035
3 0.9531722054380665 0.6510574018126888 0.09063444108761329 0.19788519637462235
3 0.4040785498489426 0.6098942598187311 0.12235649546827794 0.19561933534743203
3 0.5460725075528701 0.6914652567975831 0.13444108761329304 0.19410876132930513
0 0.4425981873111782 0.3175981873111782 0.09214501510574018 0.04305135951661632
0 0.4342900302114804 0.2700151057401813 0.04682779456193353 0.05966767371601209
0 0.4705438066465257 0.24622356495468278 0.03927492447129909 0.05891238670694864
0 0.4973564954682779 0.21978851963746224 0.04154078549848943 0.0634441087613293
0 0.9104984894259819 0.23149546827794562 0.04758308157099698 0.0702416918429003
0 0.8704682779456193 0.20959214501510573 0.07175226586102719 0.04909365558912387
0 0.827416918429003 0.19222054380664652 0.06419939577039276 0.0445619335347432
0 0.8089123867069486 0.1695619335347432 0.03927492447129909 0.05664652567975831
0 0.7862537764350453 0.1540785498489426 0.03625377643504532 0.06948640483383686
0 0.754154078549849 0.13406344410876134 0.04003021148036254 0.06268882175226587
0 0.7375377643504532 0.11895770392749244 0.04758308157099698 0.06117824773413897
0 0.698262839879154 0.09818731117824774 0.03700906344410876 0.06948640483383686
0 0.675226586102719 0.08345921450151057 0.04682779456193353 0.06570996978851963
0 0.6510574018126888 0.06835347432024169 0.060422960725075525 0.04607250755287009
0 0.6280211480362538 0.03851963746223565 0.06722054380664652 0.03474320241691843
0 0.5777945619335347 0.03323262839879154 0.055891238670694864 0.04682779456193353
0 0.35083081570996977 0.04418429003021148 0.07779456193353475 0.04607250755287009
0 0.36442598187311176 0.03134441087613293 0.06570996978851963 0.03851963746223565
0 0.3368580060422961 0.06457703927492447 0.0513595166163142 0.05060422960725076
0 0.31948640483383683 0.09138972809667674 0.054380664652567974 0.055891238670694864
0 0.297583081570997 0.10309667673716012 0.060422960725075525 0.06268882175226587
0 0.2843655589123867 0.12311178247734139 0.04607250755287009 0.04984894259818731
0 0.27152567975830816 0.1537009063444109 0.06722054380664652 0.04607250755287009
0 0.24697885196374622 0.18353474320241692 0.06646525679758308 0.04380664652567976
0 0.23753776435045318 0.2194108761329305 0.05362537764350453 0.05060422960725076
0 0.21525679758308158 0.24622356495468278 0.052870090634441085 0.061933534743202415
0 0.19259818731117825 0.2802114803625378 0.05740181268882175 0.0634441087613293
0 0.18919939577039274 0.31910876132930516 0.04909365558912387 0.06873111782477341
0 0.15974320241691842 0.32779456193353473 0.04758308157099698 0.07099697885196375
0 0.1469033232628399 0.36253776435045315 0.0581570996978852 0.061933534743202415
0 0.13217522658610273 0.39274924471299094 0.04682779456193353 0.04229607250755287
0 0.1148036253776435 0.41389728096676737 0.054380664652567974 0.052870090634441085
0 0.1027190332326284 0.43466767371601206 0.04984894259818731 0.05211480362537765
0 0.08081570996978851 0.4425981873111782 0.04229607250755287 0.04833836858006042
0 0.07477341389728097 0.4754531722054381 0.052870090634441085 0.05060422960725076
0 0.05853474320241692 0.4962235649546828 0.0581570996978852 0.045317220543806644
0 0.03851963746223565 0.5169939577039275 0.055891238670694864 0.03851963746223565
0 0.028700906344410877 0.5366314199395771 0.054380664652567974 0.0445619335347432
0 0.026812688821752265 0.5600453172205438 0.05211480362537765 0.04154078549848943
2 0.28172205438066467 0.7073262839879154 0.028700906344410877 0.033987915407854986
0 0.12953172205438065 0.8164652567975831 0.04003021148036254 0.05891238670694864
0 0.15332326283987915 0.851963746223565 0.04078549848942598 0.0649546827794562
1 0.20468277945619334 0.8901057401812689 0.054380664652567974 0.07477341389728097
0 0.28512084592145015 0.9346676737160121 0.05211480362537765 0.05966767371601209
