0 0.48225075528700906 0.02039274924471299 0.07477341389728097 0.022658610271903322
0 0.5577794561933535 0.04909365558912387 0.06722054380664652 0.03625377643504532
0 0.5879909365558912 0.1129154078549849 0.07175226586102719 0.03851963746223565
0 0.4845166163141994 0.04833836858006042 0.06268882175226587 0.03927492447129909
0 0.5056646525679759 0.07930513595166164 0.06419939577039276 0.028700906344410877
0 0.5132175226586103 0.1042296072507553 0.06570996978851963 0.03323262839879154
1 0.5332326283987915 0.1537009063444109 0.07250755287009064 0.04758308157099698
1 0.5396525679758308 0.1710725075528701 0.06722054380664652 0.033987915407854986
0 0.6049848942598187 0.19448640483383686 0.0634441087613293 0.03851963746223565
0 0.5675981873111783 0.23074018126888218 0.0581570996978852 0.03851963746223565
1 0.5581570996978852 0.25302114803625375 0.06646525679758308 0.0377643504531722
0 0.574773413897281 0.2790785498489426 0.05891238670694864 0.027945619335347432
0 0.6310422960725075 0.2533987915407855 0.05362537764350453 0.026435045317220542
0 0.6435045317220544 0.2790785498489426 0.06797583081570997 0.026435045317220542
0 0.6499244712990937 0.3092900302114804 0.06873111782477341 0.027945619335347432
0 0.5906344410876133 0.3413897280966767 0.0634441087613293 0.04078549848942598
0 0.6559667673716012 0.34629909365558914 0.06570996978851963 0.0324773413897281
1 0.68202416918429 0.3731117824773414 0.07250755287009064 0.03172205438066465
0 0.6140483383685801 0.38104229607250756 0.061933534743202415 0.03851963746223565
0 0.5985649546827795 0.3595166163141994 0.06268882175226587 0.03625377643504532
1 0.6023413897280967 0.43731117824773413 0.04909365558912387 0.0649546827794562
1 0.6487915407854985 0.4161631419939577 0.03474320241691843 0.05891238670694864
0 0.6287764350453172 0.42900302114803623 0.03851963746223565 0.054380664652567974
0 0.69297583081571 0.46034743202416917 0.04154078549848943 0.05362537764350453
0 0.6699395770392749 0.4663897280966767 0.03323262839879154 0.05060422960725076
0 0.2892749244712991 0.02945619335347432 0.06797583081570997 0.03927492447129909
0 0.3085347432024169 0.04607250755287009 0.07175226586102719 0.03625377643504532
0 0.30438066465256797 0.07477341389728097 0.0634441087613293 0.03172205438066465
0 0.2688821752265861 0.14954682779456194 0.05740181268882175 0.03474320241691843
0 0.3217522658610272 0.11555891238670694 0.0513595166163142 0.03927492447129909
0 0.3368580060422961 0.1216012084592145 0.0513595166163142 0.04078549848942598
0 0.3391238670694864 0.1510574018126888 0.060422960725075525 0.03474320241691843
1 0.2790785498489426 0.17258308157099697 0.06117824773413897 0.033987915407854986
0 0.3493202416918429 0.16993957703927492 0.05664652567975831 0.03927492447129909
0 0.29531722054380666 0.20052870090634442 0.061933534743202415 0.02945619335347432
0 0.31419939577039274 0.2277190332326284 0.05740181268882175 0.02945619335347432
0 0.3867069486404834 0.21525679758308158 0.05891238670694864 0.04229607250755287
0 0.3357250755287009 0.25 0.05362537764350453 0.04380664652567976
0 0.37197885196374625 0.18806646525679757 0.05664652567975831 0.03927492447129909
1 0.3466767371601208 0.2775679758308157 0.0634441087613293 0.05060422960725076
0 0.395392749244713 0.24244712990936557 0.06570996978851963 0.04984894259818731
0 0.42371601208459214 0.30551359516616317 0.04833836858006042 0.05362537764350453
0 0.4407099697885196 0.35913897280966767 0.05513595166163142 0.0445619335347432
0 0.35876132930513593 0.3157099697885196 0.04984894259818731 0.0377643504531722
0 0.3723564954682779 0.35083081570996977 0.0513595166163142 0.035498489425981876
0 0.3987915407854985 0.44033232628398794 0.05891238670694864 0.03172205438066465
1 0.4003021148036254 0.40558912386706947 0.06646525679758308 0.03323262839879154
0 0.4199395770392749 0.4777190332326284 0.061933534743202415 0.02945619335347432
0 0.3783987915407855 0.5513595166163142 0.0377643504531722 0.060422960725075525
0 0.41351963746223563 0.5422960725075529 0.035498489425981876 0.054380664652567974
1 0.31910876132930516 0.5804380664652568 0.04758308157099698 0.07326283987915408
0 0.547583081570997 0.5294561933534743 0.04833836858006042 0.07099697885196375
1 0.5207703927492447 0.5385196374622356 0.05060422960725076 0.054380664652567974
0 0.5981873111782477 0.5056646525679759 0.052870090634441085 0.0445619335347432
0 0.5698640483383686 0.5075528700906344 0.05060422960725076 0.0513595166163142
0 0.6295317220543807 0.506797583081571 0.04154078549848943 0.05740181268882175
0 0.5018882175226587 0.5604229607250756 0.03851963746223565 0.052870090634441085
0 0.466012084592145 0.5921450151057401 0.05891238670694864 0.04380664652567976
0 0.3768882175226586 0.6374622356495468 0.04682779456193353 0.0513595166163142
0 0.39992447129909364 0.6283987915407855 0.04003021148036254 0.054380664652567974
0 0.3987915407854985 0.6839123867069486 0.045317220543806644 0.04909365558912387
0 0.425226586102719 0.6808912386706949 0.045317220543806644 0.04909365558912387
0 0.4516616314199396 0.6850453172205438 0.03927492447129909 0.0513595166163142
0 0.4871601208459215 0.6484138972809668 0.061933534743202415 0.04003021148036254
0 0.540785498489426 0.6049848942598187 0.0513595166163142 0.0513595166163142
0 0.5694864048338368 0.5883685800604229 0.03927492447129909 0.061933534743202415
0 0.5932779456193353 0.5830815709969789 0.04003021148036254 0.054380664652567974
0 0.6064954682779456 0.5702416918429003 0.03172205438066465 0.04380664652567976
0 0.6268882175226587 0.5804380664652568 0.04833836858006042 0.05211480362537765
0 0.6484138972809668 0.5683534743202416 0.0445619335347432 0.04909365558912387
0 0.6597432024169184 0.5725075528700906 0.04909365558912387 0.054380664652567974
0 0.6691842900302115 0.5468277945619335 0.045317220543806644 0.04682779456193353
0 0.6941087613293051 0.5392749244712991 0.04229607250755287 0.04380664652567976
0 0.706570996978852 0.5147280966767371 0.04003021148036254 0.0445619335347432
0 0.7273413897280967 0.5064199395770392 0.045317220543806644 0.04758308157099698
1 0.7522658610271903 0.48564954682779454 0.04984894259818731 0.0513595166163142
0 0.775679758308157 0.4799848942598187 0.04078549848942598 0.0445619335347432
0 0.7949395770392749 0.4705438066465257 0.04758308157099698 0.0513595166163142
0 0.8130664652567976 0.45657099697885195 0.04305135951661632 0.0445619335347432
2 0.8874622356495468 0.46110271903323263 0.03625377643504532 0.035498489425981876
0 0.46865558912386707 0.9365558912386707 0.03851963746223565 0.055891238670694864
0 0.49131419939577037 0.9305135951661632 0.03851963746223565 0.055891238670694864
0 0.5124622356495468 0.9165407854984894 0.04305135951661632 0.04909365558912387
0 0.5487160120845922 0.8969033232628398 0.03700906344410876 0.04909365558912387
1 0.5320996978851964 0.9014350453172205 0.033987915407854986 0.0445619335347432
0 0.5649546827794562 0.8806646525679759 0.0377643504531722 0.05740181268882175
1 0.6042296072507553 0.8757552870090635 0.03474320241691843 0.0581570996978852
0 0.6348187311178247 0.8663141993957704 0.03851963746223565 0.04984894259818731
0 0.6631419939577039 0.8591389728096677 0.03927492447129909 0.05060422960725076
1 0.6978851963746223 0.8564954682779456 0.0513595166163142 0.060422960725075525
0 0.722809667673716 0.827416918429003 0.04833836858006042 0.05362537764350453
0 0.7507552870090635 0.8115558912386707 0.04229607250755287 0.0581570996978852
0 0.8009818731117825 0.7760574018126888 0.04305135951661632 0.05211480362537765
0 0.7843655589123867 0.7994712990936556 0.04305135951661632 0.0581570996978852
0 0.8187311178247734 0.7605740181268882 0.0377643504531722 0.04833836858006042
0 0.8485649546827795 0.7583081570996979 0.035498489425981876 0.055891238670694864
1 0.8651812688821753 0.7299848942598187 0.03700906344410876 0.05060422960725076
0 0.9339123867069486 0.7114803625377644 0.05513595166163142 0.03927492447129909
0 0.959214501510574 0.7518882175226587 0.05891238670694864 0.04154078549848943
0 0.9459969788519638 0.7783232628398792 0.0445619335347432 0.03851963746223565
0 0.9350453172205438 0.7956948640483383 0.04682779456193353 0.04154078549848943
0 0.9044561933534743 0.7960725075528701 0.03851963746223565 0.045317220543806644
0 0.8878398791540786 0.80702416918429 0.03700906344410876 0.04758308157099698
0 0.8821752265861027 0.8372356495468278 0.04682779456193353 0.05362537764350453
0 0.8591389728096677 0.8345921450151057 0.04154078549848943 0.0513595166163142
0 0.8406344410876133 0.8440332326283988 0.030211480362537763 0.04758308157099698
0 0.8066465256797583 0.8685800604229608 0.04078549848942598 0.04984894259818731
0 0.7847432024169184 0.879154078549849 0.0377643504531722 0.055891238670694864
0 0.7530211480362538 0.8844410876132931 0.04229607250755287 0.061933534743202415
0 0.6952416918429003 0.9131419939577039 0.04758308157099698 0.04229607250755287
0 0.6695619335347432 0.9248489425981873 0.05060422960725076 0.0445619335347432
0 0.6151812688821753 0.9629909365558912 0.03700906344410876 0.0634441087613293
0 0.5898791540785498 0.974320241691843 0.0377643504531722 0.045317220543806644
0 0.895392749244713 0.972809667673716 0.027945619335347432 0.03927492447129909
0 0.9350453172205438 0.9663897280966768 0.03474320241691843 0.04607250755287009
