3 0.2330060422960725 0.5068143100511073 0.18957703927492447 0.10562180579216354
3 0.25 0.7738500851788757 0.16767371601208458 0.10477001703577513
3 0.23564954682779457 0.9501703577512777 0.16012084592145015 0.08773424190800681
3 0.9237160120845922 0.1563032367972743 0.05740181268882175 0.09965928449744464
2 0.7956948640483383 0.4944633730834753 0.024924471299093656 0.026405451448040886
0 0.7968277945619335 0.49829642248722317 0.02416918429003021 0.06643952299829642
2 0.7209214501510574 0.5298126064735945 0.026435045317220542 0.030664395229982964
2 0.724320241691843 0.5489778534923339 0.03323262839879154 0.03833049403747871
2 0.7685045317220544 0.7674616695059625 0.03700906344410876 0.040885860306643956
2 0.5766616314199395 0.7879045996592845 0.035498489425981876 0.03747870528109029
2 0.5098187311178247 0.8939522998296423 0.0377643504531722 0.04514480408858603
0 0.5785498489425982 0.7959965928449745 0.03172205438066465 0.062180579216354344
