0 0.37575528700906347 0.4559228650137741 0.05060422960725076 0.06336088154269973
0 0.36744712990936557 0.3891184573002755 0.05060422960725076 0.03994490358126722
0 0.3795317220543807 0.35330578512396693 0.05513595166163142 0.05371900826446281
0 0.3557401812688822 0.3347107438016529 0.054380664652567974 0.0440771349862259
0 0.3485649546827795 0.2775482093663912 0.05664652567975831 0.05371900826446281
0 0.3047583081570997 0.15771349862258954 0.030966767371601207 0.10055096418732783
0 0.3221299093655589 0.024793388429752067 0.035498489425981876 0.049586776859504134
0 0.3236404833836858 0.06680440771349863 0.04154078549848943 0.05922865013774105
0 0.19561933534743203 0.02134986225895317 0.04984894259818731 0.03994490358126722
0 0.20279456193353473 0.048209366391184574 0.04758308157099698 0.05234159779614325
0 0.20468277945619334 0.08677685950413223 0.054380664652567974 0.046831955922865015
0 0.2175226586102719 0.15151515151515152 0.04984894259818731 0.049586776859504134
0 0.27983383685800606 0.5192837465564738 0.05362537764350453 0.049586776859504134
0 0.2843655589123867 0.47176308539944906 0.04909365558912387 0.045454545454545456
0 0.2617069486404834 0.45523415977961434 0.04909365558912387 0.04269972451790634
0 0.24697885196374622 0.3477961432506887 0.06646525679758308 0.05371900826446281
0 0.2571752265861027 0.384297520661157 0.05060422960725076 0.049586776859504134
0 0.2639728096676737 0.4118457300275482 0.05513595166163142 0.0440771349862259
0 0.24622356495468278 0.3071625344352617 0.054380664652567974 0.04132231404958678
0 0.23527190332326284 0.2768595041322314 0.04154078549848943 0.05234159779614325
0 0.22847432024169184 0.23209366391184574 0.0445619335347432 0.05096418732782369
1 0.22545317220543806 0.16460055096418733 0.05060422960725076 0.081267217630854
0 0.22922960725075528 0.19146005509641872 0.04003021148036254 0.05234159779614325
