3 0.16049848942598188 0.5728279386712095 0.20317220543806647 0.10988074957410562
3 0.9150302114803626 0.2551107325383305 0.16540785498489427 0.14906303236797275
2 0.0755287009063444 0.4386712095400341 0.04078549848942598 0.044293015332197615
0 0.06570996978851963 0.4476149914821124 0.07099697885196375 0.05706984667802385
0 0.06722054380664652 0.31814310051107325 0.03172205438066465 0.058773424190800685
0 0.08270392749244714 0.3113287904599659 0.03700906344410876 0.058773424190800685
0 0.10800604229607251 0.3036626916524702 0.03625377643504532 0.065587734241908
0 0.13821752265861026 0.29173764906303234 0.03323262839879154 0.06899488926746167
1 0.16805135951661632 0.27981260647359457 0.033987915407854986 0.06899488926746167
0 0.19410876132930513 0.2657580919931857 0.03172205438066465 0.06643952299829642
1 0.21336858006042297 0.2614991482112436 0.035498489425981876 0.06984667802385008
0 0.23829305135951662 0.2495741056218058 0.0324773413897281 0.07495741056218058
1 0.2571752265861027 0.25255536626916525 0.03700906344410876 0.0706984667802385
0 0.2722809667673716 0.23722316865417375 0.033987915407854986 0.065587734241908
0 0.2919184290030212 0.2223168654173765 0.030966767371601207 0.06814310051107325
0 0.313821752265861 0.20826235093696763 0.030966767371601207 0.06388415672913117
0 0.3440332326283988 0.2125212947189097 0.033987915407854986 0.062180579216354344
0 0.3568731117824773 0.2061328790459966 0.0445619335347432 0.06984667802385008
0 0.37613293051359514 0.17120954003407154 0.030211480362537763 0.06303236797274277
0 0.3931268882175227 0.17206132879045996 0.024924471299093656 0.06643952299829642
0 0.40483383685800606 0.15502555366269166 0.03172205438066465 0.05792163543441227
0 0.4271148036253776 0.17589437819420783 0.04909365558912387 0.07921635434412266
0 0.4369335347432024 0.16098807495741058 0.03851963746223565 0.06473594548551959
0 0.4433534743202417 0.13373083475298125 0.03927492447129909 0.06473594548551959
0 0.47394259818731116 0.1567291311754685 0.03851963746223565 0.06984667802385008
0 0.4762084592145015 0.12095400340715502 0.0324773413897281 0.07325383304940375
0 0.4962235649546828 0.12989778534923338 0.0377643504531722 0.075809199318569
0 0.527190332326284 0.11584327086882454 0.028700906344410877 0.07666098807495741
0 0.5468277945619335 0.10988074957410562 0.03927492447129909 0.07495741056218058
0 0.5672205438066465 0.10647359454855196 0.03625377643504532 0.07325383304940375
0 0.600453172205438 0.0919931856899489 0.04984894259818731 0.059625212947189095
0 0.625 0.0821976149914821 0.033987915407854986 0.06388415672913117
0 0.6510574018126888 0.07751277683134583 0.04682779456193353 0.07325383304940375
0 0.6733383685800605 0.06090289608177172 0.03700906344410876 0.06899488926746167
0 0.7220543806646526 0.0379045996592845 0.04380664652567976 0.06047700170357751
0 0.7492447129909365 0.03236797274275979 0.03625377643504532 0.06303236797274277
0 0.8693353474320241 0.2125212947189097 0.04380664652567976 0.051959114139693355
0 0.8481873111782477 0.2218909710391823 0.021148036253776436 0.062180579216354344
1 0.7768126888217523 0.3062180579216354 0.08383685800604229 0.041737649063032366
0 0.800226586102719 0.3368824531516184 0.06873111782477341 0.046848381601362864
1 0.7949395770392749 0.27810902896081774 0.06117824773413897 0.04514480408858603
0 0.8036253776435045 0.38458262350936967 0.06797583081570997 0.051959114139693355
0 0.8157099697885196 0.41652470187393525 0.0770392749244713 0.034071550255536626
0 0.8040030211480362 0.436541737649063 0.06419939577039276 0.03321976149914821
0 0.8183534743202416 0.45954003407155025 0.06419939577039276 0.03492333901192504
0 0.8213746223564955 0.47998296422487224 0.06873111782477341 0.03492333901192504
0 0.8383685800604229 0.4991482112436116 0.052870090634441085 0.03747870528109029
0 0.8508308157099698 0.5336456558773425 0.04909365558912387 0.028109028960817718
0 0.8530966767371602 0.5549403747870528 0.06268882175226587 0.03492333901192504
0 0.8666918429003021 0.5821976149914821 0.06570996978851963 0.03492333901192504
0 0.8629154078549849 0.606473594548552 0.07175226586102719 0.039182282793867124
0 0.8836858006042296 0.6183986371379898 0.055891238670694864 0.040885860306643956
0 0.8942598187311178 0.6401192504258943 0.061933534743202415 0.028109028960817718
0 0.8946374622356495 0.6665247018739353 0.07628398791540786 0.03833049403747871
0 0.6706948640483383 0.5042589437819421 0.061933534743202415 0.040885860306643956
0 0.6737160120845922 0.5506814310051107 0.06797583081570997 0.031516183986371384
0 0.6876888217522659 0.5826235093696763 0.06570996978851963 0.034071550255536626
0 0.695619335347432 0.6149914821124361 0.07099697885196375 0.028960817717206135
1 0.7095921450151057 0.6396933560477002 0.06873111782477341 0.034071550255536626
0 0.7152567975830816 0.6545996592844975 0.0649546827794562 0.041737649063032366
0 0.7262084592145015 0.684412265758092 0.0581570996978852 0.036626916524701875
0 0.7322507552870091 0.7146507666098808 0.0581570996978852 0.040885860306643956
0 0.256797583081571 0.5127768313458262 0.0377643504531722 0.059625212947189095
0 0.2745468277945619 0.497870528109029 0.04305135951661632 0.05366269165247019
0 0.29682779456193353 0.48594548551959116 0.0513595166163142 0.06388415672913117
0 0.3270392749244713 0.44122657580919933 0.03625377643504532 0.06643952299829642
0 0.3530966767371601 0.4629471890971039 0.030966767371601207 0.05706984667802385
0 0.37726586102719034 0.4565587734241908 0.026435045317220542 0.06473594548551959
0 0.39161631419939574 0.42163543441226575 0.0188821752265861 0.06132879045996593
0 0.4131419939577039 0.4395229982964225 0.028700906344410877 0.07155025553662692
0 0.436178247734139 0.4395229982964225 0.026435045317220542 0.06814310051107325
0 0.4569486404833837 0.42546848381601365 0.03172205438066465 0.065587734241908
0 0.4705438066465257 0.42206132879046 0.0377643504531722 0.06729131175468483
0 0.48489425981873113 0.40545144804088584 0.03625377643504532 0.05792163543441227
0 0.5060422960725075 0.4067291311754685 0.0377643504531722 0.06047700170357751
1 0.5392749244712991 0.3530664395229983 0.04229607250755287 0.07921635434412266
0 0.5879909365558912 0.34497444633730834 0.04305135951661632 0.08006814310051108
0 0.6257552870090635 0.3428449744463373 0.03851963746223565 0.0706984667802385
0 0.5630664652567976 0.4250425894378194 0.04758308157099698 0.06132879045996593
0 0.6057401812688822 0.43100511073253833 0.0256797583081571 0.059625212947189095
0 0.6197129909365559 0.4510221465076661 0.04909365558912387 0.05706984667802385
0 0.6518126888217523 0.41652470187393525 0.03625377643504532 0.054514480408858604
0 0.638595166163142 0.46337308347529815 0.04909365558912387 0.039182282793867124
1 0.7575528700906344 0.7372231686541738 0.07401812688821752 0.04514480408858603
0 0.7594410876132931 0.760221465076661 0.07175226586102719 0.031516183986371384
0 0.7654833836858006 0.7883304940374787 0.06419939577039276 0.031516183986371384
0 0.783987915407855 0.8202725724020443 0.0649546827794562 0.04258943781942078
0 0.800226586102719 0.8641396933560477 0.05513595166163142 0.036626916524701875
0 0.8145770392749244 0.9003407155025553 0.05966767371601209 0.03747870528109029
0 0.820619335347432 0.9288756388415673 0.06419939577039276 0.031516183986371384
0 0.8236404833836858 0.9518739352640545 0.06419939577039276 0.03833049403747871
0 0.9127643504531722 0.6980408858603067 0.0702416918429003 0.024701873935264056
0 0.9237160120845922 0.7214650766609881 0.060422960725075525 0.030664395229982964
0 0.9373111782477341 0.745741056218058 0.07099697885196375 0.031516183986371384
0 0.9452416918429003 0.7712947189097104 0.06873111782477341 0.031516183986371384
0 0.9584592145015106 0.803236797274276 0.06948640483383686 0.04599659284497445
