1 0.8780211480362538 0.11983471074380166 0.06873111782477341 0.08539944903581267
1 0.5336102719033232 0.6680440771349863 0.02945619335347432 0.12396694214876033
1 0.599320241691843 0.6893939393939394 0.03851963746223565 0.1115702479338843
0 0.7450906344410876 0.7231404958677686 0.030966767371601207 0.11570247933884298
0 0.7692598187311178 0.8836088154269973 0.02945619335347432 0.11983471074380166
0 0.7477341389728097 0.8629476584022039 0.028700906344410877 0.10330578512396695
0 0.7126132930513596 0.825068870523416 0.03851963746223565 0.11294765840220386
0 0.6718277945619335 0.8526170798898072 0.0445619335347432 0.11019283746556474
0 0.6367069486404834 0.8643250688705234 0.03323262839879154 0.10330578512396695
0 0.5970543806646526 0.8560606060606061 0.03700906344410876 0.08953168044077135
0 0.7069486404833837 0.7059228650137741 0.027190332326283987 0.10330578512396695
0 0.6812688821752266 0.6804407713498623 0.027190332326283987 0.1046831955922865
0 0.6582326283987915 0.6873278236914601 0.02945619335347432 0.11019283746556474
0 0.625 0.699724517906336 0.026435045317220542 0.1046831955922865
0 0.529833836858006 0.8106060606060607 0.033987915407854986 0.10606060606060606
0 0.5030211480362538 0.8409090909090909 0.03474320241691843 0.08953168044077135
0 0.5007552870090635 0.6632231404958678 0.02416918429003021 0.11983471074380166
0 0.4762084592145015 0.7128099173553719 0.033987915407854986 0.09504132231404959
0 0.4478851963746224 0.6866391184573003 0.03172205438066465 0.1115702479338843
0 0.4161631419939577 0.699724517906336 0.030211480362537763 0.10743801652892562
0 0.4229607250755287 0.8801652892561984 0.03323262839879154 0.09917355371900827
0 0.3923716012084592 0.890495867768595 0.035498489425981876 0.10606060606060606
0 0.3923716012084592 0.7114325068870524 0.027945619335347432 0.09504132231404959
0 0.36895770392749244 0.690771349862259 0.03700906344410876 0.08677685950413223
0 0.35989425981873113 0.7196969696969697 0.03700906344410876 0.08953168044077135
0 0.33534743202416917 0.731404958677686 0.03625377643504532 0.09090909090909091
0 0.31268882175226587 0.7382920110192838 0.0377643504531722 0.08264462809917356
0 0.2994712990936556 0.7679063360881543 0.0324773413897281 0.09779614325068871
0 0.28058912386706947 0.759641873278237 0.035498489425981876 0.09228650137741047
0 0.2707703927492447 0.7796143250688705 0.02945619335347432 0.09641873278236915
0 0.24735649546827795 0.7506887052341598 0.03700906344410876 0.08264462809917356
0 0.24471299093655588 0.7933884297520661 0.03927492447129909 0.09090909090909091
0 0.36064954682779454 0.9414600550964187 0.026435045317220542 0.10881542699724518
1 0.5600453172205438 0.90633608815427 0.0324773413897281 0.10192837465564739
1 0.32892749244712993 0.9566115702479339 0.023413897280966767 0.07851239669421488
1 0.2983383685800604 0.9621212121212122 0.021148036253776436 0.07024793388429752
1 0.2719033232628399 0.9628099173553719 0.0256797583081571 0.06611570247933884
1 0.1472809667673716 0.7796143250688705 0.04078549848942598 0.11019283746556474
0 0.21450151057401812 0.7871900826446281 0.03474320241691843 0.09779614325068871
0 0.17560422960725075 0.7238292011019284 0.0445619335347432 0.09228650137741047
0 0.12613293051359517 0.7865013774104683 0.04078549848942598 0.09641873278236915
0 0.2035498489425982 0.8526170798898072 0.027945619335347432 0.11294765840220386
0 0.17862537764350453 0.8512396694214877 0.02945619335347432 0.09090909090909091
0 0.20732628398791542 0.9380165289256198 0.033987915407854986 0.0881542699724518
0 0.18051359516616314 0.9524793388429752 0.030211480362537763 0.08677685950413223
0 0.581570996978852 0.7045454545454546 0.03172205438066465 0.08402203856749312
0 0.5872356495468278 0.0915977961432507 0.0445619335347432 0.10606060606060606
0 0.5577794561933535 0.1184573002754821 0.035498489425981876 0.09917355371900827
0 0.5302114803625377 0.12672176308539945 0.02416918429003021 0.10743801652892562
0 0.502643504531722 0.13429752066115702 0.03851963746223565 0.10881542699724518
0 0.47583081570996977 0.11983471074380166 0.0256797583081571 0.11019283746556474
0 0.44561933534743203 0.16046831955922866 0.0377643504531722 0.08402203856749312
1 0.4554380664652568 0.12052341597796143 0.03323262839879154 0.1115702479338843
0 0.4104984894259819 0.1322314049586777 0.04607250755287009 0.09366391184573003
0 0.4044561933534743 0.18388429752066116 0.03700906344410876 0.08677685950413223
0 0.37990936555891236 0.19559228650137742 0.03172205438066465 0.09090909090909091
0 0.35007552870090636 0.2100550964187328 0.04305135951661632 0.08677685950413223
0 0.3104229607250755 0.22038567493112948 0.03323262839879154 0.09917355371900827
1 0.3323262839879154 0.209366391184573 0.04229607250755287 0.09917355371900827
1 0.2836102719033233 0.24931129476584024 0.0324773413897281 0.1046831955922865
1 0.2564199395770393 0.26584022038567495 0.027945619335347432 0.10192837465564739
1 0.24433534743202417 0.3085399449035813 0.023413897280966767 0.07162534435261708
1 0.21601208459214502 0.24586776859504134 0.060422960725075525 0.06473829201101929
0 0.2262084592145015 0.29545454545454547 0.014350453172205438 0.081267217630854
0 0.19184290030211482 0.3044077134986226 0.028700906344410877 0.10192837465564739
0 0.16767371601208458 0.2892561983471075 0.03172205438066465 0.07988980716253444
0 0.1559667673716012 0.3168044077134986 0.0445619335347432 0.0881542699724518
0 0.15483383685800603 0.3787878787878788 0.01812688821752266 0.09641873278236915
0 0.13972809667673716 0.3643250688705234 0.015105740181268881 0.09504132231404959
0 0.12235649546827794 0.3278236914600551 0.0256797583081571 0.08264462809917356
0 0.10347432024169184 0.34090909090909094 0.03172205438066465 0.081267217630854
0 0.1061178247734139 0.19352617079889808 0.02945619335347432 0.08402203856749312
0 0.04569486404833837 0.18801652892561985 0.03700906344410876 0.09504132231404959
1 0.07439577039274925 0.3553719008264463 0.03851963746223565 0.09917355371900827
1 0.0411631419939577 0.365702479338843 0.035498489425981876 0.10330578512396695
