0 0.03585657370517928 0.11499148211243612 0.055776892430278883 0.05281090289608177
0 0.08366533864541832 0.10945485519591142 0.07569721115537849 0.051959114139693355
0 0.12250996015936255 0.10477001703577513 0.06573705179282868 0.056218057921635436
1 0.16733067729083664 0.10519591141396933 0.06374501992031872 0.05366269165247019
0 0.20617529880478086 0.09540034071550256 0.08565737051792828 0.05792163543441227
0 0.24302788844621515 0.07666098807495741 0.05179282868525896 0.05281090289608177
0 0.30378486055776893 0.08049403747870529 0.049800796812749 0.058773424190800685
0 0.3286852589641434 0.06729131175468483 0.07569721115537849 0.059625212947189095
0 0.3844621513944223 0.061754684838160136 0.0796812749003984 0.058773424190800685
1 0.4243027888446215 0.05919931856899489 0.06772908366533864 0.05366269165247019
0 0.4452191235059761 0.05706984667802385 0.07768924302788845 0.056218057921635436
0 0.5298804780876494 0.05281090289608177 0.07569721115537849 0.06814310051107325
