3 0.09071550255536627 0.23225075528700906 0.12350936967632027 0.1623867069486405
3 0.27896081771720616 0.2035498489425982 0.14565587734241908 0.1729607250755287
3 0.4663543441226576 0.15219033232628398 0.16780238500851788 0.16842900302114805
3 0.11669505962521295 0.650679758308157 0.12606473594548553 0.15634441087613293
3 0.2632027257240204 0.6087613293051359 0.141396933560477 0.16163141993957703
3 0.42248722316865417 0.5819486404833837 0.151618398637138 0.18957703927492447
3 0.573679727427598 0.5456948640483383 0.1575809199318569 0.1865558912386707
3 0.7291311754684838 0.5260574018126888 0.131175468483816 0.1729607250755287
3 0.05068143100511073 0.9078549848942599 0.09795570698466781 0.16767371601208458
3 0.20357751277683134 0.8700906344410876 0.14821124361158433 0.1540785498489426
3 0.3649914821124361 0.8436555891238671 0.15076660988074958 0.16163141993957703
3 0.5217206132879046 0.8391238670694864 0.14224872231686542 0.19788519637462235
3 0.6656729131175468 0.8032477341389728 0.13713798977853492 0.17749244712990936
3 0.8407155025553663 0.7681268882175226 0.16524701873935263 0.17220543806646527
