0 0.5894378194207837 0.7542589437819421 0.04258943781942078 0.05706984667802385
0 0.5647359454855196 0.7448892674616695 0.04940374787052811 0.05366269165247019
0 0.6712095400340715 0.9173764906303237 0.07155025553662692 0.044293015332197615
0 0.6733390119250426 0.954855195911414 0.07240204429301533 0.03577512776831346
0 0.4752981260647359 0.7551107325383305 0.040885860306643956 0.05706984667802385
0 0.446763202725724 0.7721465076660988 0.04514480408858603 0.062180579216354344
0 0.411839863713799 0.7636286201022147 0.03833049403747871 0.06899488926746167
0 0.38884156729131175 0.7712947189097104 0.04003407155025554 0.06047700170357751
0 0.35689948892674617 0.7832197614991482 0.04258943781942078 0.062180579216354344
0 0.3330494037478705 0.7955706984667803 0.034071550255536626 0.06132879045996593
0 0.3104770017035775 0.801107325383305 0.041737649063032366 0.05706984667802385
0 0.29471890971039183 0.8232538330494038 0.03747870528109029 0.06899488926746167
0 0.26873935264054516 0.821550255536627 0.041737649063032366 0.06388415672913117
0 0.21124361158432708 0.8551959114139693 0.040885860306643956 0.059625212947189095
1 0.184412265758092 0.8628620102214651 0.0434412265758092 0.06473594548551959
0 0.1690800681431005 0.8824531516183987 0.04003407155025554 0.05792163543441227
0 0.15843270868824533 0.8671209540034072 0.039182282793867124 0.06643952299829642
0 0.13756388415672913 0.9067291311754685 0.0434412265758092 0.05706984667802385
0 0.10945485519591142 0.903747870528109 0.03321976149914821 0.059625212947189095
1 0.09412265758091994 0.8990630323679728 0.03321976149914821 0.065587734241908
1 0.07495741056218058 0.9092844974446337 0.03747870528109029 0.05025553662691652
0 0.08006814310051108 0.9497444633730835 0.03747870528109029 0.059625212947189095
0 0.04599659284497445 0.9288756388415673 0.03747870528109029 0.058773424190800685
0 0.028960817717206135 0.948892674616695 0.039182282793867124 0.06132879045996593
0 0.5276831345826235 0.03492333901192504 0.07240204429301533 0.04258943781942078
2 0.514480408858603 0.029386712095400343 0.044293015332197615 0.036626916524701875
