3 0.44826283987915405 0.6012084592145015 0.1986404833836858 0.1299093655589124
3 0.44222054380664655 0.7265861027190332 0.21525679758308158 0.12386706948640483
1 0.02945619335347432 0.4188066465256798 0.04078549848942598 0.06722054380664652
0 0.05060422960725076 0.402190332326284 0.019637462235649546 0.05664652567975831
1 0.0857250755287009 0.3987915407854985 0.030966767371601207 0.055891238670694864
0 0.07515105740181269 0.41729607250755285 0.030966767371601207 0.05211480362537765
1 0.13406344410876134 0.388595166163142 0.035498489425981876 0.0581570996978852
0 0.10498489425981873 0.39463746223564955 0.028700906344410877 0.04909365558912387
0 0.17182779456193353 0.37990936555891236 0.03700906344410876 0.07250755287009064
1 0.2020392749244713 0.37009063444108764 0.033987915407854986 0.061933534743202415
0 0.2258308157099698 0.3693353474320242 0.02416918429003021 0.05891238670694864
1 0.2552870090634441 0.3421450151057402 0.03474320241691843 0.054380664652567974
0 0.29040785498489424 0.35158610271903323 0.04758308157099698 0.04154078549848943
0 0.29871601208459214 0.3259063444108761 0.05211480362537765 0.03851963746223565
0 0.3459214501510574 0.3164652567975831 0.0649546827794562 0.045317220543806644
0 0.5404078549848943 0.8712235649546828 0.06268882175226587 0.030966767371601207
1 0.5547583081570997 0.9101208459214502 0.06570996978851963 0.028700906344410877
0 0.5638217522658611 0.9358006042296072 0.04909365558912387 0.022658610271903322
1 0.584214501510574 0.9833836858006042 0.05362537764350453 0.027190332326283987
0 0.6102719033232629 0.8183534743202416 0.04682779456193353 0.04003021148036254
0 0.6227341389728097 0.8432779456193353 0.05211480362537765 0.04607250755287009
0 0.6435045317220544 0.8568731117824774 0.052870090634441085 0.03851963746223565
0 0.6638972809667674 0.8772658610271903 0.045317220543806644 0.05060422960725076
1 0.6623867069486404 0.9097432024169184 0.05740181268882175 0.03700906344410876
0 0.6680513595166163 0.9316465256797583 0.06268882175226587 0.04305135951661632
0 0.6858006042296072 0.9584592145015106 0.054380664652567974 0.03474320241691843
0 0.9237160120845922 0.055513595166163145 0.052870090634441085 0.0445619335347432
2 0.918429003021148 0.060422960725075525 0.03625377643504532 0.021148036253776436
0 0.6476586102719033 0.028700906344410877 0.05362537764350453 0.03927492447129909
0 0.970166163141994 0.2141238670694864 0.030966767371601207 0.05211480362537765
0 0.9577039274924471 0.23225075528700906 0.04078549848942598 0.05060422960725076
0 0.9346676737160121 0.22167673716012085 0.04003021148036254 0.04607250755287009
0 0.9301359516616314 0.24697885196374622 0.04909365558912387 0.052870090634441085
0 0.9003021148036254 0.25604229607250756 0.04380664652567976 0.04682779456193353
0 0.9716767371601208 0.3013595166163142 0.030966767371601207 0.04984894259818731
1 0.9384441087613293 0.31268882175226587 0.033987915407854986 0.054380664652567974
0 0.9218277945619335 0.32968277945619334 0.04003021148036254 0.0581570996978852
0 0.902190332326284 0.3376132930513595 0.03851963746223565 0.05740181268882175
0 0.8583836858006042 0.2877643504531722 0.04758308157099698 0.055891238670694864
0 0.8867069486404834 0.2726586102719033 0.04682779456193353 0.04833836858006042
1 0.8357250755287009 0.29607250755287007 0.04758308157099698 0.04984894259818731
0 0.8108006042296072 0.30513595166163143 0.0445619335347432 0.04682779456193353
0 0.7904078549848943 0.3187311178247734 0.05060422960725076 0.0513595166163142
0 0.7666163141993958 0.327416918429003 0.052870090634441085 0.05513595166163142
1 0.8991691842900302 0.42900302114803623 0.06268882175226587 0.030211480362537763
0 0.9229607250755287 0.3987915407854985 0.03474320241691843 0.060422960725075525
1 0.9437311178247734 0.388595166163142 0.026435045317220542 0.05060422960725076
0 0.9629909365558912 0.37613293051359514 0.0377643504531722 0.0513595166163142
1 0.9818731117824774 0.3678247734138973 0.027190332326283987 0.061933534743202415
0 0.927870090634441 0.45996978851963743 0.05211480362537765 0.030211480362537763
0 0.93202416918429 0.4966012084592145 0.0634441087613293 0.024924471299093656
0 0.9705438066465257 0.42749244712990936 0.04984894259818731 0.030211480362537763
0 0.976963746223565 0.4573262839879154 0.035498489425981876 0.024924471299093656
0 0.975453172205438 0.4811178247734139 0.03851963746223565 0.030211480362537763
0 0.9712990936555891 0.69297583081571 0.045317220543806644 0.035498489425981876
0 0.9626132930513596 0.611404833836858 0.04758308157099698 0.0324773413897281
0 0.9463746223564955 0.5585347432024169 0.05740181268882175 0.027945619335347432
0 0.9373111782477341 0.5275679758308157 0.061933534743202415 0.024924471299093656
