0 0.14841389728096677 0.21933560477001704 0.05362537764350453 0.026405451448040886
0 0.1540785498489426 0.2559625212947189 0.0513595166163142 0.029812606473594547
0 0.1578549848942598 0.28109028960817717 0.05740181268882175 0.030664395229982964
0 0.01472809667673716 0.4237649063032368 0.027945619335347432 0.06729131175468483
2 0.013595166163141994 0.42206132879046 0.0256797583081571 0.031516183986371384
0 0.07930513595166164 0.3164395229982964 0.04984894259818731 0.031516183986371384
0 0.0702416918429003 0.44804088586030666 0.045317220543806644 0.04770017035775128
0 0.08157099697885196 0.25681431005110733 0.04984894259818731 0.03492333901192504
0 0.07628398791540786 0.2785349233390119 0.0513595166163142 0.027257240204429302
0 0.16200906344410876 0.32751277683134583 0.05211480362537765 0.04003407155025554
0 0.1646525679758308 0.36754684838160134 0.054380664652567974 0.031516183986371384
0 0.16012084592145015 0.3952299829642249 0.0513595166163142 0.030664395229982964
0 0.1797583081570997 0.47402044293015333 0.054380664652567974 0.0434412265758092
0 0.1846676737160121 0.5191652470187393 0.05664652567975831 0.036626916524701875
0 0.1778700906344411 0.5536626916524702 0.0581570996978852 0.044293015332197615
0 0.09969788519637462 0.5830494037478705 0.061933534743202415 0.036626916524701875
0 0.17900302114803626 0.6158432708688245 0.061933534743202415 0.039182282793867124
0 0.09327794561933535 0.6367120954003407 0.05966767371601209 0.03833049403747871
0 0.20090634441087613 0.7304088586030665 0.05740181268882175 0.028109028960817718
0 0.18542296072507553 0.7810902896081772 0.033987915407854986 0.059625212947189095
0 0.18693353474320243 0.8449744463373083 0.05664652567975831 0.040885860306643956
0 0.19977341389728095 0.9680579216354345 0.05664652567975831 0.03321976149914821
0 0.09743202416918428 0.9578364565587735 0.05891238670694864 0.026405451448040886
0 0.09478851963746224 0.9718909710391823 0.0581570996978852 0.022146507666098807
0 0.10120845921450151 0.9872231686541738 0.055891238670694864 0.020442930153321978
