0 0.7321124361158433 0.03134441087613293 0.06729131175468483 0.035498489425981876
0 0.7461669505962522 0.06419939577039276 0.06132879045996593 0.045317220543806644
1 0.7636286201022147 0.09441087613293052 0.06899488926746167 0.03474320241691843
1 0.6882453151618398 0.13104229607250756 0.044293015332197615 0.06722054380664652
1 0.7597955706984668 0.12348942598187311 0.06473594548551959 0.0445619335347432
0 0.7614991482112436 0.1559667673716012 0.056218057921635436 0.03700906344410876
1 0.7678875638841567 0.18882175226586104 0.06899488926746167 0.03172205438066465
0 0.7751277683134583 0.2039274924471299 0.06132879045996593 0.03172205438066465
0 0.7815161839863713 0.2262084592145015 0.075809199318569 0.0324773413897281
0 0.7776831345826235 0.2481117824773414 0.05110732538330494 0.04305135951661632
0 0.7542589437819421 0.31608761329305135 0.0434412265758092 0.05664652567975831
0 0.7278534923339012 0.31948640483383683 0.0434412265758092 0.054380664652567974
0 0.712947189097104 0.33799093655589124 0.039182282793867124 0.0445619335347432
0 0.6682282793867121 0.32892749244712993 0.046848381601362864 0.05060422960725076
0 0.6584327086882453 0.35158610271903323 0.04770017035775128 0.04607250755287009
0 0.6294718909710392 0.35725075528700906 0.039182282793867124 0.04833836858006042
0 0.6132879045996593 0.37424471299093653 0.05281090289608177 0.0445619335347432
0 0.5775127768313458 0.3776435045317221 0.039182282793867124 0.055891238670694864
1 0.5191652470187393 0.3976586102719033 0.06047700170357751 0.04305135951661632
0 0.49616695059625215 0.39992447129909364 0.048551959114139696 0.05211480362537765
0 0.48083475298126066 0.4052114803625378 0.03492333901192504 0.05664652567975831
0 0.45868824531516184 0.4052114803625378 0.03492333901192504 0.06268882175226587
0 0.4288756388415673 0.425226586102719 0.04514480408858603 0.055891238670694864
0 0.41141396933560476 0.4369335347432024 0.039182282793867124 0.04305135951661632
1 0.3581771720613288 0.4490181268882175 0.03833049403747871 0.05513595166163142
1 0.3471039182282794 0.4554380664652568 0.036626916524701875 0.045317220543806644
0 0.3781942078364566 0.4399546827794562 0.030664395229982964 0.05362537764350453
0 0.3151618398637138 0.4569486404833837 0.044293015332197615 0.04984894259818731
1 0.2994037478705281 0.46941087613293053 0.051959114139693355 0.06117824773413897
0 0.2559625212947189 0.48678247734138974 0.036626916524701875 0.05513595166163142
0 0.2836456558773424 0.48225075528700906 0.02385008517887564 0.05664652567975831
0 0.26873935264054516 0.48225075528700906 0.019591141396933562 0.05966767371601209
0 0.21848381601362862 0.49509063444108764 0.04003407155025554 0.05513595166163142
1 0.1950596252129472 0.5120845921450151 0.04599659284497445 0.0634441087613293
0 0.16013628620102216 0.5207703927492447 0.05281090289608177 0.05211480362537765
0 0.12436115843270869 0.5320996978851964 0.044293015332197615 0.05211480362537765
0 0.09795570698466781 0.5370090634441088 0.044293015332197615 0.04682779456193353
0 0.07240204429301533 0.5468277945619335 0.04940374787052811 0.052870090634441085
1 0.05834752981260648 0.5709969788519638 0.048551959114139696 0.052870090634441085
0 0.02385008517887564 0.5709969788519638 0.040885860306643956 0.05740181268882175
0 0.43696763202725725 0.5989425981873112 0.039182282793867124 0.0649546827794562
2 0.4885008517887564 0.6801359516616314 0.058773424190800685 0.0324773413897281
1 0.4148211243611584 0.7058157099697885 0.028960817717206135 0.04909365558912387
1 0.39267461669505965 0.7107250755287009 0.02555366269165247 0.045317220543806644
1 0.3747870528109029 0.7152567975830816 0.027257240204429302 0.03927492447129909
1 0.3573253833049404 0.7141238670694864 0.024701873935264056 0.04305135951661632
0 0.399488926746167 0.601963746223565 0.034071550255536626 0.05740181268882175
0 0.3756388415672913 0.5996978851963746 0.028960817717206135 0.060422960725075525
0 0.346252129471891 0.6102719033232629 0.04003407155025554 0.054380664652567974
0 0.3185689948892675 0.6148036253776435 0.03236797274275979 0.05891238670694864
0 0.2959965928449744 0.625 0.024701873935264056 0.05664652567975831
0 0.2819420783645656 0.6268882175226587 0.034071550255536626 0.055891238670694864
0 0.26362862010221466 0.6333081570996979 0.03321976149914821 0.06268882175226587
0 0.2453151618398637 0.6423716012084593 0.028960817717206135 0.05664652567975831
0 0.23040885860306645 0.6570996978851964 0.029812606473594547 0.055891238670694864
0 0.20954003407155025 0.6578549848942599 0.03236797274275979 0.05891238670694864
0 0.18356047700170358 0.6597432024169184 0.026405451448040886 0.05211480362537765
1 0.10817717206132879 0.695619335347432 0.03236797274275979 0.061933534743202415
0 0.08858603066439523 0.7080815709969789 0.028960817717206135 0.05060422960725076
0 0.06729131175468483 0.7152567975830816 0.030664395229982964 0.054380664652567974
1 0.03534923339011925 0.7322507552870091 0.03492333901192504 0.05060422960725076
0 0.13500851788756388 0.6952416918429003 0.031516183986371384 0.04607250755287009
0 0.8739352640545145 0.5490936555891238 0.05792163543441227 0.052870090634441085
0 0.8918228279386712 0.5672205438066465 0.05792163543441227 0.04833836858006042
1 0.9254684838160137 0.7061933534743202 0.075809199318569 0.04833836858006042
1 0.9348381601362862 0.7330060422960725 0.07751277683134583 0.03851963746223565
1 0.9433560477001703 0.7647280966767371 0.0706984667802385 0.033987915407854986
