3 0.4842419080068143 0.04727427597955707 0.15928449744463374 0.09284497444633731
3 0.6873935264054515 0.1682282793867121 0.17717206132879046 0.09625212947189098
3 0.6465076660988075 0.3151618398637138 0.1788756388415673 0.10732538330494037
3 0.6281942078364565 0.42546848381601365 0.17802385008517888 0.09965928449744464
1 0.5732538330494038 0.7942930153321976 0.08347529812606473 0.03833049403747871
2 0.5579216354344123 0.7938671209540035 0.039182282793867124 0.03236797274275979
2 0.2857751277683135 0.8424190800681431 0.041737649063032366 0.030664395229982964
1 0.295144804088586 0.8428449744463373 0.0706984667802385 0.028109028960817718
2 0.9603918228279387 0.6937819420783645 0.036626916524701875 0.031516183986371384
0 0.9667802385008518 0.6976149914821125 0.06132879045996593 0.028960817717206135
3 0.715076660988075 0.024701873935264056 0.14395229982964225 0.04940374787052811
