2 0.2348942598187311 0.6756198347107438 0.04078549848942598 0.07851239669421488
2 0.8772658610271903 0.48484848484848486 0.03851963746223565 0.06887052341597796
0 0.7337613293051359 0.9517906336088154 0.04305135951661632 0.04132231404958678
0 0.7277190332326284 0.9166666666666667 0.04758308157099698 0.026170798898071626
0 0.7318731117824774 0.8829201101928374 0.03625377643504532 0.049586776859504134
1 0.7280966767371602 0.8533057851239669 0.04078549848942598 0.05647382920110193
0 0.7216767371601208 0.8071625344352618 0.04607250755287009 0.03581267217630854
0 0.7133685800604229 0.7706611570247934 0.04154078549848943 0.028925619834710745
0 0.7141238670694864 0.7362258953168044 0.04758308157099698 0.028925619834710745
0 0.7118580060422961 0.678374655647383 0.05362537764350453 0.07024793388429752
1 0.699773413897281 0.6659779614325069 0.05211480362537765 0.06473829201101929
0 0.69297583081571 0.6170798898071626 0.05211480362537765 0.0440771349862259
0 0.7001510574018127 0.5792011019283747 0.03625377643504532 0.05371900826446281
0 0.6891993957703928 0.5378787878787878 0.04305135951661632 0.045454545454545456
0 0.6993957703927492 0.49449035812672176 0.03474320241691843 0.03581267217630854
0 0.7043051359516617 0.4628099173553719 0.0445619335347432 0.06060606060606061
0 0.6816465256797583 0.44834710743801653 0.05060422960725076 0.048209366391184574
0 0.675226586102719 0.4090909090909091 0.0513595166163142 0.05234159779614325
0 0.6790030211480362 0.3663911845730028 0.0513595166163142 0.03581267217630854
0 0.6703172205438066 0.3381542699724518 0.05060422960725076 0.05922865013774105
1 0.6638972809667674 0.3078512396694215 0.054380664652567974 0.0674931129476584
1 0.6476586102719033 0.16873278236914602 0.04758308157099698 0.07575757575757576
0 0.6733383685800605 0.23553719008264462 0.04607250755287009 0.05234159779614325
0 0.650679758308157 0.2128099173553719 0.0445619335347432 0.05647382920110193
0 0.6623867069486404 0.22451790633608815 0.04078549848942598 0.05234159779614325
0 0.6363293051359517 0.12947658402203857 0.05513595166163142 0.0440771349862259
0 0.638595166163142 0.08953168044077135 0.05513595166163142 0.03856749311294766
0 0.6370845921450151 0.04269972451790634 0.05513595166163142 0.049586776859504134
0 0.6348187311178247 0.011019283746556474 0.0702416918429003 0.02203856749311295
0 0.9478851963746223 0.7865013774104683 0.04380664652567976 0.0440771349862259
0 0.9312688821752266 0.8512396694214877 0.03927492447129909 0.06060606060606061
0 0.9327794561933535 0.900137741046832 0.03323262839879154 0.0674931129476584
0 0.9380664652567976 0.9428374655647384 0.04078549848942598 0.05647382920110193
2 0.899546827794562 0.9717630853994491 0.0256797583081571 0.048209366391184574
0 0.9172960725075529 0.6101928374655647 0.04003021148036254 0.06060606060606061
0 0.9116314199395771 0.559228650137741 0.04833836858006042 0.05509641873278237
0 0.9063444108761329 0.4903581267217631 0.04380664652567976 0.05234159779614325
0 0.9391993957703928 0.33746556473829203 0.04909365558912387 0.0440771349862259
0 0.8897280966767371 0.3353994490358127 0.04984894259818731 0.06473829201101929
0 0.8919939577039275 0.25895316804407714 0.04833836858006042 0.046831955922865015
0 0.9222054380664653 0.19696969696969696 0.04229607250755287 0.06611570247933884
0 0.8836858006042296 0.20110192837465565 0.045317220543806644 0.06060606060606061
0 0.8787764350453172 0.16460055096418733 0.04003021148036254 0.07300275482093664
0 0.8704682779456193 0.12672176308539945 0.05362537764350453 0.05509641873278237
0 0.8595166163141994 0.03856749311294766 0.04682779456193353 0.06611570247933884
1 0.8697129909365559 0.09297520661157024 0.05513595166163142 0.03994490358126722
