1 0.5781722054380665 0.20770392749244712 0.04909365558912387 0.0649546827794562
0 0.5551359516616314 0.2141238670694864 0.03927492447129909 0.06117824773413897
1 0.5294561933534743 0.2398036253776435 0.03323262839879154 0.0581570996978852
1 0.5290785498489426 0.2190332326283988 0.04154078549848943 0.03474320241691843
0 0.493202416918429 0.24584592145015105 0.0377643504531722 0.0581570996978852
0 0.4626132930513595 0.25755287009063443 0.03700906344410876 0.04682779456193353
1 0.43089123867069484 0.27605740181268884 0.05211480362537765 0.05211480362537765
0 0.37424471299093653 0.29607250755287007 0.04305135951661632 0.060422960725075525
0 0.3440332326283988 0.3145770392749245 0.035498489425981876 0.0581570996978852
0 0.3217522658610272 0.32968277945619334 0.0377643504531722 0.05362537764350453
0 0.30362537764350456 0.338368580060423 0.03323262839879154 0.04984894259818731
0 0.27303625377643503 0.3447885196374622 0.03700906344410876 0.05513595166163142
0 0.24924471299093656 0.36253776435045315 0.03474320241691843 0.054380664652567974
0 0.2122356495468278 0.36706948640483383 0.04078549848942598 0.05740181268882175
0 0.16049848942598188 0.39992447129909364 0.05060422960725076 0.05664652567975831
0 0.13708459214501512 0.41465256797583083 0.030966767371601207 0.055891238670694864
1 0.18202416918429004 0.3889728096676737 0.03474320241691843 0.06646525679758308
1 0.06759818731117825 0.7288519637462235 0.03851963746223565 0.06646525679758308
1 0.1351963746223565 0.6903323262839879 0.06797583081570997 0.05740181268882175
1 0.29682779456193353 0.6234894259818731 0.052870090634441085 0.06873111782477341
0 0.5944108761329305 0.47016616314199394 0.0377643504531722 0.06117824773413897
0 0.6189577039274925 0.4618580060422961 0.03700906344410876 0.0581570996978852
1 0.6367069486404834 0.436178247734139 0.04078549848942598 0.0702416918429003
1 0.6635196374622356 0.436178247734139 0.04305135951661632 0.07175226586102719
0 0.6907099697885196 0.42749244712990936 0.0445619335347432 0.060422960725075525
0 0.722809667673716 0.41465256797583083 0.03625377643504532 0.0513595166163142
0 0.7379154078549849 0.3987915407854985 0.04229607250755287 0.054380664652567974
1 0.7518882175226587 0.38255287009063443 0.04305135951661632 0.06873111782477341
0 0.7783232628398792 0.37915407854984895 0.04003021148036254 0.05891238670694864
0 0.7968277945619335 0.3632930513595166 0.03927492447129909 0.060422960725075525
0 0.8175981873111783 0.3530966767371601 0.027945619335347432 0.06117824773413897
0 0.8311933534743202 0.35007552870090636 0.03700906344410876 0.05211480362537765
0 0.8496978851963746 0.347809667673716 0.04078549848942598 0.06419939577039276
0 0.8704682779456193 0.33987915407854985 0.035498489425981876 0.054380664652567974
0 0.8946374622356495 0.3240181268882175 0.04003021148036254 0.060422960725075525
1 0.9131419939577039 0.30551359516616317 0.04833836858006042 0.06570996978851963
1 0.9369335347432024 0.297583081570997 0.03851963746223565 0.05891238670694864
1 0.955060422960725 0.2911631419939577 0.04003021148036254 0.06268882175226587
1 0.8236404833836858 0.1593655589123867 0.0324773413897281 0.055891238670694864
1 0.8376132930513596 0.14765861027190333 0.03323262839879154 0.06722054380664652
0 0.8561178247734139 0.14463746223564955 0.0324773413897281 0.05966767371601209
1 0.875 0.13595166163141995 0.04003021148036254 0.05740181268882175
1 0.8916163141993958 0.13293051359516617 0.030966767371601207 0.061933534743202415
1 0.899546827794562 0.12009063444108761 0.03172205438066465 0.06797583081570997
0 0.9180513595166163 0.11782477341389729 0.03700906344410876 0.06646525679758308
0 0.9358006042296072 0.11064954682779456 0.030211480362537763 0.05362537764350453
0 0.9539274924471299 0.10913897280966767 0.03172205438066465 0.06117824773413897
0 0.9648791540785498 0.09780966767371602 0.03700906344410876 0.05664652567975831
1 0.9724320241691843 0.09138972809667674 0.02945619335347432 0.060422960725075525
0 0.9852719033232629 0.2753021148036254 0.026435045317220542 0.06117824773413897
