1 0.7416918429003021 0.6401057401812689 0.055891238670694864 0.04607250755287009
1 0.7212990936555891 0.697129909365559 0.0634441087613293 0.054380664652567974
1 0.7613293051359517 0.7292296072507553 0.05891238670694864 0.05211480362537765
0 0.550226586102719 0.861404833836858 0.04003021148036254 0.05664652567975831
0 0.5173716012084593 0.870845921450151 0.03474320241691843 0.052870090634441085
0 0.4826283987915408 0.8780211480362538 0.03927492447129909 0.05664652567975831
0 0.45845921450151056 0.8851963746223565 0.03625377643504532 0.054380664652567974
0 0.43202416918429004 0.8908610271903323 0.03927492447129909 0.05211480362537765
0 0.40181268882175225 0.8984138972809668 0.03625377643504532 0.04607250755287009
1 0.3047583081570997 0.9546827794561934 0.04154078549848943 0.0755287009063444
