0 0.11329305135951662 0.8761329305135952 0.028700906344410877 0.0513595166163142
2 0.11442598187311179 0.8799093655589124 0.02190332326283988 0.01812688821752266
0 0.14992447129909364 0.8515861027190332 0.04607250755287009 0.05664652567975831
2 0.14765861027190333 0.8523413897280967 0.02945619335347432 0.035498489425981876
0 0.2824773413897281 0.9172960725075529 0.01812688821752266 0.05362537764350453
0 0.2979607250755287 0.9437311178247734 0.027945619335347432 0.05060422960725076
0 0.30777945619335345 0.9739425981873112 0.02039274924471299 0.04003021148036254
0 0.33157099697885195 0.9679003021148036 0.021148036253776436 0.04909365558912387
0 0.3697129909365559 0.9735649546827795 0.0188821752265861 0.045317220543806644
0 0.4052114803625378 0.9758308157099698 0.03851963746223565 0.04380664652567976
2 0.5725075528700906 0.9784743202416919 0.02416918429003021 0.030966767371601207
2 0.5657099697885196 0.93202416918429 0.027190332326283987 0.0256797583081571
2 0.48942598187311176 0.5169939577039275 0.03927492447129909 0.0445619335347432
0 0.6038519637462235 0.9679003021148036 0.02190332326283988 0.05211480362537765
0 0.6280211480362538 0.9607250755287009 0.024924471299093656 0.055891238670694864
0 0.6642749244712991 0.9376888217522659 0.0188821752265861 0.05362537764350453
1 0.6540785498489426 0.9739425981873112 0.021148036253776436 0.04758308157099698
0 0.7284743202416919 0.9271148036253777 0.035498489425981876 0.05060422960725076
0 0.7537764350453172 0.9138972809667674 0.02416918429003021 0.054380664652567974
0 0.7802114803625377 0.9312688821752266 0.0256797583081571 0.0649546827794562
0 0.793429003021148 0.9131419939577039 0.023413897280966767 0.05891238670694864
0 0.8130664652567976 0.9033232628398792 0.0324773413897281 0.054380664652567974
0 0.8311933534743202 0.8867069486404834 0.027945619335347432 0.055891238670694864
0 0.8568731117824774 0.8976586102719033 0.02190332326283988 0.06419939577039276
0 0.8742447129909365 0.8840634441087614 0.033987915407854986 0.05966767371601209
0 0.898036253776435 0.8719788519637462 0.028700906344410877 0.06419939577039276
0 0.9161631419939577 0.8666918429003021 0.030211480362537763 0.05664652567975831
0 0.9505287009063444 0.8674471299093656 0.04154078549848943 0.06722054380664652
1 0.9652567975830816 0.8444108761329305 0.027190332326283987 0.06948640483383686
0 0.9875377643504532 0.8523413897280967 0.02039274924471299 0.05362537764350453
