0 0.08943781942078365 0.3157099697885196 0.03747870528109029 0.04078549848942598
0 0.10902896081771721 0.29720543806646527 0.039182282793867124 0.04758308157099698
0 0.13926746166950596 0.2956948640483384 0.048551959114139696 0.04154078549848943
0 0.16141396933560478 0.2828549848942598 0.062180579216354344 0.030966767371601207
0 0.18185689948892675 0.26435045317220546 0.05536626916524702 0.03625377643504532
0 0.21337308347529813 0.24282477341389727 0.048551959114139696 0.0324773413897281
0 0.2764054514480409 0.2243202416918429 0.024701873935264056 0.04833836858006042
1 0.24701873935264054 0.2258308157099698 0.03236797274275979 0.054380664652567974
0 0.3126064735945486 0.20657099697885195 0.039182282793867124 0.0445619335347432
0 0.33049403747870526 0.1903323262839879 0.028960817717206135 0.04682779456193353
0 0.35519591141396933 0.18051359516616314 0.022146507666098807 0.0513595166163142
1 0.39991482112436116 0.19297583081570996 0.03833049403747871 0.05513595166163142
1 0.45741056218057924 0.17522658610271905 0.056218057921635436 0.0513595166163142
1 0.5017035775127768 0.13670694864048338 0.040885860306643956 0.04682779456193353
1 0.5251277683134583 0.1299093655589124 0.0434412265758092 0.03625377643504532
1 0.5481260647359455 0.11593655589123868 0.05706984667802385 0.033987915407854986
1 0.6103066439522998 0.05626888217522659 0.05706984667802385 0.035498489425981876
0 0.4373935264054514 0.13935045317220543 0.062180579216354344 0.027945619335347432
0 0.6592844974446337 0.0377643504531722 0.030664395229982964 0.04833836858006042
0 0.03705281090289608 0.1627643504531722 0.06047700170357751 0.024924471299093656
0 0.040885860306643956 0.13935045317220543 0.05792163543441227 0.02945619335347432
0 0.024701873935264056 0.11593655589123868 0.05110732538330494 0.017371601208459216
0 0.036201022146507666 0.09252265861027191 0.048551959114139696 0.04154078549848943
0 0.029812606473594547 0.061933534743202415 0.059625212947189095 0.028700906344410877
1 0.028109028960817718 0.015105740181268881 0.05792163543441227 0.022658610271903322
1 0.3309199318568995 0.05060422960725076 0.031516183986371384 0.054380664652567974
1 0.23551959114139695 0.0581570996978852 0.03833049403747871 0.05891238670694864
0 0.4190800681431005 0.015105740181268881 0.03236797274275979 0.03172205438066465
0 0.38160136286201024 0.02530211480362538 0.030664395229982964 0.04909365558912387
0 0.36073253833049407 0.038897280966767374 0.026405451448040886 0.04305135951661632
0 0.30195911413969334 0.0581570996978852 0.031516183986371384 0.05891238670694864
0 0.2657580919931857 0.0702416918429003 0.04599659284497445 0.0634441087613293
0 0.20954003407155025 0.052870090634441085 0.028960817717206135 0.05740181268882175
0 0.1954855195911414 0.05022658610271903 0.03492333901192504 0.04758308157099698
0 0.1839863713798978 0.030966767371601207 0.04599659284497445 0.04229607250755287
0 0.16524701873935263 0.0290785498489426 0.04599659284497445 0.04305135951661632
0 0.1524701873935264 0.01283987915407855 0.034071550255536626 0.02416918429003021
0 0.1362862010221465 0.0056646525679758305 0.03236797274275979 0.01283987915407855
1 0.7423339011925043 0.00944108761329305 0.06047700170357751 0.02039274924471299
1 0.7137989778534923 0.02152567975830816 0.04258943781942078 0.0324773413897281
