2 0.2610732538330494 0.7805891238670695 0.062180579216354344 0.027945619335347432
2 0.20911413969335604 0.8100453172205438 0.05706984667802385 0.030966767371601207
0 0.702725724020443 0.35007552870090636 0.08177172061328791 0.0324773413897281
0 0.7176320272572402 0.37915407854984895 0.0809199318568995 0.04078549848942598
0 0.7304088586030665 0.40558912386706947 0.06729131175468483 0.03927492447129909
0 0.7338160136286201 0.4335347432024169 0.0809199318568995 0.0377643504531722
0 0.7512776831345827 0.4550604229607251 0.08858603066439523 0.0324773413897281
1 0.752129471890971 0.48489425981873113 0.0868824531516184 0.03927492447129909
0 0.7619250425894378 0.5105740181268882 0.08773424190800681 0.03927492447129909
0 0.7823679727427598 0.5400302114803626 0.07240204429301533 0.0377643504531722
0 0.7857751277683135 0.5562688821752266 0.0706984667802385 0.0445619335347432
0 0.790885860306644 0.573262839879154 0.07410562180579217 0.03474320241691843
0 0.8062180579216355 0.6008308157099698 0.062180579216354344 0.04607250755287009
1 0.823679727427598 0.6348187311178247 0.07666098807495741 0.04607250755287009
0 0.8466780238500852 0.6627643504531722 0.0868824531516184 0.033987915407854986
0 0.8539182282793867 0.6907099697885196 0.08603066439522998 0.03700906344410876
0 0.8662691652470188 0.7133685800604229 0.08177172061328791 0.033987915407854986
0 0.8760647359454855 0.7398036253776435 0.08262350936967632 0.033987915407854986
0 0.893526405451448 0.7632175226586103 0.07325383304940375 0.02945619335347432
0 0.9058773424190801 0.8021148036253777 0.08262350936967632 0.03323262839879154
0 0.9135434412265758 0.8236404833836858 0.07921635434412266 0.026435045317220542
0 0.9271720613287905 0.845166163141994 0.06729131175468483 0.0256797583081571
0 0.9416524701873935 0.8734894259818731 0.062180579216354344 0.04154078549848943
0 0.9586882453151618 0.8972809667673716 0.06899488926746167 0.04380664652567976
1 0.9642248722316865 0.9146525679758308 0.059625212947189095 0.04833836858006042
0 0.8466780238500852 0.044939577039274925 0.06473594548551959 0.0445619335347432
0 0.868824531516184 0.09214501510574018 0.059625212947189095 0.04984894259818731
0 0.8798977853492334 0.1129154078549849 0.06814310051107325 0.05362537764350453
0 0.9152470187393527 0.16012084592145015 0.0706984667802385 0.055891238670694864
0 0.9080068143100511 0.18731117824773413 0.06132879045996593 0.0377643504531722
0 0.9229131175468483 0.20317220543806647 0.06729131175468483 0.04229607250755287
0 0.9399488926746167 0.2450906344410876 0.06729131175468483 0.04758308157099698
0 0.9514480408858603 0.2700151057401813 0.06814310051107325 0.03851963746223565
0 0.9659284497444633 0.32968277945619334 0.054514480408858604 0.04003021148036254
1 0.9616695059625213 0.3032477341389728 0.06303236797274277 0.04003021148036254
