0 0.3338368580060423 0.013202725724020443 0.060422960725075525 0.022998296422487224
1 0.3421450151057402 0.036626916524701875 0.0634441087613293 0.034071550255536626
0 0.36744712990936557 0.04982964224872232 0.06570996978851963 0.03321976149914821
0 0.3648036253776435 0.065587734241908 0.060422960725075525 0.028960817717206135
0 0.37386706948640486 0.09327086882453152 0.0634441087613293 0.03321976149914821
0 0.3821752265861027 0.1201022146507666 0.054380664652567974 0.034071550255536626
1 0.3814199395770393 0.13713798977853492 0.06646525679758308 0.040885860306643956
0 0.3919939577039275 0.15971039182282795 0.061933534743202415 0.029812606473594547
0 0.40105740181268884 0.18228279386712096 0.0649546827794562 0.039182282793867124
1 0.4127643504531722 0.19420783645655879 0.06117824773413897 0.034071550255536626
0 0.4123867069486405 0.21592844974446337 0.0634441087613293 0.04003407155025554
1 0.4312688821752266 0.24403747870528109 0.0634441087613293 0.041737649063032366
0 0.44033232628398794 0.25468483816013626 0.06646525679758308 0.03747870528109029
0 0.4425981873111782 0.2768313458262351 0.06948640483383686 0.040885860306643956
0 0.4561933534743202 0.3113287904599659 0.06797583081570997 0.04003407155025554
0 0.46941087613293053 0.32921635434412266 0.05664652567975831 0.024701873935264056
1 0.47394259818731116 0.34454855195911416 0.05966767371601209 0.0434412265758092
1 0.4799848942598187 0.3594548551959114 0.0581570996978852 0.04258943781942078
0 0.49924471299093653 0.399488926746167 0.05891238670694864 0.03577512776831346
0 0.49962235649546827 0.41950596252129474 0.06117824773413897 0.03321976149914821
0 0.5090634441087614 0.4395229982964225 0.06797583081570997 0.03236797274275979
0 0.5147280966767371 0.4612436115843271 0.06268882175226587 0.03492333901192504
0 0.5268126888217523 0.4833901192504259 0.06722054380664652 0.036626916524701875
0 0.5275679758308157 0.4987223168654174 0.05513595166163142 0.028109028960817718
0 0.5377643504531722 0.5238500851788757 0.05891238670694864 0.030664395229982964
0 0.5566465256797583 0.5455706984667802 0.07401812688821752 0.029812606473594547
0 0.5506042296072508 0.5604770017035775 0.060422960725075525 0.030664395229982964
0 0.5608006042296072 0.5745315161839863 0.06722054380664652 0.03321976149914821
0 0.570619335347432 0.5971039182282794 0.07326283987915408 0.027257240204429302
0 0.5808157099697885 0.6201022146507666 0.061933534743202415 0.028960817717206135
0 0.5857250755287009 0.6439522998296423 0.06570996978851963 0.03747870528109029
0 0.5940332326283988 0.6635434412265758 0.06570996978851963 0.034071550255536626
0 0.6023413897280967 0.694633730834753 0.07326283987915408 0.029812606473594547
0 0.6185800604229608 0.7167802385008518 0.07099697885196375 0.029812606473594547
0 0.6178247734138973 0.7431856899488927 0.06797583081570997 0.041737649063032366
1 0.629154078549849 0.768313458262351 0.055891238670694864 0.04770017035775128
0 0.6374622356495468 0.7879045996592845 0.054380664652567974 0.03747870528109029
0 0.6552114803625377 0.8147359454855196 0.07175226586102719 0.03321976149914821
1 0.6574773413897281 0.8471039182282794 0.07477341389728097 0.041737649063032366
0 0.6680513595166163 0.8739352640545145 0.05362537764350453 0.04258943781942078
0 0.6729607250755287 0.8939522998296423 0.0649546827794562 0.026405451448040886
0 0.6665407854984894 0.9131175468483816 0.06419939577039276 0.027257240204429302
0 0.6861782477341389 0.9229131175468483 0.06570996978851963 0.036626916524701875
0 0.6790030211480362 0.956984667802385 0.060422960725075525 0.041737649063032366
0 0.6925981873111783 0.9863713798977853 0.0634441087613293 0.02385008517887564
0 0.6234894259818731 0.019591141396933562 0.03700906344410876 0.034071550255536626
0 0.6729607250755287 0.018739352640545145 0.04229607250755287 0.03236797274275979
0 0.6351963746223565 0.10136286201022146 0.04229607250755287 0.044293015332197615
0 0.6567220543806647 0.10051107325383304 0.04154078549848943 0.044293015332197615
0 0.6601208459214502 0.11882453151618398 0.03625377643504532 0.0434412265758092
0 0.6839123867069486 0.0379045996592845 0.04909365558912387 0.031516183986371384
0 0.6910876132930514 0.04982964224872232 0.045317220543806644 0.028109028960817718
0 0.6952416918429003 0.06260647359454856 0.04305135951661632 0.026405451448040886
0 0.7031722054380665 0.07666098807495741 0.04229607250755287 0.03747870528109029
0 0.7118580060422961 0.09327086882453152 0.04909365558912387 0.04003407155025554
1 0.7122356495468278 0.11541737649063033 0.04682779456193353 0.04514480408858603
0 0.6805135951661632 0.15971039182282795 0.045317220543806644 0.04514480408858603
0 0.7224320241691843 0.13202725724020442 0.04607250755287009 0.027257240204429302
0 0.7239425981873112 0.15459965928449745 0.04154078549848943 0.03492333901192504
0 0.7326283987915407 0.16780238500851788 0.05740181268882175 0.03236797274275979
0 0.6797583081570997 0.19420783645655879 0.05891238670694864 0.03577512776831346
1 0.6389728096676737 0.2495741056218058 0.04078549848942598 0.06643952299829642
2 0.6412386706948641 0.2444633730834753 0.028700906344410877 0.034071550255536626
0 0.6808912386706949 0.21337308347529813 0.04909365558912387 0.041737649063032366
0 0.6948640483383686 0.22614991482112437 0.0513595166163142 0.03321976149914821
0 0.7428247734138973 0.19633730834752983 0.05362537764350453 0.03833049403747871
1 0.7515105740181269 0.21337308347529813 0.052870090634441085 0.03833049403747871
1 0.7594410876132931 0.22146507666098808 0.05664652567975831 0.03747870528109029
0 0.7084592145015106 0.24659284497444633 0.0513595166163142 0.03833049403747871
0 0.7216767371601208 0.2674616695059625 0.05211480362537765 0.034071550255536626
1 0.7681268882175226 0.23679727427597955 0.05891238670694864 0.03747870528109029
0 0.729607250755287 0.29131175468483816 0.055891238670694864 0.03577512776831346
0 0.7416918429003021 0.32282793867120957 0.060422960725075525 0.03747870528109029
0 0.7866314199395771 0.2823679727427598 0.05362537764350453 0.04003407155025554
0 0.7922960725075529 0.2989778534923339 0.054380664652567974 0.034071550255536626
0 0.8006042296072508 0.31814310051107325 0.05740181268882175 0.03833049403747871
0 0.7443353474320241 0.35093696763202725 0.05664652567975831 0.04940374787052811
0 0.7564199395770392 0.36201022146507666 0.05362537764350453 0.04258943781942078
1 0.804380664652568 0.3364565587734242 0.04833836858006042 0.05110732538330494
0 0.7779456193353474 0.40332197614991483 0.052870090634441085 0.041737649063032366
0 0.8323262839879154 0.38969335604770017 0.054380664652567974 0.03833049403747871
0 0.8368580060422961 0.411839863713799 0.04833836858006042 0.036626916524701875
0 0.7870090634441088 0.42674616695059625 0.060422960725075525 0.039182282793867124
0 0.7922960725075529 0.4518739352640545 0.052870090634441085 0.04514480408858603
0 0.8455438066465257 0.43100511073253833 0.04909365558912387 0.03577512776831346
0 0.8512084592145015 0.4518739352640545 0.04682779456193353 0.036626916524701875
0 0.8568731117824774 0.46890971039182283 0.05211480362537765 0.036626916524701875
0 0.7930513595166163 0.47402044293015333 0.05740181268882175 0.0434412265758092
0 0.8021148036253777 0.5076660988074958 0.05891238670694864 0.03236797274275979
0 0.8058912386706949 0.5323679727427598 0.04833836858006042 0.044293015332197615
0 0.8349697885196374 0.5702725724020443 0.05060422960725076 0.05536626916524702
0 0.8799093655589124 0.5212947189097104 0.055891238670694864 0.04770017035775128
0 0.8840634441087614 0.5379045996592845 0.05664652567975831 0.041737649063032366
0 0.888595166163142 0.5583475298126065 0.0581570996978852 0.036626916524701875
0 0.8984138972809668 0.5804940374787053 0.05513595166163142 0.03492333901192504
0 0.8542296072507553 0.6098807495741057 0.054380664652567974 0.044293015332197615
1 0.8553625377643505 0.6388415672913118 0.05966767371601209 0.05281090289608177
0 0.9074773413897281 0.5979557069846678 0.05362537764350453 0.03747870528109029
0 0.9101208459214502 0.6218057921635435 0.04984894259818731 0.04258943781942078
0 0.9161631419939577 0.6345826235093697 0.04833836858006042 0.03577512776831346
0 0.877643504531722 0.6758943781942078 0.055891238670694864 0.036626916524701875
0 0.8882175226586103 0.7095400340715503 0.054380664652567974 0.04770017035775128
0 0.8965256797583081 0.75 0.0513595166163142 0.06047700170357751
1 0.9154078549848943 0.7985519591141397 0.06948640483383686 0.031516183986371384
0 0.9191842900302115 0.83603066439523 0.052870090634441085 0.05536626916524702
0 0.9478851963746223 0.8965076660988075 0.0513595166163142 0.04514480408858603
0 0.9607250755287009 0.9143952299829642 0.04833836858006042 0.04514480408858603
0 0.9675226586102719 0.9480408858603067 0.054380664652567974 0.04258943781942078
0 0.9263595166163142 0.6541737649063033 0.04909365558912387 0.028960817717206135
0 0.93202416918429 0.6635434412265758 0.04833836858006042 0.03577512776831346
0 0.9391993957703928 0.6797274275979557 0.05362537764350453 0.039182282793867124
0 0.947129909365559 0.696763202725724 0.055891238670694864 0.039182282793867124
0 0.9493957703927492 0.7206132879045997 0.0634441087613293 0.03747870528109029
0 0.9558157099697885 0.7393526405451448 0.05211480362537765 0.03577512776831346
1 0.9622356495468278 0.7529812606473595 0.0634441087613293 0.04258943781942078
0 0.9641238670694864 0.7729982964224872 0.05362537764350453 0.03492333901192504
1 0.9679003021148036 0.7874787052810903 0.05664652567975831 0.03321976149914821
0 0.970166163141994 0.803236797274276 0.05362537764350453 0.03577512776831346
1 0.9762084592145015 0.8266609880749575 0.04305135951661632 0.036626916524701875
