0 0.6106495468277946 0.02416918429003021 0.06722054380664652 0.03323262839879154
1 0.627643504531722 0.05740181268882175 0.0634441087613293 0.04984894259818731
1 0.6419939577039275 0.08761329305135952 0.0649546827794562 0.054380664652567974
0 0.6586102719033232 0.11140483383685801 0.061933534743202415 0.02039274924471299
0 0.6570996978851964 0.13444108761329304 0.05740181268882175 0.027190332326283987
0 0.6582326283987915 0.15823262839879154 0.05362537764350453 0.023413897280966767
0 0.6782477341389728 0.1782477341389728 0.061933534743202415 0.03474320241691843
0 0.6925981873111783 0.2107250755287009 0.0634441087613293 0.03474320241691843
0 0.6899546827794562 0.24282477341389727 0.06873111782477341 0.030966767371601207
0 0.6944864048338368 0.26472809667673713 0.05060422960725076 0.023413897280966767
0 0.7009063444108762 0.2938066465256798 0.05891238670694864 0.03323262839879154
0 0.7190332326283988 0.3221299093655589 0.061933534743202415 0.02945619335347432
0 0.7360271903323263 0.3576283987915408 0.08081570996978851 0.03851963746223565
0 0.5574018126888217 0.6623867069486404 0.055891238670694864 0.030211480362537763
0 0.5426737160120846 0.6034743202416919 0.04909365558912387 0.0377643504531722
0 0.5328549848942599 0.5793051359516617 0.05362537764350453 0.03927492447129909
0 0.5030211480362538 0.5173716012084593 0.060422960725075525 0.03172205438066465
1 0.506797583081571 0.49509063444108764 0.054380664652567974 0.030966767371601207
0 0.493202416918429 0.4724320241691843 0.055891238670694864 0.033987915407854986
0 0.4788519637462236 0.42900302114803623 0.05891238670694864 0.04078549848942598
0 0.46827794561933533 0.39652567975830816 0.05891238670694864 0.027190332326283987
1 0.4626132930513595 0.36367069486404835 0.06570996978851963 0.023413897280966767
0 0.4543051359516616 0.3323262839879154 0.04305135951661632 0.03172205438066465
1 0.4395770392749245 0.3251510574018127 0.04380664652567976 0.027945619335347432
0 0.43919939577039274 0.30400302114803623 0.05513595166163142 0.02945619335347432
