3 0.061555891238670696 0.14803625377643503 0.12462235649546828 0.07401812688821752
3 0.23187311178247735 0.1469033232628399 0.17522658610271905 0.09592145015105741
3 0.5234138972809668 0.1537009063444109 0.15709969788519637 0.08081570996978851
3 0.6650302114803626 0.1574773413897281 0.14425981873111782 0.07477341389728097
2 0.6148036253776435 0.21827794561933533 0.04078549848942598 0.02416918429003021
0 0.6899546827794562 0.054003021148036255 0.0581570996978852 0.0324773413897281
0 0.6899546827794562 0.016993957703927493 0.04607250755287009 0.0324773413897281
0 0.7111027190332326 0.3459214501510574 0.05966767371601209 0.021148036253776436
0 0.7258308157099698 0.361404833836858 0.0513595166163142 0.024924471299093656
0 0.7175226586102719 0.3821752265861027 0.055891238670694864 0.02416918429003021
0 0.7284743202416919 0.39841389728096677 0.04909365558912387 0.027945619335347432
0 0.7209214501510574 0.42182779456193353 0.04909365558912387 0.023413897280966767
0 0.7220543806646526 0.44599697885196377 0.054380664652567974 0.024924471299093656
3 0.743202416918429 0.4981117824773414 0.14350453172205438 0.08685800604229607
3 0.7651057401812689 0.620845921450151 0.1419939577039275 0.07099697885196375
3 0.7549093655589124 0.7190332326283988 0.13066465256797583 0.09516616314199396
3 0.7605740181268882 0.8368580060422961 0.11178247734138973 0.14501510574018128
3 0.8606495468277946 0.9282477341389728 0.08081570996978851 0.1404833836858006
0 0.926737160120846 0.966012084592145 0.0377643504531722 0.052870090634441085
0 0.9626132930513596 0.3270392749244713 0.05664652567975831 0.030211480362537763
0 0.9705438066465257 0.35158610271903323 0.054380664652567974 0.0324773413897281
0 0.9679003021148036 0.368202416918429 0.05966767371601209 0.030966767371601207
0 0.9709214501510574 0.3848187311178248 0.05362537764350453 0.02190332326283988
0 0.972809667673716 0.4014350453172205 0.04833836858006042 0.026435045317220542
0 0.9720543806646526 0.4240936555891239 0.04682779456193353 0.030966767371601207
2 0.9467522658610272 0.46676737160120846 0.04758308157099698 0.028700906344410877
0 0.976963746223565 0.4535498489425982 0.035498489425981876 0.023413897280966767
0 0.975453172205438 0.47205438066465255 0.03851963746223565 0.022658610271903322
