0 0.6132930513595166 0.024275979557069848 0.05891238670694864 0.028109028960817718
0 0.6805135951661632 0.04727427597955707 0.05891238670694864 0.02129471890971039
0 0.5090634441087614 0.09028960817717206 0.04984894259818731 0.02555366269165247
0 0.5154833836858006 0.12095400340715502 0.05513595166163142 0.03747870528109029
1 0.5064199395770392 0.1367120954003407 0.05362537764350453 0.029812606473594547
0 0.5158610271903323 0.1571550255536627 0.061933534743202415 0.041737649063032366
0 0.5105740181268882 0.040885860306643956 0.054380664652567974 0.03236797274275979
0 0.6824018126888217 0.02129471890971039 0.05362537764350453 0.034071550255536626
0 0.6801359516616314 0.17589437819420783 0.05362537764350453 0.024701873935264056
0 0.6672960725075529 0.2061328790459966 0.0445619335347432 0.02555366269165247
0 0.6216012084592145 0.26192504258943783 0.04833836858006042 0.041737649063032366
0 0.6903323262839879 0.2644804088586031 0.055891238670694864 0.028109028960817718
0 0.6910876132930514 0.315587734241908 0.04682779456193353 0.026405451448040886
0 0.6216012084592145 0.3151618398637138 0.045317220543806644 0.028960817717206135
0 0.5075528700906344 0.30195911413969334 0.04833836858006042 0.02129471890971039
0 0.5083081570996979 0.3266609880749574 0.0513595166163142 0.026405451448040886
0 0.5064199395770392 0.26192504258943783 0.05362537764350453 0.029812606473594547
0 0.49962235649546827 0.2282793867120954 0.04758308157099698 0.022146507666098807
0 0.502643504531722 0.19378194207836458 0.04154078549848943 0.022998296422487224
0 0.6722054380664653 0.346252129471891 0.045317220543806644 0.022998296422487224
0 0.672583081570997 0.239778534923339 0.04758308157099698 0.022998296422487224
0 0.6261329305135952 0.4182282793867121 0.054380664652567974 0.028960817717206135
0 0.6242447129909365 0.4395229982964225 0.05060422960725076 0.027257240204429302
0 0.6910876132930514 0.42759795570698467 0.054380664652567974 0.02385008517887564
0 0.6937311178247734 0.45911413969335607 0.04909365558912387 0.030664395229982964
0 0.6993957703927492 0.5008517887563885 0.052870090634441085 0.027257240204429302
0 0.6351963746223565 0.5672913117546848 0.054380664652567974 0.028960817717206135
0 0.7016616314199395 0.5856047700170358 0.052870090634441085 0.024701873935264056
0 0.5139728096676737 0.5600511073253833 0.05362537764350453 0.022998296422487224
0 0.5188821752265861 0.5932708688245315 0.061933534743202415 0.022998296422487224
0 0.5241691842900302 0.6243611584327087 0.0513595166163142 0.03577512776831346
0 0.6355740181268882 0.6073253833049403 0.05060422960725076 0.030664395229982964
0 0.705060422960725 0.6456558773424191 0.04607250755287009 0.02555366269165247
0 0.7039274924471299 0.686541737649063 0.054380664652567974 0.027257240204429302
1 0.5169939577039275 0.7555366269165247 0.05211480362537765 0.022146507666098807
1 0.525679758308157 0.7862010221465077 0.060422960725075525 0.03236797274275979
1 0.5574018126888217 0.8326235093696763 0.060422960725075525 0.041737649063032366
1 0.5415407854984894 0.8087734241908007 0.055891238670694864 0.03492333901192504
1 0.529833836858006 0.8726575809199318 0.06722054380664652 0.051959114139693355
0 0.5441842900302115 0.9735945485519591 0.05513595166163142 0.03747870528109029
0 0.6333081570996979 0.9663543441226576 0.05664652567975831 0.022998296422487224
0 0.4807401812688822 0.969335604770017 0.02190332326283988 0.056218057921635436
0 0.7167673716012085 0.944633730834753 0.060422960725075525 0.03236797274275979
0 0.7148791540785498 0.9833901192504259 0.04607250755287009 0.026405451448040886
0 0.8734894259818731 0.9599659284497445 0.05362537764350453 0.02555366269165247
0 0.8697129909365559 0.9723168654173765 0.05362537764350453 0.019591141396933562
0 0.8753776435045317 0.9867972742759795 0.04833836858006042 0.019591141396933562
0 0.9675226586102719 0.9778534923339012 0.04984894259818731 0.020442930153321978
0 0.974320241691843 0.9616695059625213 0.03927492447129909 0.020442930153321978
0 0.9588368580060423 0.8479557069846678 0.05211480362537765 0.026405451448040886
0 0.9595921450151057 0.7810902896081772 0.04003021148036254 0.059625212947189095
0 0.9697885196374623 0.7299829642248722 0.052870090634441085 0.034071550255536626
0 0.8689577039274925 0.6358603066439523 0.06419939577039276 0.0434412265758092
0 0.9512839879154078 0.618824531516184 0.05664652567975831 0.04003407155025554
0 0.8716012084592145 0.5851788756388415 0.05740181268882175 0.034071550255536626
0 0.9535498489425982 0.5540885860306644 0.05966767371601209 0.0434412265758092
0 0.9607250755287009 0.520442930153322 0.054380664652567974 0.030664395229982964
0 0.9509063444108762 0.47487223168654175 0.0513595166163142 0.041737649063032366
0 0.8417673716012085 0.44931856899488926 0.04003021148036254 0.0434412265758092
0 0.7881419939577039 0.4237649063032368 0.035498489425981876 0.06899488926746167
2 0.7873867069486404 0.41652470187393525 0.02945619335347432 0.028960817717206135
0 0.8512084592145015 0.31729131175468483 0.052870090634441085 0.03321976149914821
0 0.8527190332326284 0.28109028960817717 0.055891238670694864 0.02555366269165247
0 0.9376888217522659 0.3666950596252129 0.05060422960725076 0.031516183986371384
0 0.9354229607250756 0.3943781942078365 0.05362537764350453 0.03236797274275979
0 0.9365558912386707 0.32793867120954 0.0513595166163142 0.03577512776831346
0 0.9244712990936556 0.22146507666098808 0.054380664652567974 0.022146507666098807
0 0.9301359516616314 0.2580919931856899 0.04758308157099698 0.028960817717206135
0 0.9301359516616314 0.28023850085178875 0.05362537764350453 0.028960817717206135
0 0.8530966767371602 0.25766609880749575 0.0445619335347432 0.031516183986371384
