0 0.36706948640483383 0.0256797583081571 0.06948640483383686 0.03625377643504532
0 0.3564954682779456 0.06759818731117825 0.052870090634441085 0.027945619335347432
0 0.36178247734138974 0.11329305135951662 0.0649546827794562 0.028700906344410877
1 0.36367069486404835 0.13330815709969787 0.06117824773413897 0.023413897280966767
1 0.3610271903323263 0.14992447129909364 0.0649546827794562 0.024924471299093656
1 0.35913897280966767 0.16767371601208458 0.05211480362537765 0.022658610271903322
1 0.3561178247734139 0.19599697885196374 0.06873111782477341 0.026435045317220542
0 0.3595166163141994 0.22545317220543806 0.060422960725075525 0.027945619335347432
0 0.3568731117824773 0.263595166163142 0.05513595166163142 0.02416918429003021
0 0.354607250755287 0.2820996978851964 0.06117824773413897 0.023413897280966767
1 0.3530966767371601 0.2994712990936556 0.06268882175226587 0.026435045317220542
1 0.35876132930513593 0.3251510574018127 0.05740181268882175 0.02945619335347432
1 0.34705438066465255 0.3783987915407855 0.033987915407854986 0.055891238670694864
0 0.3293051359516616 0.3768882175226586 0.027190332326283987 0.05891238670694864
1 0.23149546827794562 0.3870845921450151 0.04607250755287009 0.06873111782477341
0 0.31797583081570996 0.466012084592145 0.03172205438066465 0.05740181268882175
0 0.26963746223564955 0.4754531722054381 0.03172205438066465 0.05211480362537765
0 0.21487915407854985 0.479607250755287 0.03700906344410876 0.04984894259818731
0 0.18957703927492447 0.4799848942598187 0.027190332326283987 0.05211480362537765
1 0.09403323262839879 0.3074018126888218 0.02039274924471299 0.04682779456193353
1 0.06986404833836858 0.49584592145015105 0.035498489425981876 0.05362537764350453
1 0.1163141993957704 0.4984894259818731 0.0256797583081571 0.060422960725075525
1 0.07212990936555891 0.311178247734139 0.02945619335347432 0.054380664652567974
0 0.03814199395770393 0.3931268882175227 0.033987915407854986 0.05211480362537765
0 0.0668429003021148 0.39161631419939574 0.030966767371601207 0.05664652567975831
0 0.09063444108761329 0.39463746223564955 0.03172205438066465 0.05362537764350453
0 0.11744712990936555 0.38972809667673713 0.024924471299093656 0.04682779456193353
1 0.131797583081571 0.3840634441087613 0.024924471299093656 0.05211480362537765
0 0.14954682779456194 0.3802870090634441 0.03625377643504532 0.05362537764350453
0 0.13746223564954682 0.49509063444108764 0.02416918429003021 0.05513595166163142
0 0.034365558912386705 0.4845166163141994 0.02945619335347432 0.04758308157099698
0 0.010196374622356496 0.39652567975830816 0.02190332326283988 0.04833836858006042
0 0.39992447129909364 0.6125377643504532 0.027945619335347432 0.05891238670694864
0 0.38104229607250756 0.6042296072507553 0.030966767371601207 0.054380664652567974
0 0.3372356495468278 0.6117824773413897 0.026435045317220542 0.04833836858006042
1 0.3187311178247734 0.6080060422960725 0.022658610271903322 0.05891238670694864
1 0.3013595166163142 0.6080060422960725 0.027190332326283987 0.061933534743202415
