0 0.5796812749003984 0.022658610271903322 0.09163346613545817 0.04682779456193353
3 0.850597609561753 0.03700906344410876 0.1952191235059761 0.0755287009063444
0 0.1553784860557769 0.006797583081570997 0.13545816733067728 0.013595166163141994
0 0.18127490039840638 0.026812688821752265 0.13545816733067728 0.033987915407854986
0 0.21414342629482072 0.05891238670694864 0.14940239043824702 0.045317220543806644
0 0.25697211155378485 0.08685800604229607 0.1553784860557769 0.03172205438066465
0 0.28585657370517925 0.1129154078549849 0.14940239043824702 0.0324773413897281
0 0.32171314741035856 0.14765861027190333 0.15737051792828685 0.02945619335347432
0 0.3336653386454183 0.17220543806646527 0.14143426294820716 0.03474320241691843
0 0.34661354581673304 0.19750755287009064 0.17131474103585656 0.033987915407854986
0 0.3834661354581673 0.22998489425981872 0.16533864541832669 0.02945619335347432
0 0.4043824701195219 0.2590634441087613 0.1394422310756972 0.0377643504531722
0 0.42828685258964144 0.2802114803625378 0.1752988047808765 0.030211480362537763
0 0.44721115537848605 0.30173716012084595 0.15338645418326693 0.024924471299093656
0 0.45219123505976094 0.3175981873111782 0.13545816733067728 0.0188821752265861
0 0.4960159362549801 0.338368580060423 0.1553784860557769 0.027190332326283987
0 0.499003984063745 0.3610271903323263 0.16533864541832669 0.028700906344410877
0 0.5099601593625498 0.3859516616314199 0.13147410358565736 0.028700906344410877
0 0.5298804780876494 0.40634441087613293 0.1553784860557769 0.03625377643504532
0 0.5557768924302788 0.41918429003021146 0.15139442231075698 0.03323262839879154
0 0.5587649402390438 0.44108761329305135 0.14940239043824702 0.0377643504531722
0 0.6065737051792829 0.47583081570996977 0.1454183266932271 0.045317220543806644
0 0.6284860557768924 0.5117069486404834 0.15338645418326693 0.0445619335347432
0 0.6693227091633466 0.5347432024169184 0.16733067729083664 0.04682779456193353
0 0.701195219123506 0.554380664652568 0.14741035856573706 0.03927492447129909
3 0.9262948207171314 0.1986404833836858 0.1394422310756972 0.15861027190332327
