0 0.6533864541832669 0.6072507552870091 0.13545816733067728 0.027190332326283987
0 0.703187250996016 0.5940332326283988 0.08764940239043825 0.030966767371601207
0 0.7410358565737052 0.5811933534743202 0.08366533864541832 0.026435045317220542
0 0.8037848605577689 0.5657099697885196 0.08167330677290836 0.03927492447129909
0 0.9402390438247011 0.5283232628398792 0.0796812749003984 0.03851963746223565
0 0.9621513944223108 0.3859516616314199 0.05179282868525896 0.04833836858006042
0 0.13047808764940239 0.5759063444108762 0.0697211155378486 0.05362537764350453
0 0.08067729083665338 0.5955438066465257 0.061752988047808766 0.05211480362537765
0 0.03187250996015936 0.6057401812688822 0.06772908366533864 0.04229607250755287
0 0.18625498007968128 0.5664652567975831 0.061752988047808766 0.0513595166163142
0 0.21912350597609562 0.5562688821752266 0.06374501992031872 0.04758308157099698
1 0.2549800796812749 0.5524924471299094 0.08366533864541832 0.05060422960725076
0 0.38247011952191234 0.5169939577039275 0.04780876494023904 0.04607250755287009
0 0.32669322709163345 0.5385196374622356 0.07171314741035856 0.04682779456193353
0 0.4352589641434263 0.5132175226586103 0.049800796812749 0.05362537764350453
0 0.48804780876494025 0.4890483383685801 0.07569721115537849 0.04003021148036254
0 0.5338645418326693 0.48225075528700906 0.05976095617529881 0.04758308157099698
0 0.6553784860557769 0.46110271903323263 0.06374501992031872 0.0445619335347432
0 0.699203187250996 0.45770392749244715 0.07569721115537849 0.045317220543806644
1 0.5737051792828685 0.4652567975830816 0.07171314741035856 0.04682779456193353
0 0.8715139442231076 0.41540785498489424 0.05776892430278884 0.04833836858006042
1 0.7450199203187251 0.4335347432024169 0.0796812749003984 0.04682779456193353
0 0.8047808764940239 0.436178247734139 0.06374501992031872 0.0445619335347432
