0 0.6444223107569721 0.9901812688821753 0.14143426294820716 0.01661631419939577
0 0.6543824701195219 0.9705438066465257 0.1454183266932271 0.027190332326283987
1 0.5966135458167331 0.955060422960725 0.16533864541832669 0.026435045317220542
0 0.6115537848605578 0.9301359516616314 0.13147410358565736 0.02039274924471299
0 0.6055776892430279 0.9070996978851964 0.13545816733067728 0.019637462235649546
0 0.5946215139442231 0.8840634441087614 0.13745019920318724 0.02190332326283988
0 0.5727091633466135 0.8387462235649547 0.11354581673306773 0.03700906344410876
0 0.5239043824701195 0.7994712990936556 0.12350597609561753 0.03700906344410876
0 0.5069721115537849 0.7681268882175226 0.1294820717131474 0.021148036253776436
0 0.46613545816733065 0.7420694864048338 0.11553784860557768 0.017371601208459216
0 0.4681274900398406 0.7179003021148036 0.14342629482071712 0.027945619335347432
0 0.45717131474103584 0.6839123867069486 0.1294820717131474 0.0188821752265861
0 0.43227091633466136 0.6344410876132931 0.08366533864541832 0.03172205438066465
1 0.40537848605577687 0.6132930513595166 0.11354581673306773 0.03172205438066465
0 0.3854581673306773 0.5789274924471299 0.14143426294820716 0.015861027190332326
0 0.350597609561753 0.5555135951661632 0.13545816733067728 0.02039274924471299
0 0.3565737051792829 0.5336102719033232 0.12749003984063745 0.0188821752265861
0 0.32669322709163345 0.5151057401812689 0.15139442231075698 0.015105740181268881
0 0.3396414342629482 0.4882930513595166 0.13346613545816732 0.0324773413897281
1 0.2948207171314741 0.4826283987915408 0.12749003984063745 0.022658610271903322
1 0.2729083665338645 0.45279456193353473 0.1394422310756972 0.024924471299093656
1 0.2559760956175299 0.41842900302114805 0.1454183266932271 0.01812688821752266
1 0.25199203187250996 0.39841389728096677 0.1454183266932271 0.026435045317220542
1 0.2539840637450199 0.34818731117824775 0.11752988047808764 0.021148036253776436
1 0.22111553784860558 0.3685800604229607 0.16733067729083664 0.022658610271903322
1 0.19820717131474103 0.33270392749244715 0.12151394422310757 0.02190332326283988
1 0.17231075697211154 0.3092900302114804 0.14940239043824702 0.02039274924471299
1 0.15637450199203187 0.29003021148036257 0.15338645418326693 0.0256797583081571
1 0.1344621513944223 0.26963746223564955 0.1254980079681275 0.02416918429003021
1 0.11553784860557768 0.24546827794561935 0.12749003984063745 0.03172205438066465
1 0.09262948207171315 0.22016616314199397 0.13745019920318724 0.027945619335347432
0 0.11254980079681275 0.2001510574018127 0.1254980079681275 0.022658610271903322
0 0.08067729083665338 0.18806646525679757 0.10557768924302789 0.022658610271903322
1 0.05079681274900398 0.16012084592145015 0.10159362549800796 0.03625377643504532
0 0.044820717131474105 0.13481873111782477 0.09362549800796813 0.017371601208459216
0 0.037848605577689244 0.1148036253776435 0.0796812749003984 0.010574018126888218
0 0.03386454183266932 0.09818731117824774 0.07171314741035856 0.01661631419939577
0 0.03386454183266932 0.06419939577039276 0.07171314741035856 0.015105740181268881
0 0.5677290836653386 0.13104229607250756 0.11952191235059761 0.03851963746223565
0 0.6155378486055777 0.18391238670694865 0.11952191235059761 0.033987915407854986
0 0.6523904382470119 0.2088368580060423 0.09760956175298804 0.04305135951661632
0 0.6723107569721115 0.23602719033232628 0.1254980079681275 0.0324773413897281
0 0.7798804780876494 0.23753776435045318 0.08565737051792828 0.0324773413897281
1 0.6055776892430279 0.16503021148036254 0.13147410358565736 0.023413897280966767
0 0.7051792828685259 0.2681268882175227 0.14741035856573706 0.028700906344410877
0 0.7241035856573705 0.3187311178247734 0.1294820717131474 0.03323262839879154
0 0.852589641434263 0.33081570996978854 0.13147410358565736 0.0256797583081571
0 0.7858565737051793 0.41540785498489424 0.14143426294820716 0.0256797583081571
0 0.8316733067729084 0.4652567975830816 0.1254980079681275 0.028700906344410877
2 0.8884462151394422 0.6805135951661632 0.13147410358565736 0.0256797583081571
0 0.9651394422310757 0.7046827794561934 0.061752988047808766 0.03474320241691843
0 0.9601593625498008 0.6268882175226587 0.07171314741035856 0.01661631419939577
