2 0.30278884462151395 0.47583081570996977 0.11952191235059761 0.02416918429003021
2 0.3605577689243028 0.5030211480362538 0.11952191235059761 0.027190332326283987
0 0.07868525896414343 0.6691842900302115 0.049800796812749 0.04984894259818731
0 0.11254980079681275 0.6631419939577039 0.061752988047808766 0.045317220543806644
1 0.25697211155378485 0.6393504531722054 0.12350597609561753 0.04154078549848943
0 0.3286852589641434 0.6283987915407855 0.11553784860557768 0.0377643504531722
0 0.4741035856573705 0.5944108761329305 0.1394422310756972 0.028700906344410877
1 0.5109561752988048 0.6257552870090635 0.13346613545816732 0.024924471299093656
0 0.5388446215139442 0.6582326283987915 0.09362549800796813 0.03851963746223565
0 0.5587649402390438 0.6816465256797583 0.07768924302788845 0.0324773413897281
0 0.5796812749003984 0.7111027190332326 0.099601593625498 0.02945619335347432
0 0.7151394422310757 0.9203172205438066 0.055776892430278883 0.023413897280966767
0 0.75199203187251 0.9399546827794562 0.061752988047808766 0.035498489425981876
0 0.7858565737051793 0.9735649546827795 0.04183266932270916 0.03172205438066465
0 0.7639442231075697 0.9867824773413897 0.061752988047808766 0.02190332326283988
3 0.7599601593625498 0.2533987915407855 0.2410358565737052 0.15332326283987915
3 0.5687250996015936 0.05022658610271903 0.2250996015936255 0.10196374622356495
3 0.9033864541832669 0.015105740181268881 0.15737051792828685 0.030211480362537763
3 0.9571713147410359 0.13972809667673716 0.07370517928286853 0.10574018126888217
