3 0.6163141993957704 0.395392749244713 0.1419939577039275 0.15332326283987915
3 0.32326283987915405 0.44599697885196377 0.13897280966767372 0.16540785498489427
3 0.6518126888217523 0.6925981873111783 0.1419939577039275 0.14954682779456194
0 0.02416918429003021 0.23564954682779457 0.045317220543806644 0.05740181268882175
0 0.03814199395770393 0.24924471299093656 0.033987915407854986 0.0634441087613293
0 0.0649546827794562 0.2552870090634441 0.03172205438066465 0.06797583081570997
0 0.06382175226586102 0.2753021148036254 0.03851963746223565 0.05060422960725076
0 0.09214501510574018 0.28851963746223563 0.061933534743202415 0.028700906344410877
0 0.11518126888217523 0.30702416918429004 0.033987915407854986 0.06873111782477341
0 0.12726586102719034 0.3338368580060423 0.035498489425981876 0.061933534743202415
0 0.15332326283987915 0.33610271903323263 0.03474320241691843 0.0634441087613293
0 0.17220543806646527 0.3512084592145015 0.0377643504531722 0.061933534743202415
0 0.2039274924471299 0.3648036253776435 0.045317220543806644 0.0770392749244713
0 0.21110271903323263 0.3848187311178248 0.07779456193353475 0.03851963746223565
0 0.2345166163141994 0.4074773413897281 0.06722054380664652 0.04305135951661632
0 0.513595166163142 0.3157099697885196 0.0377643504531722 0.0755287009063444
0 0.49697885196374625 0.2998489425981873 0.03172205438066465 0.0770392749244713
0 0.4792296072507553 0.2862537764350453 0.04154078549848943 0.07099697885196375
0 0.4580815709969788 0.2673716012084592 0.03851963746223565 0.06948640483383686
0 0.4312688821752266 0.24093655589123866 0.03474320241691843 0.07099697885196375
0 0.4161631419939577 0.22734138972809667 0.030211480362537763 0.0755287009063444
0 0.39463746223564955 0.2209214501510574 0.04154078549848943 0.08081570996978851
1 0.3734894259818731 0.2084592145015106 0.03851963746223565 0.08006042296072508
0 0.3512084592145015 0.18882175226586104 0.0377643504531722 0.07401812688821752
1 0.3236404833836858 0.1710725075528701 0.04003021148036254 0.07779456193353475
0 0.30438066465256797 0.15709969788519637 0.04229607250755287 0.07854984894259819
0 0.2858761329305136 0.15143504531722055 0.02945619335347432 0.07779456193353475
0 0.26132930513595165 0.1355740181268882 0.03625377643504532 0.06873111782477341
0 0.2035498489425982 0.0770392749244713 0.04003021148036254 0.0770392749244713
0 0.2209214501510574 0.09780966767371602 0.05966767371601209 0.07477341389728097
0 0.24093655589123866 0.11102719033232629 0.03474320241691843 0.06948640483383686
1 0.1733383685800604 0.05929003021148036 0.04154078549848943 0.08081570996978851
0 0.1299093655589124 0.04078549848942598 0.03927492447129909 0.08308157099697885
0 0.1608761329305136 0.03474320241691843 0.027190332326283987 0.0649546827794562
1 0.3889728096676737 0.523036253776435 0.0513595166163142 0.07326283987915408
0 0.4097432024169184 0.5332326283987915 0.0324773413897281 0.060422960725075525
0 0.4278700906344411 0.5381419939577039 0.03700906344410876 0.06268882175226587
0 0.4395770392749245 0.5555135951661632 0.03625377643504532 0.06268882175226587
0 0.45279456193353473 0.5725075528700906 0.027945619335347432 0.061933534743202415
0 0.47658610271903323 0.581570996978852 0.0377643504531722 0.0649546827794562
0 0.48867069486404835 0.5989425981873112 0.03625377643504532 0.05891238670694864
0 0.5105740181268882 0.6083836858006042 0.03625377643504532 0.06268882175226587
1 0.5320996978851964 0.6253776435045317 0.0324773413897281 0.061933534743202415
0 0.5626888217522659 0.6374622356495468 0.03323262839879154 0.0649546827794562
0 0.6729607250755287 0.4716767371601208 0.03172205438066465 0.06419939577039276
0 0.6914652567975831 0.4777190332326284 0.026435045317220542 0.06570996978851963
1 0.7220543806646526 0.49962235649546827 0.03474320241691843 0.07175226586102719
1 0.7552870090634441 0.5222809667673716 0.04078549848942598 0.06873111782477341
0 0.7764350453172205 0.5309667673716012 0.0377643504531722 0.054380664652567974
0 0.7941842900302115 0.5490936555891238 0.02945619335347432 0.06646525679758308
0 0.804380664652568 0.5608006042296072 0.030211480362537763 0.06722054380664652
0 0.8183534743202416 0.573262839879154 0.02945619335347432 0.0634441087613293
1 0.8508308157099698 0.6000755287009063 0.03851963746223565 0.06873111782477341
0 0.8670694864048338 0.6148036253776435 0.04078549848942598 0.06797583081570997
0 0.8870845921450151 0.6280211480362538 0.02945619335347432 0.06117824773413897
0 0.9097432024169184 0.6446374622356495 0.03700906344410876 0.07175226586102719
0 0.9463746223564955 0.6842900302114804 0.03927492447129909 0.07854984894259819
0 0.9656344410876133 0.6907099697885196 0.027945619335347432 0.06117824773413897
0 0.979607250755287 0.7043051359516617 0.02416918429003021 0.0581570996978852
0 0.7027945619335347 0.7820996978851964 0.06873111782477341 0.035498489425981876
0 0.7016616314199395 0.8047583081570997 0.05891238670694864 0.02945619335347432
0 0.6933534743202416 0.8213746223564955 0.061933534743202415 0.030966767371601207
0 0.6952416918429003 0.845166163141994 0.07175226586102719 0.03474320241691843
0 0.6669184290030211 0.8738670694864048 0.0755287009063444 0.03172205438066465
0 0.6616314199395771 0.8938821752265861 0.060422960725075525 0.023413897280966767
0 0.6472809667673716 0.9104984894259819 0.06948640483383686 0.027945619335347432
0 0.6253776435045317 0.9361782477341389 0.0634441087613293 0.0324773413897281
0 0.6083836858006042 0.9558157099697885 0.06268882175226587 0.030966767371601207
0 0.8802870090634441 0.9297583081570997 0.027945619335347432 0.0634441087613293
1 0.8583836858006042 0.9290030211480362 0.04758308157099698 0.05891238670694864
1 0.8353474320241692 0.9380664652567976 0.052870090634441085 0.052870090634441085
