0 0.32669322709163345 0.381175468483816 0.12749003984063745 0.028109028960817718
0 0.34063745019920316 0.43185689948892675 0.11553784860557768 0.034071550255536626
1 0.8326693227091634 0.25340715502555367 0.10756972111553785 0.036626916524701875
0 0.8565737051792829 0.29045996592844975 0.10756972111553785 0.03747870528109029
0 0.8814741035856574 0.313458262350937 0.13745019920318724 0.039182282793867124
0 0.9233067729083665 0.3390119250425894 0.09760956175298804 0.056218057921635436
0 0.9432270916334661 0.3679727427597956 0.053784860557768925 0.04940374787052811
0 0.9611553784860558 0.38798977853492334 0.0697211155378486 0.048551959114139696
0 0.3396414342629482 0.4088586030664395 0.09760956175298804 0.027257240204429302
0 0.3426294820717131 0.4565587734241908 0.09163346613545817 0.04940374787052811
0 0.36752988047808766 0.5 0.10557768924302789 0.056218057921635436
0 0.3386454183266932 0.5238500851788757 0.13545816733067728 0.04770017035775128
0 0.2838645418326693 0.5242759795570698 0.10956175298804781 0.048551959114139696
0 0.26195219123505975 0.5357751277683135 0.11354581673306773 0.054514480408858604
0 0.18725099601593626 0.5255536626916525 0.06374501992031872 0.04770017035775128
0 0.15737051792828685 0.5310902896081772 0.08764940239043825 0.0434412265758092
0 0.11055776892430279 0.5609028960817717 0.09362549800796813 0.04514480408858603
0 0.1294820717131474 0.5417376490630323 0.0796812749003984 0.04599659284497445
0 0.06573705179282868 0.575809199318569 0.07171314741035856 0.044293015332197615
1 0.8336653386454184 0.9863713798977853 0.13745019920318724 0.018739352640545145
0 0.7938247011952191 0.9390971039182283 0.14940239043824702 0.028109028960817718
0 0.7838645418326693 0.9178023850085179 0.15737051792828685 0.026405451448040886
0 0.7679282868525896 0.8956558773424191 0.13745019920318724 0.026405451448040886
1 0.7280876494023905 0.8620102214650767 0.10956175298804781 0.039182282793867124
0 0.7201195219123506 0.8313458262350937 0.1254980079681275 0.03747870528109029
0 0.6932270916334661 0.798977853492334 0.1553784860557769 0.020442930153321978
0 0.6314741035856574 0.780664395229983 0.099601593625498 0.022998296422487224
0 0.6165338645418327 0.7563884156729132 0.09760956175298804 0.03236797274275979
0 0.09661354581673307 0.801107325383305 0.053784860557768925 0.05536626916524702
0 0.14243027888446214 0.7721465076660988 0.053784860557768925 0.06388415672913117
0 0.18227091633466136 0.774701873935264 0.049800796812749 0.05536626916524702
0 0.25298804780876494 0.7691652470187393 0.04780876494023904 0.06473594548551959
0 0.046812749003984064 0.8015332197614992 0.05776892430278884 0.05281090289608177
1 0.3555776892430279 0.7448892674616695 0.08964143426294821 0.058773424190800685
1 0.299800796812749 0.7653321976149915 0.053784860557768925 0.07921635434412266
0 0.44621513944223107 0.7448892674616695 0.06374501992031872 0.05536626916524702
0 0.4073705179282868 0.7517035775127768 0.05776892430278884 0.06047700170357751
0 0.45219123505976094 0.7423339011925043 0.05976095617529881 0.05366269165247019
1 0.499003984063745 0.7427597955706985 0.049800796812749 0.04770017035775128
