0 0.8594548551959115 0.5615558912386707 0.06814310051107325 0.023413897280966767
0 0.8471039182282794 0.7129909365558912 0.0809199318568995 0.027190332326283987
0 0.8334752981260648 0.6959969788519638 0.075809199318569 0.024924471299093656
0 0.8343270868824532 0.6748489425981873 0.0809199318568995 0.0188821752265861
0 0.8232538330494038 0.6616314199395771 0.075809199318569 0.0256797583081571
0 0.7359454855195912 0.43277945619335345 0.08177172061328791 0.03323262839879154
0 0.8151618398637138 0.4316465256797583 0.0919931856899489 0.030966767371601207
0 0.8262350936967632 0.466012084592145 0.0868824531516184 0.019637462235649546
0 0.8172913117546848 0.4792296072507553 0.062180579216354344 0.017371601208459216
0 0.8385860306643952 0.5003776435045317 0.08943781942078365 0.024924471299093656
0 0.8522146507666098 0.533987915407855 0.08773424190800681 0.021148036253776436
0 0.866695059625213 0.5966767371601208 0.08943781942078365 0.02416918429003021
0 0.8726575809199318 0.6287764350453172 0.08432708688245315 0.0324773413897281
0 0.7674616695059625 0.5158610271903323 0.08177172061328791 0.02416918429003021
0 0.784923339011925 0.5547583081570997 0.07751277683134583 0.024924471299093656
0 0.790885860306644 0.5740181268882175 0.07921635434412266 0.030211480362537763
0 0.795144804088586 0.5913897280966768 0.07410562180579217 0.019637462235649546
0 0.8151618398637138 0.631797583081571 0.08177172061328791 0.030966767371601207
0 0.7538330494037478 0.452416918429003 0.07666098807495741 0.02416918429003021
