0 0.03927492447129909 0.02416918429003021 0.06797583081570997 0.0377643504531722
0 0.054380664652567974 0.05324773413897281 0.0770392749244713 0.04305135951661632
0 0.07061933534743202 0.10460725075528701 0.06873111782477341 0.0324773413897281
0 0.08119335347432025 0.13972809667673716 0.06873111782477341 0.03927492447129909
0 0.1952416918429003 0.297583081570997 0.04305135951661632 0.05740181268882175
0 0.22054380664652568 0.3100453172205438 0.05740181268882175 0.05060422960725076
0 0.32439577039274925 0.2926737160120846 0.03700906344410876 0.06873111782477341
0 0.35536253776435045 0.27681268882175225 0.04003021148036254 0.06117824773413897
0 0.39652567975830816 0.2824773413897281 0.03474320241691843 0.0634441087613293
0 0.42031722054380666 0.2711480362537764 0.04154078549848943 0.05891238670694864
0 0.45996978851963743 0.2609516616314199 0.04229607250755287 0.05513595166163142
0 0.4830060422960725 0.24848942598187312 0.04154078549848943 0.054380664652567974
0 0.5094410876132931 0.24282477341389727 0.04154078549848943 0.05362537764350453
0 0.529833836858006 0.21978851963746224 0.033987915407854986 0.060422960725075525
0 0.5574018126888217 0.21827794561933533 0.03474320241691843 0.061933534743202415
0 0.5981873111782477 0.20241691842900303 0.04984894259818731 0.060422960725075525
0 0.6283987915407855 0.18617824773413896 0.045317220543806644 0.05362537764350453
1 0.6518126888217523 0.17409365558912387 0.04229607250755287 0.0581570996978852
0 0.668429003021148 0.15294561933534742 0.03625377643504532 0.06419939577039276
0 0.6880664652567976 0.17182779456193353 0.03474320241691843 0.06419939577039276
0 0.7039274924471299 0.13066465256797583 0.03474320241691843 0.060422960725075525
1 0.7137462235649547 0.15634441087613293 0.04229607250755287 0.07099697885196375
0 0.7352719033232629 0.12915407854984895 0.030966767371601207 0.0634441087613293
1 0.7575528700906344 0.13406344410876134 0.03625377643504532 0.07326283987915408
0 0.7737915407854985 0.08799093655589124 0.02945619335347432 0.05966767371601209
1 0.7888972809667674 0.12046827794561933 0.035498489425981876 0.06873111782477341
0 0.8153323262839879 0.09705438066465256 0.04758308157099698 0.07779456193353475
0 0.8323262839879154 0.08308157099697885 0.0377643504531722 0.061933534743202415
1 0.8606495468277946 0.06419939577039276 0.033987915407854986 0.07854984894259819
0 0.8848187311178247 0.06419939577039276 0.05060422960725076 0.08157099697885196
2 0.7488670694864048 0.0377643504531722 0.0445619335347432 0.028700906344410877
0 0.9138972809667674 0.052492447129909366 0.052870090634441085 0.07477341389728097
0 0.9467522658610272 0.05853474320241692 0.05060422960725076 0.07477341389728097
