0 0.2628398791540785 0.9040785498489426 0.06646525679758308 0.03625377643504532
0 0.2847432024169184 0.975453172205438 0.06948640483383686 0.02039274924471299
0 0.34176737160120846 0.9191842900302115 0.05664652567975831 0.027190332326283987
0 0.347809667673716 0.9475075528700906 0.07779456193353475 0.02039274924471299
0 0.35989425981873113 0.9814954682779456 0.06419939577039276 0.030966767371601207
1 0.3157099697885196 0.851963746223565 0.060422960725075525 0.01812688821752266
0 0.3319486404833837 0.831570996978852 0.0702416918429003 0.019637462235649546
0 0.2526435045317221 0.8225075528700906 0.05966767371601209 0.021148036253776436
0 0.30551359516616317 0.7900302114803626 0.0581570996978852 0.028700906344410877
1 0.30438066465256797 0.7654833836858006 0.06797583081570997 0.027945619335347432
0 0.22469788519637462 0.7605740181268882 0.05211480362537765 0.027190332326283987
0 0.28889728096676737 0.7398036253776435 0.05664652567975831 0.02945619335347432
0 0.21638972809667673 0.7326283987915407 0.06419939577039276 0.0256797583081571
0 0.21450151057401812 0.7020392749244713 0.05891238670694864 0.027945619335347432
0 0.2824773413897281 0.6718277945619335 0.052870090634441085 0.0324773413897281
0 0.27303625377643503 0.6518126888217523 0.04909365558912387 0.03474320241691843
0 0.20657099697885195 0.6620090634441088 0.06419939577039276 0.027945619335347432
0 0.25944108761329304 0.627643504531722 0.05966767371601209 0.0256797583081571
1 0.18202416918429004 0.6283987915407855 0.05740181268882175 0.03323262839879154
0 0.20241691842900303 0.597809667673716 0.03323262839879154 0.04758308157099698
1 0.22922960725075528 0.5883685800604229 0.026435045317220542 0.054380664652567974
1 0.24584592145015105 0.5728851963746223 0.02945619335347432 0.0581570996978852
1 0.27416918429003023 0.5668429003021148 0.04229607250755287 0.06419939577039276
0 0.01095166163141994 0.09629909365558913 0.015861027190332326 0.04758308157099698
0 0.04154078549848943 0.5196374622356495 0.04078549848942598 0.060422960725075525
0 0.06722054380664652 0.5086858006042296 0.03927492447129909 0.05362537764350453
0 0.08648036253776435 0.49509063444108764 0.04305135951661632 0.05060422960725076
1 0.11593655589123868 0.49509063444108764 0.03851963746223565 0.04607250755287009
0 0.13972809667673716 0.48564954682779454 0.03625377643504532 0.05740181268882175
0 0.18089123867069487 0.5313444108761329 0.030966767371601207 0.04758308157099698
0 0.19977341389728095 0.5237915407854985 0.030966767371601207 0.05060422960725076
1 0.22167673716012085 0.5086858006042296 0.027945619335347432 0.06117824773413897
0 0.2556646525679758 0.49584592145015105 0.027945619335347432 0.05513595166163142
0 0.27681268882175225 0.49395770392749244 0.04607250755287009 0.0513595166163142
0 0.31231117824773413 0.4973564954682779 0.04154078549848943 0.05513595166163142
0 0.338368580060423 0.48678247734138974 0.03474320241691843 0.05966767371601209
0 0.15974320241691842 0.4746978851963746 0.0445619335347432 0.04607250755287009
0 0.18202416918429004 0.4550604229607251 0.04682779456193353 0.05664652567975831
0 0.016993957703927493 0.18277945619335348 0.017371601208459216 0.05740181268882175
0 0.03134441087613293 0.08874622356495468 0.033987915407854986 0.04607250755287009
0 0.04833836858006042 0.18731117824773413 0.027190332326283987 0.060422960725075525
0 0.07175226586102719 0.1695619335347432 0.03474320241691843 0.06117824773413897
0 0.08761329305135952 0.14274924471299094 0.03172205438066465 0.0649546827794562
1 0.1148036253776435 0.15219033232628398 0.022658610271903322 0.0581570996978852
0 0.13066465256797583 0.1423716012084592 0.03172205438066465 0.0702416918429003
0 0.15709969788519637 0.12575528700906344 0.04078549848942598 0.06268882175226587
1 0.16993957703927492 0.05664652567975831 0.03474320241691843 0.060422960725075525
0 0.19750755287009064 0.11858006042296072 0.033987915407854986 0.0513595166163142
0 0.2277190332326284 0.10687311178247734 0.04003021148036254 0.05664652567975831
0 0.2590634441087613 0.1061178247734139 0.030211480362537763 0.05966767371601209
1 0.29229607250755285 0.10309667673716012 0.03625377643504532 0.07477341389728097
0 0.07666163141993958 0.07326283987915408 0.033987915407854986 0.05740181268882175
0 0.09780966767371602 0.0649546827794562 0.02945619335347432 0.061933534743202415
0 0.12462235649546828 0.05513595166163142 0.030211480362537763 0.05740181268882175
0 0.1903323262839879 0.04154078549848943 0.030211480362537763 0.04984894259818731
0 0.2212990936555891 0.029833836858006044 0.03927492447129909 0.04607250755287009
0 0.2330060422960725 0.42371601208459214 0.04154078549848943 0.045317220543806644
0 0.2088368580060423 0.44410876132930516 0.030966767371601207 0.045317220543806644
0 0.2107250755287009 0.4150302114803625 0.02416918429003021 0.04607250755287009
0 0.25075528700906347 0.4127643504531722 0.021148036253776436 0.05060422960725076
0 0.2726586102719033 0.4244712990936556 0.028700906344410877 0.04078549848942598
0 0.286631419939577 0.4142749244712991 0.033987915407854986 0.05362537764350453
0 0.31231117824773413 0.415785498489426 0.030966767371601207 0.06873111782477341
1 0.3629154078549849 0.4743202416918429 0.03700906344410876 0.052870090634441085
1 0.37462235649546827 0.45468277945619334 0.03474320241691843 0.045317220543806644
1 0.3987915407854985 0.4433534743202417 0.045317220543806644 0.0513595166163142
0 0.4259818731117825 0.4248489425981873 0.052870090634441085 0.04305135951661632
0 0.33987915407854985 0.4003021148036254 0.03927492447129909 0.04984894259818731
1 0.3632930513595166 0.3904833836858006 0.04833836858006042 0.0513595166163142
0 0.38444108761329304 0.37915407854984895 0.04984894259818731 0.027190332326283987
1 0.411631419939577 0.36064954682779454 0.06646525679758308 0.027945619335347432
0 0.4161631419939577 0.37575528700906347 0.054380664652567974 0.02945619335347432
0 0.3168429003021148 0.09176737160120846 0.023413897280966767 0.05362537764350453
0 0.3338368580060423 0.10574018126888217 0.02416918429003021 0.055891238670694864
2 0.44222054380664655 0.11216012084592145 0.04154078549848943 0.03700906344410876
0 0.4104984894259819 0.06797583081570997 0.02039274924471299 0.0634441087613293
0 0.43731117824773413 0.06382175226586102 0.03474320241691843 0.05513595166163142
0 0.38746223564954685 0.07439577039274925 0.022658610271903322 0.05664652567975831
1 0.3783987915407855 0.09176737160120846 0.02416918429003021 0.05664652567975831
0 0.3530966767371601 0.09214501510574018 0.02945619335347432 0.05740181268882175
0 0.46827794561933533 0.05853474320241692 0.0256797583081571 0.05211480362537765
0 0.48678247734138974 0.04909365558912387 0.024924471299093656 0.052870090634441085
0 0.5033987915407855 0.043429003021148035 0.02190332326283988 0.0445619335347432
0 0.5332326283987915 0.04418429003021148 0.027190332326283987 0.04607250755287009
0 0.4452416918429003 0.32968277945619334 0.0324773413897281 0.05060422960725076
0 0.47847432024169184 0.48867069486404835 0.02945619335347432 0.05891238670694864
0 0.5124622356495468 0.4833836858006042 0.030966767371601207 0.0634441087613293
1 0.570619335347432 0.4607250755287009 0.0324773413897281 0.0634441087613293
0 0.46299093655589124 0.551737160120846 0.07099697885196375 0.026435045317220542
0 0.48527190332326287 0.5962990936555891 0.05664652567975831 0.033987915407854986
0 0.5090634441087614 0.40483383685800606 0.05740181268882175 0.054380664652567974
1 0.47205438066465255 0.3429003021148036 0.03625377643504532 0.054380664652567974
0 0.5049093655589124 0.3447885196374622 0.0324773413897281 0.05211480362537765
0 0.5177492447129909 0.33270392749244715 0.04154078549848943 0.05664652567975831
0 0.5464501510574018 0.3311933534743202 0.030966767371601207 0.05664652567975831
0 0.577416918429003 0.3338368580060423 0.04003021148036254 0.045317220543806644
1 0.5755287009063444 0.30173716012084595 0.05891238670694864 0.0581570996978852
0 0.6012084592145015 0.29871601208459214 0.022658610271903322 0.04758308157099698
0 0.6427492447129909 0.3338368580060423 0.04380664652567976 0.0513595166163142
0 0.6185800604229608 0.3530966767371601 0.03927492447129909 0.05362537764350453
0 0.6427492447129909 0.2700151057401813 0.04078549848942598 0.04607250755287009
1 0.631797583081571 0.2892749244712991 0.04758308157099698 0.0513595166163142
0 0.7273413897280967 0.4433534743202417 0.028700906344410877 0.05891238670694864
0 0.6714501510574018 0.4467522658610272 0.03474320241691843 0.06117824773413897
0 0.6729607250755287 0.5370090634441088 0.0377643504531722 0.055891238670694864
1 0.7020392749244713 0.5354984894259819 0.0324773413897281 0.055891238670694864
0 0.6680513595166163 0.5936555891238671 0.0581570996978852 0.030211480362537763
0 0.6722054380664653 0.6219788519637462 0.05740181268882175 0.033987915407854986
1 0.6805135951661632 0.6438821752265861 0.060422960725075525 0.023413897280966767
0 0.6831570996978852 0.6771148036253777 0.07326283987915408 0.027945619335347432
1 0.6918429003021148 0.702416918429003 0.054380664652567974 0.03172205438066465
0 0.6620090634441088 0.754154078549849 0.03700906344410876 0.05966767371601209
0 0.6944864048338368 0.7413141993957704 0.04154078549848943 0.03851963746223565
0 0.7163897280966768 0.7643504531722054 0.06419939577039276 0.04682779456193353
0 0.7069486404833837 0.7938066465256798 0.04833836858006042 0.03625377643504532
0 0.7224320241691843 0.8243957703927492 0.04154078549848943 0.03851963746223565
0 0.7258308157099698 0.8659365558912386 0.0513595166163142 0.033987915407854986
0 0.726963746223565 0.9067220543806647 0.035498489425981876 0.04003021148036254
1 0.7515105740181269 0.94297583081571 0.0755287009063444 0.030966767371601207
0 0.422583081570997 0.6722054380664653 0.06117824773413897 0.03625377643504532
0 0.4845166163141994 0.6321752265861027 0.05211480362537765 0.030211480362537763
0 0.5003776435045317 0.6654078549848943 0.05966767371601209 0.022658610271903322
0 0.5015105740181269 0.6933534743202416 0.055891238670694864 0.03474320241691843
0 0.5105740181268882 0.7307401812688822 0.04833836858006042 0.04003021148036254
1 0.5241691842900302 0.763595166163142 0.055891238670694864 0.03625377643504532
0 0.4433534743202417 0.729607250755287 0.03927492447129909 0.04833836858006042
0 0.4588368580060423 0.7522658610271903 0.04154078549848943 0.03474320241691843
0 0.4690332326283988 0.8013595166163142 0.0513595166163142 0.04229607250755287
0 0.472809667673716 0.8251510574018127 0.05891238670694864 0.035498489425981876
0 0.5317220543806647 0.7941842900302115 0.0513595166163142 0.03851963746223565
0 0.5490936555891238 0.8172205438066465 0.0513595166163142 0.027190332326283987
0 0.5641993957703928 0.8455438066465257 0.04682779456193353 0.027945619335347432
1 0.5751510574018127 0.8780211480362538 0.05362537764350453 0.0324773413897281
0 0.5868580060422961 0.9010574018126888 0.052870090634441085 0.03323262839879154
0 0.49395770392749244 0.8459214501510574 0.060422960725075525 0.04078549848942598
0 0.502643504531722 0.8731117824773413 0.0445619335347432 0.03172205438066465
0 0.520392749244713 0.8923716012084593 0.04380664652567976 0.030966767371601207
0 0.5143504531722054 0.918429003021148 0.04984894259818731 0.04078549848942598
0 0.529833836858006 0.9259818731117825 0.04154078549848943 0.03625377643504532
0 0.5358761329305136 0.949773413897281 0.05060422960725076 0.033987915407854986
0 0.5464501510574018 0.9686555891238671 0.05664652567975831 0.033987915407854986
