0 0.5630664652567976 0.919931856899489 0.06419939577039276 0.07155025553662692
1 0.6034743202416919 0.9024701873935265 0.04078549848942598 0.07921635434412266
0 0.6321752265861027 0.8854344122657581 0.03172205438066465 0.065587734241908
0 0.6782477341389728 0.8777683134582623 0.052870090634441085 0.05706984667802385
0 0.7058157099697885 0.846252129471891 0.05362537764350453 0.05706984667802385
1 0.7413141993957704 0.8241056218057922 0.0581570996978852 0.051959114139693355
0 0.7885196374622356 0.82793867120954 0.054380664652567974 0.07155025553662692
0 0.8228851963746223 0.8117546848381602 0.04758308157099698 0.06303236797274277
1 0.8470543806646526 0.7934412265758092 0.04909365558912387 0.05366269165247019
1 0.8666918429003021 0.7772572402044293 0.04305135951661632 0.06899488926746167
0 0.8897280966767371 0.7678875638841567 0.03927492447129909 0.06729131175468483
1 0.9127643504531722 0.7461669505962522 0.04607250755287009 0.06814310051107325
0 0.9475075528700906 0.7410562180579217 0.04003021148036254 0.06473594548551959
1 0.9690332326283988 0.7257240204429302 0.052870090634441085 0.07495741056218058
