2 0.4086102719033233 0.4626132930513595 0.0256797583081571 0.033987915407854986
2 0.7111027190332326 0.27870090634441086 0.024924471299093656 0.022658610271903322
1 0.7088368580060423 0.26963746223564955 0.035498489425981876 0.061933534743202415
0 0.7753021148036254 0.2601963746223565 0.05664652567975831 0.04154078549848943
0 0.7760574018126888 0.29342900302114805 0.05966767371601209 0.026435045317220542
0 0.8311933534743202 0.31344410876132933 0.06873111782477341 0.03172205438066465
1 0.8447885196374623 0.24773413897280966 0.05513595166163142 0.01812688821752266
0 0.823262839879154 0.2711480362537764 0.05891238670694864 0.03172205438066465
0 0.8228851963746223 0.23376132930513596 0.05513595166163142 0.027945619335347432
0 0.827416918429003 0.2122356495468278 0.06570996978851963 0.021148036253776436
0 0.8251510574018127 0.19184290030211482 0.06117824773413897 0.0256797583081571
1 0.8395015105740181 0.15672205438066467 0.05211480362537765 0.0324773413897281
0 0.8183534743202416 0.1299093655589124 0.05664652567975831 0.0256797583081571
0 0.8217522658610272 0.09743202416918428 0.05740181268882175 0.02416918429003021
0 0.8251510574018127 0.0668429003021148 0.05513595166163142 0.024924471299093656
0 0.820619335347432 0.019637462235649546 0.05664652567975831 0.0256797583081571
0 0.5989425981873112 0.18882175226586104 0.055891238670694864 0.0256797583081571
0 0.5332326283987915 0.008685800604229608 0.054380664652567974 0.017371601208459216
0 0.5302114803625377 0.03814199395770393 0.055891238670694864 0.030966767371601207
0 0.5354984894259819 0.05777945619335347 0.05740181268882175 0.02945619335347432
0 0.5358761329305136 0.09894259818731117 0.0581570996978852 0.04229607250755287
0 0.5377643504531722 0.13632930513595165 0.061933534743202415 0.035498489425981876
0 0.5373867069486404 0.18126888217522658 0.0581570996978852 0.03927492447129909
0 0.5370090634441088 0.2243202416918429 0.0634441087613293 0.04229607250755287
0 0.5283232628398792 0.2669939577039275 0.05966767371601209 0.02945619335347432
0 0.5453172205438066 0.3530966767371601 0.052870090634441085 0.030966767371601207
0 0.9845166163141994 0.8096676737160121 0.026435045317220542 0.060422960725075525
