0 0.8100453172205438 0.026831345826235094 0.06722054380664652 0.041737649063032366
0 0.9256042296072508 0.30281090289608176 0.06419939577039276 0.0434412265758092
1 0.9120090634441088 0.26362862010221466 0.06722054380664652 0.031516183986371384
0 0.9014350453172205 0.23466780238500853 0.06419939577039276 0.03833049403747871
0 0.8734894259818731 0.18143100511073254 0.06419939577039276 0.03747870528109029
0 0.8629154078549849 0.13415672913117546 0.06873111782477341 0.0434412265758092
0 0.8810422960725075 0.3628620102214651 0.07930513595166164 0.04770017035775128
0 0.8629154078549849 0.33475298126064734 0.06268882175226587 0.054514480408858604
0 0.8425226586102719 0.31771720613287907 0.07175226586102719 0.05110732538330494
0 0.8251510574018127 0.29642248722316866 0.05966767371601209 0.054514480408858604
1 0.8100453172205438 0.26192504258943783 0.0702416918429003 0.046848381601362864
0 0.8066465256797583 0.24063032367972742 0.05891238670694864 0.05536626916524702
0 0.7862537764350453 0.21337308347529813 0.07099697885196375 0.04514480408858603
0 0.7820996978851964 0.20272572402044292 0.06268882175226587 0.04599659284497445
0 0.7749244712990937 0.17504258943781942 0.07099697885196375 0.03492333901192504
0 0.7103474320241692 0.020868824531516183 0.07326283987915408 0.029812606473594547
0 0.7088368580060423 0.03705281090289608 0.06570996978851963 0.036626916524701875
0 0.7216767371601208 0.05025553662691652 0.05966767371601209 0.039182282793867124
0 0.7303625377643505 0.07495741056218058 0.04380664652567976 0.04599659284497445
1 0.7481117824773413 0.1030664395229983 0.04909365558912387 0.06132879045996593
1 0.7545317220543807 0.12223168654173765 0.05740181268882175 0.065587734241908
1 0.7715256797583081 0.14395229982964225 0.04909365558912387 0.06303236797274277
1 0.4206948640483384 0.31175468483816016 0.0755287009063444 0.039182282793867124
0 0.34516616314199394 0.13713798977853492 0.06646525679758308 0.040885860306643956
0 0.3447885196374622 0.10008517887563884 0.07628398791540786 0.046848381601362864
0 0.33648036253776437 0.07495741056218058 0.07930513595166164 0.02555366269165247
0 0.3311933534743202 0.05579216354344123 0.08987915407854985 0.026405451448040886
0 0.2564199395770393 0.14735945485519591 0.05211480362537765 0.03747870528109029
0 0.24622356495468278 0.1034923339011925 0.04078549848942598 0.024701873935264056
0 0.30589123867069484 0.023424190800681432 0.0755287009063444 0.028109028960817718
0 0.4331570996978852 0.33432708688245316 0.08534743202416918 0.03321976149914821
0 0.45657099697885195 0.391396933560477 0.07779456193353475 0.03492333901192504
0 0.5373867069486404 0.42546848381601365 0.06268882175226587 0.03833049403747871
0 0.5698640483383686 0.49744463373083475 0.06570996978851963 0.039182282793867124
0 0.46487915407854985 0.42078364565587734 0.06873111782477341 0.04940374787052811
0 0.4898036253776435 0.4510221465076661 0.07175226586102719 0.03833049403747871
0 0.493202416918429 0.4833901192504259 0.0770392749244713 0.041737649063032366
1 0.513595166163142 0.5362010221465077 0.07401812688821752 0.05025553662691652
0 0.5196374622356495 0.5770868824531517 0.07854984894259819 0.03321976149914821
0 0.5479607250755287 0.6256388415672913 0.05966767371601209 0.06047700170357751
0 0.6174471299093656 0.6439522998296423 0.06873111782477341 0.03577512776831346
0 0.6355740181268882 0.6771720613287905 0.06722054380664652 0.03747870528109029
0 0.6416163141993958 0.7082623509369677 0.07326283987915408 0.041737649063032366
0 0.5834592145015106 0.735519591141397 0.06873111782477341 0.04514480408858603
0 0.6446374622356495 0.7508517887563885 0.06722054380664652 0.04003407155025554
0 0.675226586102719 0.7823679727427598 0.06797583081570997 0.041737649063032366
0 0.5932779456193353 0.7793867120954003 0.06873111782477341 0.04599659284497445
1 0.6030966767371602 0.8513628620102215 0.05060422960725076 0.07751277683134583
1 0.6238670694864048 0.8475298126064736 0.04984894259818731 0.06303236797274277
1 0.6427492447129909 0.8266609880749575 0.04229607250755287 0.06388415672913117
0 0.6895770392749244 0.8820272572402045 0.04833836858006042 0.06729131175468483
0 0.6737160120845922 0.889267461669506 0.04833836858006042 0.06473594548551959
0 0.6351963746223565 0.9271720613287905 0.04682779456193353 0.065587734241908
0 0.5585347432024169 0.9416524701873935 0.04909365558912387 0.06899488926746167
0 0.793429003021148 0.9041737649063033 0.04607250755287009 0.06388415672913117
1 0.7794561933534743 0.9156729131175468 0.04229607250755287 0.05281090289608177
1 0.7590634441087614 0.919931856899489 0.045317220543806644 0.059625212947189095
0 0.7337613293051359 0.9327086882453152 0.04003021148036254 0.05792163543441227
0 0.7107250755287009 0.944633730834753 0.045317220543806644 0.06132879045996593
0 0.7020392749244713 0.9676320272572402 0.04607250755287009 0.054514480408858604
0 0.6676737160120846 0.965076660988075 0.0513595166163142 0.05110732538330494
