3 0.6680513595166163 0.6643952299829642 0.20921450151057402 0.13287904599659284
3 0.6782477341389728 0.4714650766609881 0.18429003021148035 0.13373083475298125
3 0.9135196374622356 0.8185689948892675 0.16993957703927492 0.16013628620102216
3 0.9282477341389728 0.5085178875638842 0.1404833836858006 0.10902896081771721
0 0.3466767371601208 0.5238500851788757 0.07854984894259819 0.056218057921635436
1 0.3640483383685801 0.43185689948892675 0.09063444108761329 0.05110732538330494
0 0.37084592145015105 0.3624361158432709 0.08610271903323263 0.05706984667802385
0 0.3833081570996979 0.3194207836456559 0.07628398791540786 0.05110732538330494
2 0.7828549848942599 0.3011073253833049 0.035498489425981876 0.06047700170357751
0 0.32061933534743203 0.7512776831345827 0.07779456193353475 0.05110732538330494
0 0.3995468277945619 0.12308347529812606 0.03625377643504532 0.065587734241908
0 0.4354229607250755 0.12095400340715502 0.0324773413897281 0.07155025553662692
0 0.466012084592145 0.09838160136286202 0.03323262839879154 0.065587734241908
0 0.5018882175226587 0.11115843270868825 0.030966767371601207 0.0706984667802385
0 0.5411631419939577 0.10817717206132879 0.0324773413897281 0.06473594548551959
0 0.5645770392749244 0.11030664395229983 0.030966767371601207 0.0706984667802385
0 0.5834592145015106 0.10647359454855196 0.023413897280966767 0.07325383304940375
0 0.611404833836858 0.11073253833049404 0.030966767371601207 0.06814310051107325
0 0.6348187311178247 0.11669505962521295 0.02945619335347432 0.06643952299829642
0 0.658987915407855 0.12137989778534923 0.026435045317220542 0.06729131175468483
0 0.6858006042296072 0.11243611584327087 0.0256797583081571 0.059625212947189095
0 0.7035498489425982 0.12904599659284496 0.030966767371601207 0.065587734241908
0 0.7273413897280967 0.1307495741056218 0.030211480362537763 0.065587734241908
0 0.7552870090634441 0.13884156729131175 0.0256797583081571 0.059625212947189095
0 0.7877643504531722 0.14011925042589438 0.030211480362537763 0.07410562180579217
0 0.8168429003021148 0.14352640545144804 0.03700906344410876 0.062180579216354344
0 0.8372356495468278 0.16013628620102216 0.035498489425981876 0.08006814310051108
0 0.8761329305135952 0.15289608177172062 0.03323262839879154 0.06388415672913117
0 0.9131419939577039 0.15587734241908008 0.03474320241691843 0.06643952299829642
0 0.948262839879154 0.16567291311754684 0.033987915407854986 0.06047700170357751
0 0.9803625377643505 0.16567291311754684 0.03172205438066465 0.07921635434412266
0 0.959214501510574 0.3862862010221465 0.03927492447129909 0.0706984667802385
