0 0.502643504531722 0.11882453151618398 0.06117824773413897 0.0434412265758092
0 0.5 0.16056218057921637 0.05740181268882175 0.046848381601362864
1 0.5075528700906344 0.19207836456558774 0.05740181268882175 0.031516183986371384
1 0.506797583081571 0.21379897785349233 0.055891238670694864 0.03236797274275979
1 0.4935800604229607 0.2444633730834753 0.06722054380664652 0.030664395229982964
0 0.5071752265861027 0.25766609880749575 0.05664652567975831 0.024701873935264056
1 0.5064199395770392 0.2747018739352641 0.06419939577039276 0.024701873935264056
0 0.5098187311178247 0.30195911413969334 0.060422960725075525 0.03833049403747871
0 0.4981117824773414 0.32282793867120957 0.05664652567975831 0.044293015332197615
0 0.4882930513595166 0.3492333901192504 0.05664652567975831 0.040885860306643956
0 0.49886706948640486 0.3973594548551959 0.0581570996978852 0.03492333901192504
1 0.5154833836858006 0.4058773424190801 0.05664652567975831 0.036626916524701875
0 0.5166163141993958 0.4352640545144804 0.05740181268882175 0.04258943781942078
1 0.4746978851963746 0.5809199318568995 0.05211480362537765 0.030664395229982964
0 0.47394259818731116 0.6077512776831346 0.05362537764350453 0.03492333901192504
1 0.4754531722054381 0.6477853492333902 0.06117824773413897 0.04003407155025554
0 0.48225075528700906 0.6882453151618398 0.06268882175226587 0.04258943781942078
0 0.4807401812688822 0.7299829642248722 0.05664652567975831 0.03236797274275979
1 0.47847432024169184 0.764480408858603 0.06419939577039276 0.03833049403747871
0 0.5354984894259819 0.8117546848381602 0.0513595166163142 0.03577512776831346
