3 0.6907099697885196 0.043429003021148035 0.08836858006042296 0.08685800604229607
0 0.7386706948640483 0.14350453172205438 0.03927492447129909 0.0649546827794562
0 0.7715256797583081 0.13972809667673716 0.023413897280966767 0.055891238670694864
0 0.7881419939577039 0.13255287009063443 0.024924471299093656 0.04909365558912387
0 0.8009818731117825 0.11933534743202417 0.0188821752265861 0.0513595166163142
0 0.8175981873111783 0.12651057401812688 0.02190332326283988 0.05966767371601209
0 0.8474320241691843 0.09365558912386707 0.03323262839879154 0.0634441087613293
0 0.8685800604229608 0.08345921450151057 0.03172205438066465 0.06570996978851963
0 0.8836858006042296 0.07477341389728097 0.03172205438066465 0.05740181268882175
1 0.9025679758308157 0.07288519637462236 0.027190332326283987 0.05211480362537765
0 0.926737160120846 0.0634441087613293 0.028700906344410877 0.04682779456193353
1 0.6329305135951662 0.8621601208459214 0.04078549848942598 0.03700906344410876
0 0.645392749244713 0.8972809667673716 0.04607250755287009 0.027190332326283987
1 0.6540785498489426 0.9229607250755287 0.04833836858006042 0.045317220543806644
0 0.6604984894259819 0.9539274924471299 0.04305135951661632 0.0256797583081571
0 0.6631419939577039 0.9739425981873112 0.04229607250755287 0.027945619335347432
1 0.6231117824773413 0.8130664652567976 0.054380664652567974 0.0188821752265861
0 0.6170694864048338 0.7949395770392749 0.0513595166163142 0.015861027190332326
1 0.6080060422960725 0.7764350453172205 0.04682779456193353 0.019637462235649546
0 0.3821752265861027 0.0324773413897281 0.060422960725075525 0.01661631419939577
1 0.3938821752265861 0.09025679758308157 0.0445619335347432 0.035498489425981876
1 0.39803625377643503 0.11669184290030211 0.045317220543806644 0.03700906344410876
0 0.41351963746223563 0.1491691842900302 0.04607250755287009 0.035498489425981876
1 0.42107250755287007 0.17182779456193353 0.05664652567975831 0.04003021148036254
1 0.43051359516616317 0.1952416918429003 0.04682779456193353 0.04154078549848943
1 0.4437311178247734 0.23527190332326284 0.05513595166163142 0.023413897280966767
0 0.46148036253776437 0.2854984894259819 0.05740181268882175 0.03172205438066465
0 0.4452416918429003 0.2537764350453172 0.04607250755287009 0.02416918429003021
0 0.4724320241691843 0.3259063444108761 0.04909365558912387 0.035498489425981876
1 0.4811178247734139 0.3493202416918429 0.05740181268882175 0.030966767371601207
1 0.5940332326283988 0.7186555891238671 0.05362537764350453 0.027945619335347432
1 0.6049848942598187 0.7522658610271903 0.054380664652567974 0.0256797583081571
1 0.573262839879154 0.6601208459214502 0.0377643504531722 0.03625377643504532
0 0.5834592145015106 0.6937311178247734 0.04003021148036254 0.035498489425981876
0 0.5717522658610272 0.6302870090634441 0.04984894259818731 0.024924471299093656
0 0.5090634441087614 0.422583081570997 0.04380664652567976 0.03700906344410876
1 0.49924471299093653 0.3969033232628399 0.045317220543806644 0.033987915407854986
1 0.5219033232628398 0.46148036253776437 0.0649546827794562 0.03172205438066465
0 0.5343655589123867 0.5015105740181269 0.05362537764350453 0.027190332326283987
0 0.543429003021148 0.5275679758308157 0.05362537764350453 0.0324773413897281
0 0.5626888217522659 0.6076283987915407 0.04078549848942598 0.03851963746223565
0 0.5585347432024169 0.572129909365559 0.04758308157099698 0.0324773413897281
