3 0.327416918429003 0.12095400340715502 0.1336858006042296 0.20954003407155025
3 0.4233383685800604 0.348381601362862 0.12311178247734139 0.20783645655877342
3 0.7836102719033232 0.7972742759795571 0.12311178247734139 0.1567291311754685
0 0.1627643504531722 0.653747870528109 0.05966767371601209 0.0809199318568995
0 0.18580060422960726 0.6247870528109029 0.028700906344410877 0.06899488926746167
0 0.22885196374622357 0.6128620102214651 0.04078549848942598 0.06899488926746167
0 0.24886706948640483 0.5992333901192505 0.03700906344410876 0.075809199318569
0 0.26623867069486407 0.59412265758092 0.03700906344410876 0.06729131175468483
0 0.2836102719033233 0.5834752981260647 0.03700906344410876 0.06643952299829642
0 0.31155589123867067 0.5741056218057922 0.027945619335347432 0.06303236797274277
0 0.3629154078549849 0.5681431005110733 0.03700906344410876 0.06643952299829642
0 0.3931268882175227 0.5587734241908007 0.04305135951661632 0.08347529812606473
0 0.4131419939577039 0.5229982964224872 0.0377643504531722 0.06132879045996593
0 0.37084592145015105 0.5366269165247018 0.04229607250755287 0.054514480408858604
