0 0.27605740181268884 0.21374622356495468 0.05513595166163142 0.04682779456193353
0 0.28323262839879154 0.2330060422960725 0.06646525679758308 0.03700906344410876
0 0.30891238670694865 0.2545317220543807 0.05740181268882175 0.0377643504531722
0 0.3032477341389728 0.2794561933534743 0.06268882175226587 0.030211480362537763
0 0.3183534743202417 0.300226586102719 0.06570996978851963 0.04003021148036254
0 0.3175981873111782 0.31608761329305135 0.05966767371601209 0.03700906344410876
1 0.283987915407855 0.37273413897280966 0.052870090634441085 0.02945619335347432
0 0.27681268882175225 0.3493202416918429 0.04758308157099698 0.0324773413897281
0 0.3395015105740181 0.327416918429003 0.04758308157099698 0.04305135951661632
0 0.338368580060423 0.3564954682779456 0.0634441087613293 0.03927492447129909
0 0.3459214501510574 0.37537764350453173 0.054380664652567974 0.03625377643504532
0 0.3723564954682779 0.395392749244713 0.052870090634441085 0.04607250755287009
0 0.3013595166163142 0.4074773413897281 0.054380664652567974 0.0324773413897281
0 0.31608761329305135 0.43202416918429004 0.05664652567975831 0.027190332326283987
0 0.38557401812688824 0.4206948640483384 0.05966767371601209 0.04682779456193353
0 0.39652567975830816 0.4433534743202417 0.05891238670694864 0.0513595166163142
0 0.4123867069486405 0.48527190332326287 0.045317220543806644 0.05362537764350453
0 0.4271148036253776 0.5113293051359517 0.05060422960725076 0.0513595166163142
0 0.35913897280966767 0.5177492447129909 0.06117824773413897 0.03851963746223565
0 0.3716012084592145 0.5574018126888217 0.055891238670694864 0.04833836858006042
0 0.44410876132930516 0.5653323262839879 0.055891238670694864 0.0445619335347432
0 0.4033232628398791 0.648036253776435 0.05891238670694864 0.028700906344410877
0 0.4014350453172205 0.6148036253776435 0.06570996978851963 0.03172205438066465
0 0.42673716012084595 0.6888217522658611 0.0634441087613293 0.03474320241691843
0 0.47318731117824775 0.8145770392749244 0.04305135951661632 0.0324773413897281
0 0.4898036253776435 0.7911631419939577 0.05060422960725076 0.04909365558912387
0 0.5060422960725075 0.783987915407855 0.045317220543806644 0.04682779456193353
1 0.5237915407854985 0.7802114803625377 0.03700906344410876 0.04380664652567976
1 0.5320996978851964 0.7658610271903323 0.04305135951661632 0.055891238670694864
0 0.5215256797583081 0.854607250755287 0.05362537764350453 0.030966767371601207
0 0.552870090634441 0.8330815709969789 0.0377643504531722 0.045317220543806644
0 0.5838368580060423 0.8141993957703928 0.03172205438066465 0.06797583081570997
0 0.6057401812688822 0.8081570996978852 0.04380664652567976 0.052870090634441085
0 0.5562688821752266 0.7488670694864048 0.04154078549848943 0.05664652567975831
0 0.6382175226586103 0.8058912386706949 0.04682779456193353 0.060422960725075525
0 0.6552114803625377 0.7938066465256798 0.0445619335347432 0.05891238670694864
0 0.6748489425981873 0.7968277945619335 0.04305135951661632 0.052870090634441085
0 0.6782477341389728 0.7741691842900302 0.03927492447129909 0.04229607250755287
0 0.7035498489425982 0.7658610271903323 0.04154078549848943 0.04380664652567976
0 0.7163897280966768 0.7420694864048338 0.04607250755287009 0.05060422960725076
0 0.7382930513595166 0.7288519637462235 0.04607250755287009 0.055891238670694864
1 0.7583081570996979 0.7182779456193353 0.04682779456193353 0.04984894259818731
0 0.7851208459214502 0.7088368580060423 0.04607250755287009 0.04758308157099698
0 0.8032477341389728 0.6959969788519638 0.0445619335347432 0.04909365558912387
0 0.822129909365559 0.6861782477341389 0.04607250755287009 0.05060422960725076
0 0.5766616314199395 0.7299848942598187 0.04154078549848943 0.04607250755287009
0 0.6049848942598187 0.7326283987915407 0.04833836858006042 0.04833836858006042
0 0.6374622356495468 0.7292296072507553 0.03927492447129909 0.05060422960725076
0 0.6842900302114804 0.6959969788519638 0.04682779456193353 0.0581570996978852
0 0.697129909365559 0.6850453172205438 0.045317220543806644 0.055891238670694864
1 0.6076283987915407 0.6555891238670695 0.04758308157099698 0.0649546827794562
1 0.6529456193353474 0.6333081570996979 0.030966767371601207 0.05664652567975831
0 0.6329305135951662 0.6487915407854985 0.03927492447129909 0.052870090634441085
0 0.5932779456193353 0.5555135951661632 0.05966767371601209 0.03851963746223565
1 0.597809667673716 0.5766616314199395 0.06722054380664652 0.04003021148036254
0 0.6193353474320241 0.5981873111782477 0.05740181268882175 0.03474320241691843
1 0.6846676737160121 0.5929003021148036 0.06722054380664652 0.03323262839879154
0 0.6597432024169184 0.5649546827794562 0.06117824773413897 0.028700906344410877
0 0.6544561933534743 0.5268126888217523 0.0581570996978852 0.02190332326283988
0 0.6438821752265861 0.49395770392749244 0.06873111782477341 0.0256797583081571
0 0.627643504531722 0.4679003021148036 0.05891238670694864 0.027945619335347432
0 0.5736404833836858 0.493202416918429 0.06268882175226587 0.028700906344410877
1 0.5611782477341389 0.4641238670694864 0.0634441087613293 0.033987915407854986
0 0.6057401812688822 0.4078549848942598 0.0649546827794562 0.03927492447129909
1 0.5305891238670695 0.3678247734138973 0.06268882175226587 0.045317220543806644
1 0.5351208459214502 0.3867069486404834 0.06873111782477341 0.03625377643504532
0 0.5641993957703928 0.44222054380664655 0.055891238670694864 0.02945619335347432
1 0.43768882175226587 0.15483383685800603 0.06722054380664652 0.0377643504531722
0 0.45392749244712993 0.17673716012084592 0.060422960725075525 0.030211480362537763
1 0.4550604229607251 0.20166163141993956 0.06873111782477341 0.03927492447129909
0 0.47507552870090636 0.22847432024169184 0.07401812688821752 0.024924471299093656
0 0.4830060422960725 0.2601963746223565 0.0581570996978852 0.0324773413897281
0 0.5547583081570997 0.2601963746223565 0.06268882175226587 0.02945619335347432
0 0.5037764350453172 0.2854984894259819 0.060422960725075525 0.0256797583081571
0 0.5086858006042296 0.3164652567975831 0.06419939577039276 0.03625377643504532
0 0.5811933534743202 0.32892749244712993 0.07779456193353475 0.03851963746223565
1 0.80702416918429 0.015861027190332326 0.0581570996978852 0.028700906344410877
0 0.8108006042296072 0.0324773413897281 0.06268882175226587 0.04078549848942598
0 0.8191087613293051 0.04078549848942598 0.05966767371601209 0.04380664652567976
0 0.8372356495468278 0.06759818731117825 0.05664652567975831 0.03851963746223565
1 0.8436555891238671 0.09327794561933535 0.0634441087613293 0.035498489425981876
0 0.8530966767371602 0.12386706948640483 0.04909365558912387 0.05740181268882175
0 0.8651812688821753 0.1419939577039275 0.05060422960725076 0.04833836858006042
0 0.8901057401812689 0.16012084592145015 0.05060422960725076 0.04984894259818731
0 0.8976586102719033 0.1782477341389728 0.05664652567975831 0.03927492447129909
0 0.9577039274924471 0.12424471299093656 0.054380664652567974 0.035498489425981876
1 0.929380664652568 0.04871601208459214 0.05060422960725076 0.0324773413897281
0 0.9335347432024169 0.06117824773413897 0.052870090634441085 0.030211480362537763
1 0.9399546827794562 0.09063444108761329 0.06117824773413897 0.027190332326283987
2 0.9358006042296072 0.7945619335347432 0.03927492447129909 0.03474320241691843
1 0.8806646525679759 0.9720543806646526 0.030211480362537763 0.04380664652567976
0 0.9493957703927492 0.9614803625377644 0.04984894259818731 0.03625377643504532
