1 0.5438066465256798 0.8379909365558912 0.04229607250755287 0.04758308157099698
2 0.5498489425981873 0.8444108761329305 0.028700906344410877 0.030211480362537763
2 0.45996978851963743 0.899546827794562 0.04078549848942598 0.03625377643504532
2 0.46941087613293053 0.9274924471299094 0.05060422960725076 0.03474320241691843
1 0.5902567975830816 0.9724320241691843 0.05060422960725076 0.05060422960725076
0 0.5940332326283988 0.9830060422960725 0.0324773413897281 0.02039274924471299
0 0.24206948640483383 0.5362537764350453 0.04607250755287009 0.061933534743202415
0 0.2103474320241692 0.5354984894259819 0.030966767371601207 0.052870090634441085
0 0.18957703927492447 0.5381419939577039 0.028700906344410877 0.05362537764350453
0 0.18919939577039274 0.572129909365559 0.035498489425981876 0.04607250755287009
0 0.1627643504531722 0.5755287009063444 0.04003021148036254 0.045317220543806644
1 0.12348942598187311 0.5755287009063444 0.04758308157099698 0.060422960725075525
0 0.10196374622356495 0.5902567975830816 0.03323262839879154 0.05060422960725076
0 0.0804380664652568 0.5962990936555891 0.033987915407854986 0.04758308157099698
0 0.07137462235649547 0.618202416918429 0.030966767371601207 0.0445619335347432
1 0.050981873111782476 0.6129154078549849 0.027945619335347432 0.04154078549848943
1 0.03209969788519638 0.618202416918429 0.030966767371601207 0.0445619335347432
1 0.01095166163141994 0.6469033232628398 0.02039274924471299 0.05211480362537765
1 0.03512084592145015 0.648036253776435 0.033987915407854986 0.0513595166163142
0 0.03927492447129909 0.9127643504531722 0.04984894259818731 0.05362537764350453
0 0.013595166163141994 0.9248489425981873 0.0256797583081571 0.05513595166163142
1 0.08119335347432025 0.8666918429003021 0.02945619335347432 0.05362537764350453
0 0.09327794561933535 0.8908610271903323 0.026435045317220542 0.04758308157099698
1 0.09667673716012085 0.8391238670694864 0.027190332326283987 0.055891238670694864
0 0.12009063444108761 0.8595166163141994 0.028700906344410877 0.054380664652567974
0 0.1419939577039275 0.8489425981873112 0.03172205438066465 0.0634441087613293
1 0.19410876132930513 0.8006042296072508 0.04682779456193353 0.07250755287009064
0 0.2277190332326284 0.8081570996978852 0.027945619335347432 0.052870090634441085
0 0.24886706948640483 0.7983383685800605 0.0324773413897281 0.054380664652567974
0 0.24395770392749244 0.7685045317220544 0.03323262839879154 0.05060422960725076
0 0.28172205438066467 0.7938066465256798 0.03172205438066465 0.04833836858006042
0 0.3157099697885196 0.8021148036253777 0.03474320241691843 0.061933534743202415
0 0.34516616314199394 0.7949395770392749 0.02416918429003021 0.04758308157099698
0 0.3632930513595166 0.7866314199395771 0.019637462235649546 0.04909365558912387
0 0.3765105740181269 0.8062688821752266 0.023413897280966767 0.05211480362537765
0 0.3995468277945619 0.7888972809667674 0.030211480362537763 0.04909365558912387
0 0.415785498489426 0.8383685800604229 0.030966767371601207 0.055891238670694864
0 0.3995468277945619 0.8270392749244713 0.03172205438066465 0.045317220543806644
