2 0.6080060422960725 0.0445619335347432 0.04682779456193353 0.027190332326283987
2 0.597809667673716 0.06759818731117825 0.04154078549848943 0.024924471299093656
1 0.7035498489425982 0.4025679758308157 0.05513595166163142 0.030211480362537763
3 0.42673716012084595 0.324773413897281 0.1646525679758308 0.09667673716012085
3 0.42031722054380666 0.4743202416918429 0.14274924471299094 0.08006042296072508
3 0.40672205438066467 0.7571752265861027 0.14425981873111782 0.08081570996978851
3 0.3976586102719033 0.900679758308157 0.15181268882175228 0.08836858006042296
1 0.02416918429003021 0.8527190332326284 0.04833836858006042 0.03172205438066465
0 0.02190332326283988 0.8889728096676737 0.04229607250755287 0.027190332326283987
0 0.019637462235649546 0.9199395770392749 0.03927492447129909 0.03172205438066465
0 0.02039274924471299 0.9493957703927492 0.03625377643504532 0.019637462235649546
0 0.01850453172205438 0.9724320241691843 0.03700906344410876 0.030966767371601207
2 0.03512084592145015 0.7507552870090635 0.026435045317220542 0.019637462235649546
0 0.022658610271903322 0.7556646525679759 0.04229607250755287 0.026435045317220542
0 0.02039274924471299 0.7820996978851964 0.04078549848942598 0.027945619335347432
2 0.7175226586102719 0.6102719033232629 0.04229607250755287 0.03172205438066465
0 0.6650302114803626 0.9324018126888217 0.05060422960725076 0.05966767371601209
2 0.6756042296072508 0.9361782477341389 0.026435045317220542 0.04607250755287009
2 0.8697129909365559 0.7945619335347432 0.04003021148036254 0.03323262839879154
