3 0.4947129909365559 0.872356495468278 0.1540785498489426 0.19939577039274925
1 0.3474320241691843 0.8141993957703928 0.07854984894259819 0.03172205438066465
0 0.33459214501510576 0.7885196374622356 0.0770392749244713 0.028700906344410877
0 0.31608761329305135 0.756797583081571 0.07628398791540786 0.03927492447129909
1 0.3047583081570997 0.6959969788519638 0.07175226586102719 0.04607250755287009
1 0.30966767371601206 0.720166163141994 0.07099697885196375 0.03700906344410876
0 0.2843655589123867 0.6699395770392749 0.06873111782477341 0.03323262839879154
0 0.2685045317220544 0.6408610271903323 0.06570996978851963 0.0324773413897281
1 0.2537764350453172 0.5947885196374623 0.07250755287009064 0.0445619335347432
0 0.1967522658610272 0.42749244712990936 0.07930513595166164 0.05740181268882175
0 0.20166163141993956 0.4618580060422961 0.06646525679758308 0.035498489425981876
0 0.23074018126888218 0.5551359516616314 0.06722054380664652 0.030211480362537763
1 0.2277190332326284 0.5181268882175226 0.0702416918429003 0.04078549848942598
1 0.24282477341389727 0.5766616314199395 0.07175226586102719 0.024924471299093656
1 0.21374622356495468 0.48036253776435045 0.060422960725075525 0.04380664652567976
