0 0.028323262839879154 0.06060606060606061 0.03700906344410876 0.10192837465564739
0 0.052870090634441085 0.05785123966942149 0.01812688821752266 0.1046831955922865
0 0.07968277945619336 0.040633608815427 0.027945619335347432 0.07300275482093664
0 0.3202416918429003 0.09710743801652894 0.03625377643504532 0.081267217630854
1 0.28134441087613293 0.14738292011019283 0.030966767371601207 0.09366391184573003
0 0.22734138972809667 0.17217630853994492 0.03625377643504532 0.09641873278236915
1 0.20090634441087613 0.1825068870523416 0.03323262839879154 0.09504132231404959
1 0.17900302114803626 0.18801652892561985 0.0377643504531722 0.10606060606060606
0 0.15672205438066467 0.24242424242424243 0.030966767371601207 0.10743801652892562
0 0.12462235649546828 0.2603305785123967 0.030211480362537763 0.1046831955922865
1 0.08987915407854985 0.26928374655647386 0.028700906344410877 0.09779614325068871
0 0.0634441087613293 0.31473829201101927 0.04833836858006042 0.08677685950413223
0 0.03625377643504532 0.3278236914600551 0.045317220543806644 0.09090909090909091
0 0.03814199395770393 0.46556473829201106 0.033987915407854986 0.1046831955922865
0 0.06457703927492447 0.44421487603305787 0.0324773413897281 0.10055096418732783
0 0.09478851963746224 0.44421487603305787 0.030966767371601207 0.11707988980716254
1 0.12575528700906344 0.4263085399449036 0.02945619335347432 0.1115702479338843
0 0.1487915407854985 0.412534435261708 0.02416918429003021 0.11707988980716254
0 0.16805135951661632 0.43044077134986225 0.02039274924471299 0.09779614325068871
0 0.18806646525679757 0.4035812672176309 0.030211480362537763 0.10192837465564739
1 0.20921450151057402 0.40633608815426997 0.027190332326283987 0.0881542699724518
0 0.22167673716012085 0.3712121212121212 0.02945619335347432 0.11432506887052342
0 0.24584592145015105 0.36707988980716255 0.030966767371601207 0.12258953168044077
0 0.2737915407854985 0.3615702479338843 0.033987915407854986 0.07575757575757576
0 0.27983383685800606 0.24724517906336088 0.02945619335347432 0.07300275482093664
0 0.313821752265861 0.2231404958677686 0.023413897280966767 0.07713498622589532
0 0.29418429003021146 0.35674931129476584 0.030966767371601207 0.07713498622589532
0 0.32099697885196377 0.32575757575757575 0.0256797583081571 0.09228650137741047
0 0.3402567975830816 0.3119834710743802 0.024924471299093656 0.07575757575757576
0 0.33534743202416917 0.5303030303030303 0.06948640483383686 0.11294765840220386
2 0.3304380664652568 0.5413223140495868 0.04154078549848943 0.0743801652892562
0 0.3776435045317221 0.9517906336088154 0.03474320241691843 0.08264462809917356
0 0.4195619335347432 0.7382920110192838 0.02945619335347432 0.10192837465564739
1 0.39086102719033233 0.7162534435261708 0.04758308157099698 0.08539944903581267
0 0.3957703927492447 0.7706611570247934 0.04078549848942598 0.09228650137741047
0 0.3697129909365559 0.7754820936639119 0.04607250755287009 0.1184573002754821
0 0.34365558912386707 0.778236914600551 0.045317220543806644 0.08539944903581267
0 0.32250755287009064 0.7913223140495868 0.04380664652567976 0.07024793388429752
0 0.33987915407854985 0.8822314049586777 0.0513595166163142 0.08402203856749312
0 0.30966767371601206 0.887741046831956 0.03323262839879154 0.081267217630854
0 0.25868580060422963 0.778236914600551 0.035498489425981876 0.09917355371900827
1 0.290785498489426 0.7954545454545455 0.03323262839879154 0.09504132231404959
1 0.2326283987915408 0.8257575757575758 0.06797583081570997 0.05647382920110193
0 0.033987915407854986 0.9221763085399449 0.03172205438066465 0.08402203856749312
0 0.06080060422960725 0.9373278236914601 0.03700906344410876 0.08953168044077135
0 0.07326283987915408 0.9118457300275482 0.022658610271903322 0.07988980716253444
0 0.09780966767371602 0.9373278236914601 0.030966767371601207 0.081267217630854
0 0.11064954682779456 0.9146005509641874 0.035498489425981876 0.10743801652892562
0 0.13595166163141995 0.9256198347107438 0.027190332326283987 0.09641873278236915
0 0.20694864048338368 0.8574380165289256 0.06797583081570997 0.05647382920110193
0 0.23829305135951662 0.9201101928374655 0.06570996978851963 0.07162534435261708
0 0.2258308157099698 0.9524793388429752 0.04078549848942598 0.06198347107438017
0 0.2020392749244713 0.9641873278236914 0.02945619335347432 0.05785123966942149
0 0.16503021148036254 0.8863636363636364 0.05211480362537765 0.081267217630854
