3 0.11367069486404834 0.08304940374787052 0.08383685800604229 0.1626916524701874
0 0.0222809667673716 0.0379045996592845 0.0445619335347432 0.06388415672913117
3 0.24471299093655588 0.1793015332197615 0.1540785498489426 0.1695059625212947
3 0.2583081570996979 0.3096252129471891 0.1691842900302115 0.11839863713798977
3 0.24735649546827795 0.42163543441226575 0.20166163141993956 0.10562180579216354
3 0.2707703927492447 0.565587734241908 0.20166163141993956 0.10902896081771721
3 0.1148036253776435 0.6899488926746167 0.1268882175226586 0.19420783645655879
2 0.012084592145015106 0.7674616695059625 0.0256797583081571 0.04599659284497445
0 0.2824773413897281 0.631175468483816 0.05740181268882175 0.04258943781942078
0 0.27870090634441086 0.6673764906303237 0.055891238670694864 0.03321976149914821
0 0.2711480362537764 0.6899488926746167 0.0513595166163142 0.03236797274275979
0 0.29003021148036257 0.7031516183986372 0.06646525679758308 0.03833049403747871
0 0.27605740181268884 0.7363713798977853 0.05362537764350453 0.036626916524701875
0 0.2926737160120846 0.7551107325383305 0.06268882175226587 0.04003407155025554
3 0.3429003021148036 0.9667802385008518 0.18429003021148035 0.054514480408858604
3 0.5373867069486404 0.9599659284497445 0.18504531722054382 0.07325383304940375
2 0.7118580060422961 0.8905451448040886 0.03700906344410876 0.03321976149914821
2 0.793429003021148 0.8151618398637138 0.030966767371601207 0.03236797274275979
2 0.8074018126888217 0.8424190800681431 0.027190332326283987 0.03747870528109029
2 0.8349697885196374 0.8739352640545145 0.0324773413897281 0.03747870528109029
2 0.8678247734138973 0.9101362862010222 0.03172205438066465 0.029812606473594547
3 0.9138972809667674 0.9574105621805792 0.16767371601208458 0.07155025553662692
