0 0.06948640483383686 0.012462235649546828 0.052870090634441085 0.024924471299093656
0 0.08723564954682779 0.024924471299093656 0.06117824773413897 0.03323262839879154
0 0.07061933534743202 0.04909365558912387 0.06570996978851963 0.03323262839879154
0 0.08799093655589124 0.05702416918429003 0.05664652567975831 0.033987915407854986
0 0.0857250755287009 0.08006042296072508 0.06268882175226587 0.03323262839879154
0 0.09138972809667674 0.10725075528700906 0.061933534743202415 0.03927492447129909
0 0.10649546827794562 0.12009063444108761 0.05740181268882175 0.03172205438066465
0 0.1042296072507553 0.14123867069486404 0.055891238670694864 0.03474320241691843
0 0.11329305135951662 0.1506797583081571 0.060422960725075525 0.03700906344410876
0 0.11404833836858005 0.17182779456193353 0.0649546827794562 0.033987915407854986
0 0.13444108761329304 0.1846676737160121 0.07099697885196375 0.030966767371601207
1 0.1351963746223565 0.21110271903323263 0.0634441087613293 0.035498489425981876
1 0.13632930513595165 0.2348942598187311 0.06117824773413897 0.04078549848942598
0 0.1559667673716012 0.243202416918429 0.05966767371601209 0.0377643504531722
0 0.15861027190332327 0.26246223564954685 0.05891238670694864 0.03700906344410876
1 0.15445619335347432 0.2809667673716012 0.0581570996978852 0.045317220543806644
0 0.1540785498489426 0.2994712990936556 0.061933534743202415 0.02945619335347432
1 0.1665407854984894 0.31986404833836857 0.05211480362537765 0.03700906344410876
0 0.1733383685800604 0.3474320241691843 0.06268882175226587 0.0256797583081571
0 0.19599697885196374 0.41465256797583083 0.05664652567975831 0.03474320241691843
0 0.20808157099697885 0.4297583081570997 0.06268882175226587 0.030211480362537763
0 0.20996978851963746 0.44637462235649544 0.061933534743202415 0.027190332326283987
0 0.21336858006042297 0.4569486404833837 0.05664652567975831 0.02416918429003021
0 0.2156344410876133 0.47583081570996977 0.06722054380664652 0.03172205438066465
0 0.21525679758308158 0.4973564954682779 0.052870090634441085 0.030966767371601207
0 0.22167673716012085 0.5158610271903323 0.06873111782477341 0.045317220543806644
0 0.23753776435045318 0.5328549848942599 0.05664652567975831 0.035498489425981876
0 0.2466012084592145 0.5551359516616314 0.0581570996978852 0.03474320241691843
0 0.24697885196374622 0.573262839879154 0.061933534743202415 0.03927492447129909
0 0.2526435045317221 0.5959214501510574 0.06570996978851963 0.027190332326283987
0 0.26472809667673713 0.6136706948640483 0.06268882175226587 0.0324773413897281
0 0.25868580060422963 0.6446374622356495 0.06722054380664652 0.035498489425981876
0 0.2745468277945619 0.6555891238670695 0.06570996978851963 0.03323262839879154
0 0.28323262839879154 0.677870090634441 0.08006042296072508 0.04003021148036254
0 0.2862537764350453 0.702416918429003 0.0755287009063444 0.03474320241691843
0 0.28851963746223563 0.7284743202416919 0.06797583081570997 0.0324773413897281
0 0.29720543806646527 0.7439577039274925 0.06117824773413897 0.03172205438066465
0 0.3009818731117825 0.7590634441087614 0.06722054380664652 0.04078549848942598
0 0.31080060422960726 0.7805891238670695 0.06873111782477341 0.04154078549848943
0 0.3013595166163142 0.8444108761329305 0.03474320241691843 0.06948640483383686
0 0.3564954682779456 0.9305135951661632 0.08006042296072508 0.03625377643504532
0 0.3629154078549849 0.9584592145015106 0.07628398791540786 0.03474320241691843
0 0.36631419939577037 0.9837613293051359 0.05891238670694864 0.02945619335347432
0 0.019259818731117824 0.18580060422960726 0.04003021148036254 0.021148036253776436
0 0.01623867069486405 0.16578549848942598 0.033987915407854986 0.02190332326283988
0 0.027945619335347432 0.20921450151057402 0.052870090634441085 0.03172205438066465
0 0.034365558912386705 0.2243202416918429 0.05513595166163142 0.03172205438066465
0 0.04267371601208459 0.2518882175226586 0.07175226586102719 0.033987915407854986
0 0.04418429003021148 0.2764350453172205 0.06419939577039276 0.028700906344410877
0 0.04607250755287009 0.30513595166163143 0.0649546827794562 0.028700906344410877
0 0.05702416918429003 0.3251510574018127 0.05664652567975831 0.026435045317220542
0 0.07288519637462236 0.3542296072507553 0.05966767371601209 0.0256797583081571
0 0.06608761329305136 0.37386706948640486 0.05664652567975831 0.030211480362537763
0 0.06797583081570997 0.3935045317220544 0.05891238670694864 0.030211480362537763
0 0.08383685800604229 0.4040785498489426 0.0634441087613293 0.03172205438066465
0 0.08421450151057402 0.422583081570997 0.0581570996978852 0.030966767371601207
0 0.09554380664652568 0.4437311178247734 0.06117824773413897 0.03700906344410876
0 0.09818731117824774 0.4709214501510574 0.052870090634441085 0.0324773413897281
0 0.1197129909365559 0.4777190332326284 0.05966767371601209 0.035498489425981876
0 0.10876132930513595 0.5113293051359517 0.055891238670694864 0.0377643504531722
0 0.1095166163141994 0.5388972809667674 0.054380664652567974 0.0445619335347432
0 0.12424471299093656 0.5634441087613293 0.05966767371601209 0.03172205438066465
1 0.13746223564954682 0.5800604229607251 0.061933534743202415 0.045317220543806644
1 0.14425981873111782 0.6197129909365559 0.07250755287009064 0.030966767371601207
0 0.145392749244713 0.5921450151057401 0.05211480362537765 0.021148036253776436
0 0.15709969788519637 0.6306646525679759 0.061933534743202415 0.02416918429003021
0 0.16012084592145015 0.6461480362537765 0.05891238670694864 0.027945619335347432
0 0.16163141993957703 0.6744712990936556 0.06646525679758308 0.03625377643504532
0 0.17220543806646527 0.697129909365559 0.061933534743202415 0.03172205438066465
0 0.17673716012084592 0.7401812688821753 0.05740181268882175 0.0377643504531722
0 0.18617824773413896 0.7549093655589124 0.06419939577039276 0.03851963746223565
0 0.19108761329305135 0.7768126888217523 0.061933534743202415 0.0324773413897281
0 0.1967522658610272 0.801737160120846 0.0581570996978852 0.04305135951661632
0 0.20770392749244712 0.827416918429003 0.0634441087613293 0.027945619335347432
0 0.21865558912386707 0.8549848942598187 0.06117824773413897 0.0377643504531722
0 0.2280966767371601 0.8969033232628398 0.0634441087613293 0.03700906344410876
0 0.23716012084592145 0.9229607250755287 0.060422960725075525 0.0377643504531722
0 0.24622356495468278 0.9395770392749244 0.055891238670694864 0.030211480362537763
0 0.2533987915407855 0.9633685800604229 0.05664652567975831 0.035498489425981876
0 0.2564199395770393 0.9822507552870091 0.05966767371601209 0.026435045317220542
0 0.6227341389728097 0.00944108761329305 0.06570996978851963 0.02039274924471299
0 0.49395770392749244 0.012084592145015106 0.060422960725075525 0.02416918429003021
0 0.5037764350453172 0.03361027190332326 0.055891238670694864 0.03851963746223565
0 0.5320996978851964 0.04418429003021148 0.05966767371601209 0.026435045317220542
0 0.5426737160120846 0.06759818731117825 0.06419939577039276 0.030966767371601207
0 0.5320996978851964 0.09403323262839879 0.06117824773413897 0.02945619335347432
0 0.5456948640483383 0.10838368580060423 0.06268882175226587 0.033987915407854986
0 0.5660876132930514 0.1299093655589124 0.0581570996978852 0.028700906344410877
1 0.5585347432024169 0.15030211480362538 0.06722054380664652 0.0256797583081571
0 0.5521148036253777 0.1691842900302115 0.061933534743202415 0.03172205438066465
0 0.5740181268882175 0.18277945619335348 0.060422960725075525 0.028700906344410877
0 0.5709969788519638 0.20732628398791542 0.052870090634441085 0.033987915407854986
1 0.577416918429003 0.21676737160120846 0.05966767371601209 0.04229607250755287
1 0.581570996978852 0.23602719033232628 0.061933534743202415 0.04154078549848943
0 0.5947885196374623 0.2398036253776435 0.05664652567975831 0.02945619335347432
0 0.5940332326283988 0.2620845921450151 0.06722054380664652 0.0377643504531722
0 0.5966767371601208 0.2862537764350453 0.061933534743202415 0.0256797583081571
0 0.6049848942598187 0.3164652567975831 0.0649546827794562 0.03927492447129909
0 0.6295317220543807 0.4003021148036254 0.0581570996978852 0.028700906344410877
0 0.6359516616314199 0.4169184290030212 0.05740181268882175 0.0256797583081571
0 0.6374622356495468 0.4380664652567976 0.06646525679758308 0.0377643504531722
0 0.6431268882175226 0.4573262839879154 0.06722054380664652 0.027945619335347432
0 0.645392749244713 0.47129909365558914 0.06268882175226587 0.027190332326283987
0 0.6510574018126888 0.48942598187311176 0.0634441087613293 0.028700906344410877
0 0.645392749244713 0.5049093655589124 0.06419939577039276 0.030966767371601207
0 0.6608761329305136 0.5309667673716012 0.05891238670694864 0.03927492447129909
0 0.6699395770392749 0.5411631419939577 0.054380664652567974 0.035498489425981876
0 0.6763595166163142 0.5600453172205438 0.0581570996978852 0.026435045317220542
0 0.6816465256797583 0.5789274924471299 0.0581570996978852 0.030966767371601207
0 0.6858006042296072 0.5936555891238671 0.060422960725075525 0.03474320241691843
0 0.7020392749244713 0.6091389728096677 0.0702416918429003 0.030966767371601207
0 0.7027945619335347 0.6329305135951662 0.06268882175226587 0.0256797583081571
0 0.706570996978852 0.6510574018126888 0.0702416918429003 0.030211480362537763
0 0.706570996978852 0.6703172205438066 0.06117824773413897 0.030966767371601207
0 0.7216767371601208 0.6891993957703928 0.06268882175226587 0.0324773413897281
0 0.7239425981873112 0.7145015105740181 0.05362537764350453 0.03323262839879154
0 0.830060422960725 0.7522658610271903 0.05740181268882175 0.027190332326283987
0 0.8183534743202416 0.7311178247734139 0.06117824773413897 0.0256797583081571
0 0.8104229607250756 0.698262839879154 0.055891238670694864 0.026435045317220542
0 0.8066465256797583 0.6782477341389728 0.055891238670694864 0.0256797583081571
0 0.7896525679758308 0.6325528700906344 0.05513595166163142 0.027945619335347432
0 0.7994712990936556 0.6457703927492447 0.05060422960725076 0.02416918429003021
0 0.7824773413897281 0.5879909365558912 0.05891238670694864 0.02190332326283988
0 0.7896525679758308 0.6038519637462235 0.05513595166163142 0.02039274924471299
0 0.775679758308157 0.5596676737160121 0.052870090634441085 0.027190332326283987
0 0.7669939577039275 0.5370090634441088 0.05211480362537765 0.030211480362537763
1 0.7515105740181269 0.4898036253776435 0.055891238670694864 0.0324773413897281
1 0.7609516616314199 0.49924471299093653 0.06117824773413897 0.0256797583081571
0 0.7507552870090635 0.5185045317220544 0.054380664652567974 0.026435045317220542
0 0.7537764350453172 0.4663897280966767 0.055891238670694864 0.027945619335347432
0 0.7435800604229608 0.44637462235649544 0.06117824773413897 0.028700906344410877
1 0.7409365558912386 0.4244712990936556 0.060422960725075525 0.030211480362537763
0 0.7356495468277946 0.4014350453172205 0.0649546827794562 0.026435045317220542
1 0.7292296072507553 0.3802870090634441 0.06722054380664652 0.030966767371601207
0 0.665785498489426 0.1748489425981873 0.06117824773413897 0.02945619335347432
0 0.672583081570997 0.1952416918429003 0.06419939577039276 0.035498489425981876
0 0.6797583081570997 0.21525679758308158 0.060422960725075525 0.0256797583081571
0 0.676737160120846 0.24055891238670696 0.061933534743202415 0.035498489425981876
0 0.6907099697885196 0.2564199395770393 0.05664652567975831 0.02945619335347432
0 0.6873111782477341 0.2828549848942598 0.0513595166163142 0.04003021148036254
0 0.702416918429003 0.2862537764350453 0.04984894259818731 0.03625377643504532
0 0.7114803625377644 0.3047583081570997 0.05740181268882175 0.0324773413897281
0 0.7171450151057401 0.3300604229607251 0.06570996978851963 0.03474320241691843
0 0.7239425981873112 0.3523413897280967 0.06570996978851963 0.035498489425981876
0 0.6484138972809668 0.1197129909365559 0.0581570996978852 0.026435045317220542
0 0.668429003021148 0.13595166163141995 0.05891238670694864 0.03172205438066465
0 0.6355740181268882 0.03814199395770393 0.06419939577039276 0.0324773413897281
0 0.6382175226586103 0.06873111782477341 0.0649546827794562 0.03323262839879154
0 0.6423716012084593 0.09516616314199396 0.06722054380664652 0.030211480362537763
3 0.9414652567975831 0.7858761329305136 0.1095166163141994 0.09592145015105741
