1 0.7129909365558912 0.034365558912386705 0.05740181268882175 0.030966767371601207
0 0.8164652567975831 0.015483383685800604 0.05891238670694864 0.02945619335347432
0 0.716012084592145 0.013595166163141994 0.0513595166163142 0.0256797583081571
1 0.7326283987915407 0.06570996978851963 0.04833836858006042 0.028700906344410877
0 0.7322507552870091 0.08987915407854985 0.05211480362537765 0.019637462235649546
0 0.7405589123867069 0.1148036253776435 0.05362537764350453 0.0256797583081571
0 0.7601963746223565 0.1510574018126888 0.05513595166163142 0.03474320241691843
1 0.7601963746223565 0.18315709969788518 0.06268882175226587 0.033987915407854986
0 0.783987915407855 0.23149546827794562 0.055891238670694864 0.0324773413897281
0 0.8058912386706949 0.26321752265861026 0.05891238670694864 0.035498489425981876
0 0.8183534743202416 0.2994712990936556 0.0581570996978852 0.0324773413897281
0 0.8228851963746223 0.3304380664652568 0.05664652567975831 0.03851963746223565
0 0.827416918429003 0.3580060422960725 0.05513595166163142 0.027190332326283987
0 0.8372356495468278 0.38293051359516617 0.05513595166163142 0.03474320241691843
0 0.8527190332326284 0.40483383685800606 0.05891238670694864 0.03625377643504532
0 0.8636706948640483 0.41918429003021146 0.05664652567975831 0.028700906344410877
0 0.870845921450151 0.43919939577039274 0.05891238670694864 0.026435045317220542
0 0.8761329305135952 0.4652567975830816 0.0649546827794562 0.030211480362537763
0 0.8795317220543807 0.49773413897280966 0.06117824773413897 0.022658610271903322
0 0.8931268882175226 0.520392749244713 0.05966767371601209 0.0256797583081571
0 0.904833836858006 0.5513595166163142 0.054380664652567974 0.030211480362537763
0 0.8972809667673716 0.5664652567975831 0.052870090634441085 0.027190332326283987
0 0.9010574018126888 0.5898791540785498 0.054380664652567974 0.030211480362537763
0 0.9229607250755287 0.600453172205438 0.04380664652567976 0.030211480362537763
0 0.9161631419939577 0.6174471299093656 0.0634441087613293 0.026435045317220542
0 0.9305135951661632 0.6401057401812689 0.04984894259818731 0.027945619335347432
0 0.9350453172205438 0.6620090634441088 0.052870090634441085 0.026435045317220542
0 0.9543051359516617 0.6759818731117825 0.05513595166163142 0.03927492447129909
0 0.9414652567975831 0.7069486404833837 0.04607250755287009 0.03625377643504532
0 0.9475075528700906 0.7352719033232629 0.04909365558912387 0.04154078549848943
0 0.956570996978852 0.7620845921450151 0.05060422960725076 0.03474320241691843
1 0.9694108761329305 0.7775679758308157 0.05060422960725076 0.04607250755287009
0 0.9739425981873112 0.8024924471299094 0.04305135951661632 0.033987915407854986
1 0.9716767371601208 0.8217522658610272 0.04154078549848943 0.03625377643504532
0 0.8425226586102719 0.03700906344410876 0.05664652567975831 0.03474320241691843
0 0.8489425981873112 0.052870090634441085 0.052870090634441085 0.03172205438066465
1 0.8523413897280967 0.07099697885196375 0.05966767371601209 0.0256797583081571
0 0.8508308157099698 0.08534743202416918 0.05211480362537765 0.0256797583081571
1 0.8564954682779456 0.1027190332326284 0.04380664652567976 0.03625377643504532
1 0.8719788519637462 0.11555891238670694 0.05211480362537765 0.027190332326283987
1 0.8629154078549849 0.13595166163141995 0.05211480362537765 0.04078549848942598
0 0.8693353474320241 0.15521148036253776 0.060422960725075525 0.035498489425981876
1 0.875 0.1763595166163142 0.04909365558912387 0.04305135951661632
0 0.8901057401812689 0.18429003021148035 0.04758308157099698 0.03625377643504532
0 0.8961480362537765 0.20317220543806647 0.06419939577039276 0.027190332326283987
0 0.9097432024169184 0.22016616314199397 0.06117824773413897 0.033987915407854986
0 0.8912386706948641 0.24206948640483383 0.05891238670694864 0.02945619335347432
0 0.9127643504531722 0.25037764350453173 0.04909365558912387 0.04003021148036254
0 0.9070996978851964 0.2745468277945619 0.054380664652567974 0.030966767371601207
0 0.9203172205438066 0.2938066465256798 0.04758308157099698 0.04078549848942598
0 0.9358006042296072 0.3145770392749245 0.045317220543806644 0.033987915407854986
0 0.9305135951661632 0.3323262839879154 0.04984894259818731 0.03323262839879154
0 0.9391993957703928 0.3629154078549849 0.0581570996978852 0.03700906344410876
0 0.9637462235649547 0.37726586102719034 0.05740181268882175 0.027945619335347432
1 0.9580815709969789 0.4052114803625378 0.05060422960725076 0.03851963746223565
0 0.9758308157099698 0.43731117824773413 0.0377643504531722 0.0377643504531722
1 0.9731873111782477 0.47394259818731116 0.04607250755287009 0.035498489425981876
0 0.9784743202416919 0.45657099697885195 0.03700906344410876 0.033987915407854986
