2 0.5132175226586103 0.9645015105740181 0.04758308157099698 0.0377643504531722
2 0.49773413897280966 0.05853474320241692 0.04682779456193353 0.0324773413897281
2 0.6733383685800605 0.11782477341389729 0.0324773413897281 0.03625377643504532
2 0.6465256797583081 0.12386706948640483 0.03927492447129909 0.045317220543806644
2 0.6151812688821753 0.11933534743202417 0.033987915407854986 0.04078549848942598
2 0.6008308157099698 0.14425981873111782 0.04305135951661632 0.04380664652567976
2 0.6072507552870091 0.19901812688821752 0.04682779456193353 0.04909365558912387
2 0.5472054380664653 0.29418429003021146 0.04154078549848943 0.030966767371601207
2 0.550226586102719 0.2753021148036254 0.0324773413897281 0.023413897280966767
0 0.5498489425981873 0.2956948640483384 0.03474320241691843 0.06419939577039276
