2 0.2708688245315162 0.875 0.05281090289608177 0.03700906344410876
2 0.25 0.904833836858006 0.048551959114139696 0.027190332326283987
2 0.07325383304940375 0.8281722054380665 0.034071550255536626 0.026435045317220542
2 0.1409710391822828 0.5845921450151057 0.036626916524701875 0.0256797583081571
0 0.14991482112436116 0.5770392749244713 0.039182282793867124 0.0513595166163142
0 0.08901192504258944 0.4879154078549849 0.05536626916524702 0.019637462235649546
0 0.08390119250425894 0.47318731117824775 0.058773424190800685 0.011329305135951661
0 0.08347529812606473 0.4652567975830816 0.054514480408858604 0.01812688821752266
0 0.08006814310051108 0.45581570996978854 0.054514480408858604 0.014350453172205438
0 0.075809199318569 0.44561933534743203 0.05792163543441227 0.015105740181268881
0 0.07453151618398637 0.4350453172205438 0.06047700170357751 0.012084592145015106
2 0.07197614991482112 0.4169184290030212 0.04003407155025554 0.019637462235649546
