0 0.600453172205438 0.033987915407854986 0.0770392749244713 0.0377643504531722
0 0.6140483383685801 0.06117824773413897 0.05740181268882175 0.03625377643504532
0 0.6321752265861027 0.0789274924471299 0.0649546827794562 0.027945619335347432
0 0.6287764350453172 0.09969788519637462 0.0702416918429003 0.03474320241691843
0 0.6427492447129909 0.12613293051359517 0.06948640483383686 0.03172205438066465
0 0.6450151057401813 0.1555891238670695 0.08157099697885196 0.04078549848942598
1 0.6559667673716012 0.1748489425981873 0.06419939577039276 0.033987915407854986
0 0.6888217522658611 0.18693353474320243 0.07401812688821752 0.030966767371601207
0 0.6680513595166163 0.20128398791540786 0.0702416918429003 0.027945619335347432
0 0.6740936555891238 0.2190332326283988 0.07326283987915408 0.030211480362537763
0 0.6801359516616314 0.24055891238670696 0.06873111782477341 0.03700906344410876
0 0.6873111782477341 0.25793051359516617 0.07854984894259819 0.03851963746223565
0 0.6925981873111783 0.2828549848942598 0.0770392749244713 0.0324773413897281
0 0.7035498489425982 0.30891238670694865 0.07175226586102719 0.030211480362537763
0 0.7043051359516617 0.33157099697885195 0.07175226586102719 0.028700906344410877
0 0.7058157099697885 0.35347432024169184 0.0823262839879154 0.03625377643504532
0 0.7250755287009063 0.3851963746223565 0.06797583081570997 0.04380664652567976
0 0.7424471299093656 0.4206948640483384 0.07099697885196375 0.0377643504531722
0 0.7647280966767371 0.44750755287009064 0.06570996978851963 0.033987915407854986
0 0.7737915407854985 0.4773413897280967 0.06117824773413897 0.03927492447129909
0 0.7820996978851964 0.5166163141993958 0.07628398791540786 0.03927492447129909
0 0.7972054380664653 0.5362537764350453 0.06419939577039276 0.021148036253776436
0 0.8175981873111783 0.55702416918429 0.06268882175226587 0.030966767371601207
0 0.8145770392749244 0.5808157099697885 0.06419939577039276 0.03172205438066465
0 0.823262839879154 0.6098942598187311 0.06948640483383686 0.0324773413897281
0 0.8372356495468278 0.6393504531722054 0.07477341389728097 0.033987915407854986
0 0.8500755287009063 0.6635196374622356 0.06722054380664652 0.026435045317220542
0 0.8527190332326284 0.6831570996978852 0.07401812688821752 0.04003021148036254
0 0.847809667673716 0.7058157099697885 0.07477341389728097 0.030966767371601207
0 0.8753776435045317 0.7280966767371602 0.07099697885196375 0.030211480362537763
0 0.879154078549849 0.7503776435045317 0.0634441087613293 0.0324773413897281
0 0.8855740181268882 0.7753021148036254 0.0581570996978852 0.033987915407854986
0 0.8923716012084593 0.7994712990936556 0.06117824773413897 0.033987915407854986
0 0.9188066465256798 0.8126888217522659 0.06117824773413897 0.030211480362537763
0 0.9116314199395771 0.8406344410876133 0.05740181268882175 0.04833836858006042
0 0.9290030211480362 0.8731117824773413 0.06948640483383686 0.04380664652567976
0 0.9391993957703928 0.9108761329305136 0.0702416918429003 0.045317220543806644
0 0.9671450151057401 0.9305135951661632 0.0581570996978852 0.04229607250755287
0 0.9082326283987915 0.25075528700906347 0.07628398791540786 0.04380664652567976
0 0.9290030211480362 0.2877643504531722 0.07250755287009064 0.03625377643504532
0 0.9120090634441088 0.32817220543806647 0.06268882175226587 0.035498489425981876
0 0.9584592145015106 0.3530966767371601 0.04380664652567976 0.06419939577039276
0 0.7964501510574018 0.03323262839879154 0.06419939577039276 0.027190332326283987
0 0.8111782477341389 0.0649546827794562 0.07250755287009064 0.03323262839879154
0 0.8462990936555891 0.028700906344410877 0.05362537764350453 0.0377643504531722
0 0.8825528700906344 0.037386706948640484 0.035498489425981876 0.05513595166163142
0 0.9078549848942599 0.030966767371601207 0.04078549848942598 0.05740181268882175
