1 0.3100453172205438 0.4478851963746224 0.04305135951661632 0.04078549848942598
1 0.31797583081570996 0.9633685800604229 0.04984894259818731 0.04154078549848943
0 0.30777945619335345 0.8878398791540786 0.05211480362537765 0.02945619335347432
1 0.3066465256797583 0.8572507552870091 0.052870090634441085 0.027190332326283987
0 0.3104229607250755 0.8289274924471299 0.05740181268882175 0.026435045317220542
1 0.3047583081570997 0.7972054380664653 0.05966767371601209 0.026435045317220542
1 0.2919184290030212 0.7753021148036254 0.05211480362537765 0.035498489425981876
0 0.29003021148036257 0.7416918429003021 0.055891238670694864 0.03323262839879154
0 0.3047583081570997 0.6990181268882175 0.04909365558912387 0.03700906344410876
1 0.29531722054380666 0.6246223564954683 0.05740181268882175 0.03474320241691843
0 0.2862537764350453 0.5811933534743202 0.05891238670694864 0.024924471299093656
1 0.2824773413897281 0.572129909365559 0.0634441087613293 0.026435045317220542
1 0.2764350453172205 0.551737160120846 0.055891238670694864 0.026435045317220542
0 0.29607250755287007 0.5185045317220544 0.05891238670694864 0.035498489425981876
0 0.6676737160120846 0.04871601208459214 0.060422960725075525 0.030966767371601207
0 0.7477341389728097 0.05853474320241692 0.04078549848942598 0.04154078549848943
1 0.7696374622356495 0.07854984894259819 0.04380664652567976 0.02416918429003021
0 0.68202416918429 0.12953172205438065 0.055891238670694864 0.023413897280966767
0 0.6733383685800605 0.1491691842900302 0.05211480362537765 0.024924471299093656
1 0.6850453172205438 0.1714501510574018 0.054380664652567974 0.022658610271903322
0 0.7817220543806647 0.24471299093655588 0.0513595166163142 0.028700906344410877
0 0.6759818731117825 0.2194108761329305 0.054380664652567974 0.023413897280966767
1 0.6869335347432024 0.24018126888217523 0.05362537764350453 0.0256797583081571
1 0.6884441087613293 0.26623867069486407 0.05211480362537765 0.024924471299093656
0 0.6846676737160121 0.2873867069486405 0.05513595166163142 0.02945619335347432
0 0.6824018126888217 0.32061933534743203 0.0581570996978852 0.024924471299093656
0 0.7979607250755287 0.39803625377643503 0.05362537764350453 0.028700906344410877
0 0.8074018126888217 0.6552114803625377 0.04682779456193353 0.03700906344410876
0 0.7027945619335347 0.5426737160120846 0.05664652567975831 0.02039274924471299
0 0.8024924471299094 0.7095921450151057 0.05060422960725076 0.033987915407854986
0 0.6993957703927492 0.7813444108761329 0.04833836858006042 0.026435045317220542
1 0.7012839879154078 0.8266616314199395 0.05060422960725076 0.02945619335347432
1 0.6944864048338368 0.8564954682779456 0.05060422960725076 0.021148036253776436
1 0.8145770392749244 0.8089123867069486 0.04909365558912387 0.0256797583081571
1 0.6801359516616314 0.7398036253776435 0.04154078549848943 0.05664652567975831
1 0.7020392749244713 0.658987915407855 0.05513595166163142 0.030966767371601207
1 0.7197885196374623 0.5906344410876133 0.054380664652567974 0.028700906344410877
1 0.7084592145015106 0.5626888217522659 0.045317220543806644 0.03323262839879154
1 0.695619335347432 0.6216012084592145 0.055891238670694864 0.0377643504531722
1 0.6756042296072508 0.4973564954682779 0.04909365558912387 0.03851963746223565
1 0.6865558912386707 0.4335347432024169 0.055891238670694864 0.027190332326283987
1 0.6816465256797583 0.4104984894259819 0.06117824773413897 0.02945619335347432
1 0.6975075528700906 0.3833081570996979 0.05211480362537765 0.027945619335347432
1 0.7953172205438066 0.3568731117824773 0.05740181268882175 0.02945619335347432
1 0.6865558912386707 0.35158610271903323 0.055891238670694864 0.026435045317220542
