3 0.1491691842900302 0.3368580060422961 0.21525679758308158 0.11178247734138973
3 0.131797583081571 0.6280211480362538 0.21978851963746224 0.1336858006042296
3 0.10347432024169184 0.8236404833836858 0.20241691842900303 0.1095166163141994
3 0.5694864048338368 0.8580060422960725 0.20694864048338368 0.09214501510574018
0 0.15898791540785498 0.20657099697885195 0.05664652567975831 0.05513595166163142
0 0.18957703927492447 0.17560422960725075 0.03625377643504532 0.06419939577039276
0 0.2692598187311178 0.20959214501510573 0.027945619335347432 0.05966767371601209
0 0.23716012084592145 0.20279456193353473 0.03323262839879154 0.06117824773413897
0 0.44410876132930516 0.5728851963746223 0.08308157099697885 0.0581570996978852
0 0.4535498489425982 0.5362537764350453 0.07175226586102719 0.04682779456193353
0 0.4437311178247734 0.48527190332326287 0.08383685800604229 0.0445619335347432
0 0.45317220543806647 0.45770392749244715 0.08006042296072508 0.03323262839879154
0 0.4501510574018127 0.42900302114803623 0.09365558912386707 0.03474320241691843
0 0.4607250755287009 0.39463746223564955 0.08610271903323263 0.0324773413897281
0 0.4637462235649547 0.3712235649546828 0.08006042296072508 0.04003021148036254
0 0.4705438066465257 0.3251510574018127 0.09214501510574018 0.030966767371601207
0 0.4652567975830816 0.2930513595166163 0.08308157099697885 0.03927492447129909
0 0.47016616314199394 0.27303625377643503 0.07779456193353475 0.04003021148036254
0 0.4762084592145015 0.2466012084592145 0.04909365558912387 0.06722054380664652
0 0.4705438066465257 0.20090634441087613 0.028700906344410877 0.0634441087613293
0 0.5033987915407855 0.20694864048338368 0.04003021148036254 0.05740181268882175
0 0.5366314199395771 0.20430513595166164 0.03851963746223565 0.06419939577039276
0 0.5626888217522659 0.20732628398791542 0.03625377643504532 0.06268882175226587
0 0.5804380664652568 0.21336858006042297 0.027945619335347432 0.06117824773413897
0 0.600453172205438 0.20619335347432025 0.030211480362537763 0.06646525679758308
0 0.6374622356495468 0.2126132930513595 0.028700906344410877 0.06268882175226587
0 0.6952416918429003 0.20657099697885195 0.04305135951661632 0.06570996978851963
0 0.868202416918429 0.2858761329305136 0.026435045317220542 0.06722054380664652
0 0.845166163141994 0.2688821752265861 0.022658610271903322 0.0649546827794562
0 0.830060422960725 0.2348942598187311 0.028700906344410877 0.07854984894259819
0 0.8157099697885196 0.22356495468277945 0.02416918429003021 0.05891238670694864
0 0.7922960725075529 0.2262084592145015 0.03474320241691843 0.06570996978851963
0 0.7420694864048338 0.21299093655589124 0.04003021148036254 0.061933534743202415
0 0.6718277945619335 0.04305135951661632 0.026435045317220542 0.0649546827794562
0 0.6952416918429003 0.05022658610271903 0.02190332326283988 0.06570996978851963
0 0.722809667673716 0.052492447129909366 0.0256797583081571 0.06873111782477341
0 0.7533987915407855 0.05173716012084592 0.027945619335347432 0.06419939577039276
0 0.6503021148036254 0.04154078549848943 0.030211480362537763 0.0649546827794562
0 0.611404833836858 0.034365558912386705 0.026435045317220542 0.05664652567975831
1 0.5861027190332326 0.04154078549848943 0.03927492447129909 0.0755287009063444
1 0.7832326283987915 0.05702416918429003 0.0256797583081571 0.07326283987915408
0 0.523036253776435 0.03474320241691843 0.024924471299093656 0.05740181268882175
0 0.47583081570996977 0.0290785498489426 0.03172205438066465 0.05211480362537765
0 0.45468277945619334 0.024546827794561934 0.028700906344410877 0.04909365558912387
0 0.411631419939577 0.035876132930513595 0.04380664652567976 0.06268882175226587
0 0.5506042296072508 0.03323262839879154 0.021148036253776436 0.05891238670694864
0 0.8549848942598187 0.06117824773413897 0.030211480362537763 0.08006042296072508
0 0.8293051359516617 0.06268882175226587 0.027190332326283987 0.0770392749244713
0 0.8119335347432024 0.06382175226586102 0.028700906344410877 0.07477341389728097
