3 0.31797583081570996 0.845166163141994 0.17220543806646527 0.1510574018126888
0 0.4679003021148036 0.9180513595166163 0.033987915407854986 0.06117824773413897
1 0.493202416918429 0.9169184290030211 0.027190332326283987 0.054380664652567974
1 0.5219033232628398 0.9180513595166163 0.03323262839879154 0.04607250755287009
0 0.5388972809667674 0.902190332326284 0.04305135951661632 0.03700906344410876
0 0.5630664652567976 0.8598942598187311 0.05362537764350453 0.04758308157099698
0 0.574773413897281 0.8387462235649547 0.04229607250755287 0.035498489425981876
0 0.5929003021148036 0.8198640483383686 0.045317220543806644 0.03700906344410876
0 0.6117824773413897 0.7972054380664653 0.045317220543806644 0.03851963746223565
0 0.6216012084592145 0.7843655589123867 0.04078549848942598 0.027945619335347432
0 0.6306646525679759 0.7685045317220544 0.054380664652567974 0.03700906344410876
0 0.6431268882175226 0.752643504531722 0.0445619335347432 0.03851963746223565
0 0.6608761329305136 0.7382930513595166 0.0513595166163142 0.035498489425981876
0 0.6638972809667674 0.709214501510574 0.04984894259818731 0.03474320241691843
0 0.6858006042296072 0.6895770392749244 0.045317220543806644 0.03172205438066465
1 0.698262839879154 0.6722054380664653 0.05060422960725076 0.03927492447129909
0 0.7152567975830816 0.6518126888217523 0.05891238670694864 0.03927492447129909
0 0.7167673716012085 0.629154078549849 0.04984894259818731 0.03323262839879154
0 0.7326283987915407 0.6095166163141994 0.04682779456193353 0.04380664652567976
0 0.7413141993957704 0.591012084592145 0.05060422960725076 0.030966767371601207
0 0.7462235649546828 0.5751510574018127 0.03474320241691843 0.04305135951661632
0 0.7594410876132931 0.55702416918429 0.04607250755287009 0.04154078549848943
0 0.7707703927492447 0.5400302114803626 0.04758308157099698 0.03172205438066465
0 0.7832326283987915 0.520392749244713 0.05740181268882175 0.04229607250755287
0 0.7960725075528701 0.5064199395770392 0.04682779456193353 0.03700906344410876
1 0.7994712990936556 0.4860271903323263 0.05664652567975831 0.035498489425981876
0 0.8062688821752266 0.47016616314199394 0.04003021148036254 0.04607250755287009
0 0.8319486404833837 0.44486404833836857 0.06268882175226587 0.0377643504531722
0 0.8515861027190332 0.39992447129909364 0.04154078549848943 0.04607250755287009
0 0.8640483383685801 0.3938821752265861 0.04078549848942598 0.05211480362537765
0 0.8738670694864048 0.37726586102719034 0.03474320241691843 0.05211480362537765
0 0.881797583081571 0.3504531722054381 0.0324773413897281 0.04984894259818731
1 0.8901057401812689 0.32817220543806647 0.035498489425981876 0.03851963746223565
0 0.900679758308157 0.3145770392749245 0.03851963746223565 0.04154078549848943
0 0.9055891238670695 0.2979607250755287 0.04984894259818731 0.02945619335347432
0 0.9188066465256798 0.28700906344410876 0.05060422960725076 0.03172205438066465
0 0.9358006042296072 0.2601963746223565 0.04833836858006042 0.03700906344410876
0 0.9441087613293051 0.23716012084592145 0.045317220543806644 0.03927492447129909
0 0.9622356495468278 0.20959214501510573 0.04984894259818731 0.03851963746223565
0 0.6854229607250756 0.9856495468277946 0.06419939577039276 0.021148036253776436
0 0.7027945619335347 0.9459969788519638 0.05211480362537765 0.023413897280966767
0 0.6967522658610272 0.9663897280966768 0.06268882175226587 0.02190332326283988
0 0.716012084592145 0.9342900302114804 0.05891238670694864 0.01812688821752266
0 0.7326283987915407 0.9237160120845922 0.055891238670694864 0.022658610271903322
0 0.7439577039274925 0.9025679758308157 0.06646525679758308 0.027190332326283987
0 0.7533987915407855 0.8848187311178247 0.06722054380664652 0.02945619335347432
1 0.7556646525679759 0.8655589123867069 0.05060422960725076 0.027190332326283987
0 0.7715256797583081 0.8466767371601208 0.06722054380664652 0.02416918429003021
0 0.7586858006042296 0.8345921450151057 0.0702416918429003 0.027190332326283987
0 0.7820996978851964 0.8243957703927492 0.05513595166163142 0.02945619335347432
0 0.80702416918429 0.7979607250755287 0.05513595166163142 0.027945619335347432
1 0.7956948640483383 0.7854984894259819 0.05966767371601209 0.019637462235649546
0 0.8228851963746223 0.7760574018126888 0.06570996978851963 0.02190332326283988
0 0.8379909365558912 0.7447129909365559 0.06268882175226587 0.022658610271903322
0 0.841012084592145 0.7262084592145015 0.0702416918429003 0.023413897280966767
0 0.8376132930513596 0.6978851963746223 0.0649546827794562 0.027190332326283987
0 0.8825528700906344 0.6880664652567976 0.05060422960725076 0.02416918429003021
0 0.8670694864048338 0.6737160120845922 0.060422960725075525 0.019637462235649546
0 0.8825528700906344 0.6623867069486404 0.05966767371601209 0.03323262839879154
0 0.895392749244713 0.6487915407854985 0.05362537764350453 0.030211480362537763
0 0.888595166163142 0.6272658610271903 0.0581570996978852 0.024924471299093656
0 0.9112537764350453 0.6163141993957704 0.06268882175226587 0.030211480362537763
0 0.9176737160120846 0.6000755287009063 0.055891238670694864 0.026435045317220542
0 0.948262839879154 0.574773413897281 0.05966767371601209 0.028700906344410877
0 0.956570996978852 0.5619335347432024 0.04909365558912387 0.021148036253776436
0 0.9607250755287009 0.5456948640483383 0.055891238670694864 0.027945619335347432
