0 0.07401812688821752 0.1362862010221465 0.055891238670694864 0.03236797274275979
1 0.17711480362537765 0.041737649063032366 0.05513595166163142 0.04599659284497445
0 0.19826283987915408 0.015758091993185692 0.05211480362537765 0.031516183986371384
1 0.16314199395770393 0.21422487223168654 0.055891238670694864 0.0434412265758092
1 0.14841389728096677 0.23807495741056217 0.04758308157099698 0.04514480408858603
1 0.12575528700906344 0.2542589437819421 0.05211480362537765 0.046848381601362864
1 0.1216012084592145 0.2776831345826235 0.052870090634441085 0.056218057921635436
0 0.09969788519637462 0.2721465076660988 0.052870090634441085 0.05706984667802385
0 0.06231117824773414 0.303236797274276 0.035498489425981876 0.05110732538330494
1 0.05362537764350453 0.3330494037478705 0.060422960725075525 0.040885860306643956
1 0.04909365558912387 0.35093696763202725 0.054380664652567974 0.028960817717206135
0 0.03323262839879154 0.35689948892674617 0.0513595166163142 0.05281090289608177
1 0.02039274924471299 0.37734241908006816 0.04229607250755287 0.04770017035775128
0 0.32968277945619334 0.019165247018739354 0.04607250755287009 0.04003407155025554
1 0.2719033232628399 0.08517887563884156 0.052870090634441085 0.054514480408858604
1 0.2911631419939577 0.09156729131175469 0.05211480362537765 0.05706984667802385
0 0.3493202416918429 0.08773424190800681 0.0445619335347432 0.040885860306643956
0 0.3666918429003021 0.10817717206132879 0.05211480362537765 0.04940374787052811
1 0.38368580060422963 0.11669505962521295 0.05740181268882175 0.05110732538330494
1 0.3972809667673716 0.12734241908006813 0.04682779456193353 0.058773424190800685
0 0.33157099697885195 0.15289608177172062 0.04833836858006042 0.04514480408858603
0 0.3387462235649547 0.1622657580919932 0.0445619335347432 0.041737649063032366
0 0.347809667673716 0.16993185689948892 0.03700906344410876 0.0434412265758092
0 0.30249244712990936 0.18356047700170358 0.0445619335347432 0.05366269165247019
0 0.300226586102719 0.20528109028960817 0.04154078549848943 0.04940374787052811
1 0.3651812688821752 0.2018739352640545 0.05362537764350453 0.05110732538330494
1 0.36027190332326287 0.25255536626916525 0.052870090634441085 0.065587734241908
0 0.3851963746223565 0.2125212947189097 0.045317220543806644 0.04514480408858603
0 0.3731117824773414 0.2866269165247019 0.04078549848942598 0.05706984667802385
0 0.3935045317220544 0.2981260647359455 0.0377643504531722 0.06643952299829642
0 0.1967522658610272 0.2542589437819421 0.04154078549848943 0.048551959114139696
0 0.2107250755287009 0.26490630323679726 0.0377643504531722 0.04599659284497445
0 0.2552870090634441 0.3339011925042589 0.03474320241691843 0.04940374787052811
0 0.2719033232628399 0.3339011925042589 0.04380664652567976 0.056218057921635436
0 0.2854984894259819 0.3526405451448041 0.0513595166163142 0.04770017035775128
0 0.32099697885196377 0.37350936967632026 0.04833836858006042 0.05025553662691652
1 0.3474320241691843 0.4028960817717206 0.04833836858006042 0.056218057921635436
0 0.35913897280966767 0.424190800681431 0.04003021148036254 0.05110732538330494
1 0.38935045317220546 0.4612436115843271 0.04154078549848943 0.05706984667802385
0 0.4127643504531722 0.4906303236797274 0.05211480362537765 0.04770017035775128
0 0.4467522658610272 0.5140545144804088 0.04607250755287009 0.05706984667802385
0 0.46941087613293053 0.5425894378194208 0.0445619335347432 0.06303236797274277
0 0.49055891238670696 0.5566439522998297 0.04607250755287009 0.0434412265758092
0 0.5011329305135952 0.5711243611584327 0.04003021148036254 0.046848381601362864
0 0.4248489425981873 0.33560477001703576 0.033987915407854986 0.05281090289608177
1 0.4478851963746224 0.35391822827938674 0.027190332326283987 0.062180579216354344
1 0.46299093655589124 0.35902896081771724 0.03323262839879154 0.058773424190800685
1 0.4981117824773414 0.3960817717206133 0.03700906344410876 0.056218057921635436
0 0.43655589123867067 0.24190800681431004 0.04984894259818731 0.04258943781942078
0 0.4414652567975831 0.16141396933560478 0.05060422960725076 0.036626916524701875
0 0.449773413897281 0.17589437819420783 0.05211480362537765 0.046848381601362864
1 0.46299093655589124 0.19122657580919933 0.04078549848942598 0.05366269165247019
1 0.48225075528700906 0.2010221465076661 0.03851963746223565 0.056218057921635436
0 0.5052870090634441 0.20826235093696763 0.04380664652567976 0.046848381601362864
0 0.5158610271903323 0.22870528109028962 0.04229607250755287 0.048551959114139696
0 0.5441842900302115 0.2120954003407155 0.03700906344410876 0.05281090289608177
0 0.5487160120845922 0.27427597955706984 0.04758308157099698 0.06132879045996593
0 0.4773413897280967 0.28918228279386715 0.03927492447129909 0.05366269165247019
0 0.42938066465256797 0.02555366269165247 0.04003021148036254 0.05110732538330494
0 0.4580815709969788 0.024701873935264056 0.024924471299093656 0.04599659284497445
0 0.4833836858006042 0.05238500851788756 0.03474320241691843 0.05025553662691652
0 0.4973564954682779 0.07410562180579217 0.033987915407854986 0.056218057921635436
1 0.574773413897281 0.062180579216354344 0.0634441087613293 0.054514480408858604
0 0.5351208459214502 0.08816013628620102 0.02945619335347432 0.06047700170357751
1 0.5589123867069486 0.10093696763202725 0.03625377643504532 0.05536626916524702
0 0.5755287009063444 0.12350936967632027 0.0256797583081571 0.06303236797274277
2 0.5124622356495468 0.13756388415672913 0.04154078549848943 0.048551959114139696
1 0.6151812688821753 0.14011925042589438 0.04909365558912387 0.048551959114139696
0 0.600453172205438 0.17589437819420783 0.028700906344410877 0.062180579216354344
0 0.6302870090634441 0.2010221465076661 0.027945619335347432 0.06303236797274277
0 0.658987915407855 0.2014480408858603 0.03700906344410876 0.05536626916524702
1 0.6786253776435045 0.22870528109028962 0.0445619335347432 0.051959114139693355
0 0.6774924471299094 0.29003407155025557 0.04229607250755287 0.048551959114139696
0 0.5906344410876133 0.3151618398637138 0.04380664652567976 0.044293015332197615
0 0.6216012084592145 0.31090289608177174 0.052870090634441085 0.028960817717206135
0 0.6076283987915407 0.33603066439523 0.05966767371601209 0.029812606473594547
0 0.6435045317220544 0.37052810902896083 0.054380664652567974 0.03577512776831346
0 0.5045317220543807 0.32282793867120957 0.030211480362537763 0.04770017035775128
0 0.5109516616314199 0.325809199318569 0.0324773413897281 0.04514480408858603
0 0.5226586102719033 0.3300681431005111 0.03323262839879154 0.048551959114139696
0 0.5332326283987915 0.3368824531516184 0.03927492447129909 0.0434412265758092
0 0.5302114803625377 0.3526405451448041 0.04229607250755287 0.04599659284497445
1 0.5222809667673716 0.4335604770017036 0.03851963746223565 0.05281090289608177
1 0.5456948640483383 0.4518739352640545 0.024924471299093656 0.065587734241908
0 0.5702416918429003 0.477427597955707 0.03625377643504532 0.06047700170357751
0 0.5702416918429003 0.381175468483816 0.03927492447129909 0.05025553662691652
1 0.581570996978852 0.39310051107325383 0.03927492447129909 0.062180579216354344
0 0.5921450151057401 0.4007666098807496 0.03474320241691843 0.05366269165247019
1 0.5989425981873112 0.41567291311754684 0.04078549848942598 0.04940374787052811
1 0.6027190332326284 0.42759795570698467 0.03323262839879154 0.05792163543441227
1 0.618202416918429 0.4395229982964225 0.04003021148036254 0.054514480408858604
1 0.6646525679758308 0.4007666098807496 0.0513595166163142 0.03321976149914821
0 0.6861782477341389 0.41652470187393525 0.05211480362537765 0.028960817717206135
0 0.7077039274924471 0.42632027257240207 0.03927492447129909 0.05025553662691652
0 0.7333836858006042 0.4331345826235094 0.045317220543806644 0.04514480408858603
0 0.7398036253776435 0.4561328790459966 0.05060422960725076 0.026405451448040886
0 0.5981873111782477 0.4991482112436116 0.03172205438066465 0.06303236797274277
0 0.618202416918429 0.5208688245315162 0.02190332326283988 0.06388415672913117
0 0.6374622356495468 0.5166098807495741 0.03323262839879154 0.05536626916524702
0 0.6907099697885196 0.5076660988074958 0.04607250755287009 0.04599659284497445
0 0.7005287009063444 0.518313458262351 0.04003021148036254 0.048551959114139696
0 0.7141238670694864 0.5310902896081772 0.04607250755287009 0.05025553662691652
0 0.6718277945619335 0.5762350936967632 0.0445619335347432 0.05366269165247019
0 0.7424471299093656 0.5719761499148212 0.04380664652567976 0.051959114139693355
1 0.6925981873111783 0.606473594548552 0.03625377643504532 0.05792163543441227
0 0.7039274924471299 0.6192504258943782 0.03474320241691843 0.04770017035775128
0 0.7311178247734139 0.6401192504258943 0.03474320241691843 0.05536626916524702
0 0.7484894259818731 0.6622657580919932 0.03474320241691843 0.058773424190800685
0 0.5373867069486404 0.5877342419080068 0.04154078549848943 0.04770017035775128
0 0.554380664652568 0.6047700170357752 0.0513595166163142 0.04258943781942078
0 0.5649546827794562 0.6277683134582623 0.04682779456193353 0.040885860306643956
1 0.5808157099697885 0.6511925042589438 0.04229607250755287 0.06047700170357751
0 0.6121601208459214 0.6737649063032368 0.05362537764350453 0.028960817717206135
0 0.6174471299093656 0.694633730834753 0.04909365558912387 0.022998296422487224
0 0.650679758308157 0.7040034071550255 0.05362537764350453 0.04003407155025554
0 0.6555891238670695 0.7248722316865418 0.05740181268882175 0.034071550255536626
0 0.6759818731117825 0.7453151618398637 0.055891238670694864 0.034071550255536626
0 0.6212235649546828 0.7793867120954003 0.04758308157099698 0.03577512776831346
1 0.6193353474320241 0.798977853492334 0.060422960725075525 0.02385008517887564
1 0.5947885196374623 0.8202725724020443 0.05966767371601209 0.02555366269165247
1 0.5891238670694864 0.8390119250425895 0.055891238670694864 0.03747870528109029
1 0.5743957703927492 0.8577512776831346 0.0581570996978852 0.040885860306643956
1 0.5694864048338368 0.8739352640545145 0.04078549848942598 0.03747870528109029
1 0.5487160120845922 0.8918228279386712 0.05362537764350453 0.03577512776831346
0 0.527190332326284 0.92206132879046 0.04984894259818731 0.04003407155025554
0 0.5290785498489426 0.9493185689948893 0.05211480362537765 0.04514480408858603
0 0.49924471299093653 0.9620954003407155 0.04229607250755287 0.046848381601362864
1 0.4909365558912387 0.975298126064736 0.04984894259818731 0.04258943781942078
0 0.8602719033232629 0.8879897785349233 0.04682779456193353 0.051959114139693355
0 0.8436555891238671 0.9135434412265758 0.0377643504531722 0.048551959114139696
0 0.9210725075528701 0.9646507666098808 0.030966767371601207 0.06047700170357751
0 0.9486404833836858 0.8394378194207837 0.0513595166163142 0.0434412265758092
0 0.9365558912386707 0.860732538330494 0.04833836858006042 0.04003407155025554
0 0.9180513595166163 0.876916524701874 0.05211480362537765 0.036626916524701875
0 0.8965256797583081 0.9595400340715503 0.03172205438066465 0.05366269165247019
0 0.8319486404833837 0.9386712095400341 0.05060422960725076 0.044293015332197615
0 0.8164652567975831 0.9514480408858603 0.05891238670694864 0.03236797274275979
0 0.823262839879154 0.9761499148211243 0.052870090634441085 0.034071550255536626
1 0.9561933534743202 0.9859454855195912 0.03474320241691843 0.02129471890971039
0 0.9539274924471299 0.7942930153321976 0.05740181268882175 0.036626916524701875
0 0.9652567975830816 0.7764054514480409 0.0513595166163142 0.024701873935264056
0 0.8285498489425982 0.6920783645655877 0.04078549848942598 0.04003407155025554
0 0.8538519637462235 0.6976149914821125 0.033987915407854986 0.05281090289608177
1 0.8032477341389728 0.7367972742759795 0.0445619335347432 0.04770017035775128
0 0.7862537764350453 0.706984667802385 0.03172205438066465 0.06303236797274277
0 0.7719033232628398 0.6767461669505963 0.021148036253776436 0.05706984667802385
1 0.7953172205438066 0.6375638841567292 0.02416918429003021 0.062180579216354344
0 0.8266616314199395 0.5029812606473595 0.03700906344410876 0.048551959114139696
0 0.8262839879154078 0.5264054514480409 0.04833836858006042 0.04599659284497445
0 0.8462990936555891 0.5434412265758092 0.0581570996978852 0.034071550255536626
0 0.8345921450151057 0.573679727427598 0.04682779456193353 0.04003407155025554
0 0.8470543806646526 0.5864565587734242 0.0581570996978852 0.046848381601362864
0 0.8761329305135952 0.6298977853492334 0.052870090634441085 0.041737649063032366
0 0.9792296072507553 0.75 0.03851963746223565 0.029812606473594547
