3 0.256797583081571 0.4948892674616695 0.1797583081570997 0.1362862010221465
1 0.019259818731117824 0.10562180579216354 0.03851963746223565 0.04770017035775128
0 0.06646525679758308 0.056643952299829645 0.045317220543806644 0.0434412265758092
0 0.12311178247734139 0.015332197614991482 0.052870090634441085 0.03236797274275979
1 0.3372356495468278 0.09625212947189098 0.04003021148036254 0.05792163543441227
1 0.3621601208459215 0.12819420783645655 0.05060422960725076 0.062180579216354344
1 0.4142749244712991 0.1682282793867121 0.05211480362537765 0.058773424190800685
0 0.4467522658610272 0.20783645655877342 0.05211480362537765 0.056218057921635436
1 0.46941087613293053 0.23168654173764908 0.04305135951661632 0.06473594548551959
1 0.46941087613293053 0.26916524701873934 0.05513595166163142 0.05281090289608177
1 0.4981117824773414 0.2755536626916525 0.04154078549848943 0.05536626916524702
0 0.466012084592145 0.3428449744463373 0.03927492447129909 0.06047700170357751
0 0.5279456193353474 0.3049403747870528 0.0377643504531722 0.05281090289608177
0 0.5441842900302115 0.32325383304940375 0.0324773413897281 0.058773424190800685
0 0.5675981873111783 0.33432708688245316 0.033987915407854986 0.06388415672913117
1 0.5630664652567976 0.4288756388415673 0.030966767371601207 0.065587734241908
1 0.6080060422960725 0.3624361158432709 0.04078549848942598 0.05706984667802385
1 0.6257552870090635 0.3747870528109029 0.033987915407854986 0.06132879045996593
1 0.6431268882175226 0.3952299829642249 0.035498489425981876 0.06473594548551959
0 0.6582326283987915 0.41396933560477 0.033987915407854986 0.05792163543441227
0 0.6774924471299094 0.4284497444633731 0.0377643504531722 0.06473594548551959
0 0.7009063444108762 0.4612436115843271 0.030211480362537763 0.06729131175468483
0 0.6880664652567976 0.5293867120954003 0.021148036253776436 0.062180579216354344
0 0.7341389728096677 0.48083475298126066 0.03323262839879154 0.06388415672913117
0 0.7613293051359517 0.436541737649063 0.04229607250755287 0.05706984667802385
0 0.7783232628398792 0.4271720613287905 0.05060422960725076 0.04003407155025554
0 0.804380664652568 0.3862862010221465 0.055891238670694864 0.041737649063032366
0 0.8236404833836858 0.370954003407155 0.04607250755287009 0.046848381601362864
0 0.847809667673716 0.3402896081771721 0.04758308157099698 0.048551959114139696
0 0.8557401812688822 0.32410562180579217 0.045317220543806644 0.04003407155025554
0 0.8640483383685801 0.29770017035775126 0.04380664652567976 0.04003407155025554
0 0.8855740181268882 0.3036626916524702 0.04607250755287009 0.04514480408858603
0 0.900679758308157 0.2959965928449744 0.04758308157099698 0.04003407155025554
0 0.9078549848942599 0.2819420783645656 0.0513595166163142 0.040885860306643956
1 0.9150302114803626 0.23168654173764908 0.0445619335347432 0.04599659284497445
1 0.9350453172205438 0.22359454855195912 0.04078549848942598 0.051959114139693355
0 0.9240936555891238 0.26405451448040884 0.04909365558912387 0.044293015332197615
0 0.9543051359516617 0.23168654173764908 0.04154078549848943 0.04940374787052811
0 0.9648791540785498 0.21592844974446337 0.04909365558912387 0.03833049403747871
0 0.975453172205438 0.2010221465076661 0.04607250755287009 0.054514480408858604
2 0.5687311178247734 0.8948040885860307 0.02416918429003021 0.03321976149914821
2 0.6102719033232629 0.9714650766609881 0.027190332326283987 0.03833049403747871
2 0.9199395770392749 0.8049403747870528 0.027190332326283987 0.040885860306643956
0 0.9716767371601208 0.6648211243611585 0.04758308157099698 0.0434412265758092
