0 0.7231873111782477 0.0634441087613293 0.05060422960725076 0.054380664652567974
2 0.8062688821752266 0.032854984894259816 0.026435045317220542 0.035498489425981876
0 0.7103474320241692 0.2745468277945619 0.027945619335347432 0.06570996978851963
0 0.851963746223565 0.3651812688821752 0.05891238670694864 0.033987915407854986
0 0.8576283987915407 0.3976586102719033 0.05966767371601209 0.024924471299093656
0 0.8583836858006042 0.43277945619335345 0.06117824773413897 0.0377643504531722
0 0.8580060422960725 0.4871601208459215 0.05740181268882175 0.03172205438066465
0 0.8727341389728097 0.5619335347432024 0.05664652567975831 0.03323262839879154
2 0.8568731117824774 0.5793051359516617 0.023413897280966767 0.030211480362537763
0 0.8689577039274925 0.6265105740181269 0.0581570996978852 0.02945619335347432
2 0.9093655589123867 0.5777945619335347 0.03474320241691843 0.03172205438066465
0 0.7069486404833837 0.7371601208459214 0.04229607250755287 0.0634441087613293
2 0.9425981873111783 0.7443353474320241 0.04078549848942598 0.03851963746223565
