3 0.2695911413969336 0.35913897280966767 0.13713798977853492 0.16389728096676737
3 0.11201022146507666 0.7016616314199395 0.11499148211243612 0.10876132930513595
3 0.054514480408858604 0.7398036253776435 0.11073253833049404 0.1578549848942598
3 0.22572402044293016 0.6616314199395771 0.131175468483816 0.1782477341389728
3 0.3300681431005111 0.6419939577039275 0.1354344122657581 0.16163141993957703
3 0.5187393526405452 0.543429003021148 0.15332197614991483 0.17598187311178248
3 0.5660136286201022 0.26057401812688824 0.16609880749574105 0.15861027190332327
3 0.7670357751277683 0.47318731117824775 0.1797274275979557 0.18202416918429004
3 0.8151618398637138 0.13481873111782477 0.17546848381601363 0.2107250755287009
3 0.9540034071550255 0.07930513595166164 0.08858603066439523 0.1404833836858006
3 0.8036626916524702 0.9138972809667674 0.17291311754684838 0.14954682779456194
3 0.5651618398637138 0.947129909365559 0.19165247018739354 0.09969788519637462
