2 0.16163141993957703 0.8705281090289608 0.03625377643504532 0.039182282793867124
0 0.2881419939577039 0.03747870528109029 0.05060422960725076 0.06132879045996593
0 0.2983383685800604 0.06899488926746167 0.045317220543806644 0.039182282793867124
0 0.32061933534743203 0.11158432708688246 0.05211480362537765 0.04599659284497445
0 0.3285498489425982 0.13415672913117546 0.04833836858006042 0.0434412265758092
0 0.3530966767371601 0.19591141396933562 0.04607250755287009 0.05110732538330494
0 0.36555891238670696 0.22657580919931858 0.045317220543806644 0.039182282793867124
0 0.4509063444108761 0.44931856899488926 0.0513595166163142 0.0434412265758092
1 0.3425226586102719 0.1682282793867121 0.0445619335347432 0.04514480408858603
0 0.14614803625377643 0.19293015332197616 0.04003021148036254 0.029812606473594547
0 0.16012084592145015 0.2227427597955707 0.04682779456193353 0.031516183986371384
0 0.1691842900302115 0.2529812606473595 0.04078549848942598 0.027257240204429302
0 0.17749244712990936 0.2768313458262351 0.054380664652567974 0.022146507666098807
0 0.20506042296072508 0.3594548551959114 0.04154078549848943 0.03236797274275979
0 0.21185800604229607 0.3841567291311755 0.04607250755287009 0.03236797274275979
1 0.2175226586102719 0.4071550255536627 0.05891238670694864 0.03236797274275979
1 0.22658610271903323 0.43568994889267465 0.0513595166163142 0.03492333901192504
1 0.23338368580060423 0.4518739352640545 0.061933534743202415 0.03833049403747871
1 0.24282477341389727 0.4680579216354344 0.05966767371601209 0.031516183986371384
0 0.2598187311178248 0.5 0.055891238670694864 0.020442930153321978
0 0.26774924471299094 0.5383304940374787 0.05060422960725076 0.030664395229982964
0 0.27794561933534745 0.561328790459966 0.055891238670694864 0.044293015332197615
0 0.286631419939577 0.5800681431005111 0.05966767371601209 0.022146507666098807
0 0.30173716012084595 0.6056218057921635 0.05362537764350453 0.022146507666098807
0 0.30060422960725075 0.637137989778535 0.04682779456193353 0.03236797274275979
0 0.31722054380664655 0.6712095400340715 0.060422960725075525 0.028960817717206135
0 0.32779456193353473 0.6993185689948893 0.060422960725075525 0.02385008517887564
0 0.4569486404833837 0.4991482112436116 0.04078549848942598 0.03577512776831346
0 0.4641238670694864 0.5187393526405452 0.0445619335347432 0.03236797274275979
0 0.47847432024169184 0.532793867120954 0.05060422960725076 0.02129471890971039
0 0.48376132930513593 0.5643100511073254 0.033987915407854986 0.046848381601362864
1 0.5018882175226587 0.5681431005110733 0.04607250755287009 0.040885860306643956
1 0.506797583081571 0.6022146507666098 0.04833836858006042 0.03747870528109029
0 0.5430513595166163 0.6848381601362862 0.045317220543806644 0.04258943781942078
0 0.5305891238670695 0.6592844974446337 0.04154078549848943 0.05110732538330494
0 0.5226586102719033 0.649488926746167 0.0377643504531722 0.04514480408858603
0 0.520392749244713 0.6281942078364565 0.04229607250755287 0.03833049403747871
0 0.49055891238670696 0.7133730834752982 0.05513595166163142 0.028109028960817718
0 0.4871601208459215 0.7035775127768313 0.054380664652567974 0.02555366269165247
0 0.4807401812688822 0.6912265758091993 0.05513595166163142 0.026405451448040886
0 0.47847432024169184 0.6793015332197615 0.05211480362537765 0.026405451448040886
0 0.4746978851963746 0.6652470187393527 0.04758308157099698 0.028960817717206135
0 0.33987915407854985 0.7304088586030665 0.052870090634441085 0.024701873935264056
0 0.35536253776435045 0.7568143100511073 0.05211480362537765 0.046848381601362864
1 0.36027190332326287 0.7772572402044293 0.055891238670694864 0.041737649063032366
0 0.37273413897280966 0.8100511073253833 0.05211480362537765 0.027257240204429302
0 0.3821752265861027 0.838160136286201 0.0513595166163142 0.03236797274275979
0 0.4169184290030212 0.8185689948892675 0.0513595166163142 0.020442930153321978
0 0.3923716012084592 0.8735093696763203 0.05362537764350453 0.036626916524701875
0 0.45128398791540786 0.8764906303236797 0.05513595166163142 0.02385008517887564
0 0.4395770392749245 0.907580919931857 0.06948640483383686 0.024701873935264056
0 0.4123867069486405 0.9429301533219762 0.0513595166163142 0.028960817717206135
0 0.4901812688821752 0.9846678023850085 0.054380664652567974 0.027257240204429302
1 0.4501510574018127 0.9906303236797275 0.052870090634441085 0.015332197614991482
0 0.5524924471299094 0.7691652470187393 0.03851963746223565 0.03747870528109029
0 0.5585347432024169 0.7900340715502555 0.033987915407854986 0.03492333901192504
1 0.5668429003021148 0.8006814310051107 0.04003021148036254 0.034071550255536626
0 0.5838368580060423 0.8245315161839863 0.04229607250755287 0.04258943781942078
1 0.5864803625377644 0.8760647359454855 0.035498489425981876 0.06729131175468483
1 0.5921450151057401 0.83603066439523 0.045317220543806644 0.05536626916524702
0 0.5868580060422961 0.790885860306644 0.04229607250755287 0.041737649063032366
0 0.6283987915407855 0.9578364565587735 0.027190332326283987 0.065587734241908
0 0.6038519637462235 0.9442078364565588 0.0188821752265861 0.05536626916524702
0 0.6234894259818731 0.8820272572402045 0.024924471299093656 0.075809199318569
0 0.6076283987915407 0.8948040885860307 0.03851963746223565 0.036626916524701875
1 0.6665407854984894 0.9608177172061328 0.02190332326283988 0.06984667802385008
0 0.6846676737160121 0.9514480408858603 0.026435045317220542 0.06132879045996593
0 0.7005287009063444 0.9540034071550255 0.024924471299093656 0.056218057921635436
0 0.7413141993957704 0.9599659284497445 0.027945619335347432 0.06473594548551959
0 0.7231873111782477 0.9735945485519591 0.02190332326283988 0.04770017035775128
0 0.7579305135951662 0.9821124361158433 0.0188821752265861 0.030664395229982964
1 0.7790785498489426 0.9825383304940375 0.017371601208459216 0.031516183986371384
1 0.8081570996978852 0.979557069846678 0.04380664652567976 0.034071550255536626
1 0.9150302114803626 0.8351788756388416 0.0324773413897281 0.05536626916524702
1 0.9380664652567976 0.9642248722316865 0.028700906344410877 0.04940374787052811
1 0.9142749244712991 0.981686541737649 0.023413897280966767 0.03321976149914821
0 0.9191842900302115 0.6886712095400341 0.052870090634441085 0.028109028960817718
0 0.9112537764350453 0.7568143100511073 0.035498489425981876 0.04003407155025554
0 0.9180513595166163 0.7879045996592845 0.03700906344410876 0.02385008517887564
0 0.8984138972809668 0.8726575809199318 0.03700906344410876 0.04514480408858603
0 0.8882175226586103 0.8854344122657581 0.030211480362537763 0.048551959114139696
0 0.8689577039274925 0.8982112436115843 0.027945619335347432 0.05706984667802385
0 0.823262839879154 0.9148211243611585 0.04984894259818731 0.04258943781942078
1 0.8334592145015106 0.8884156729131175 0.05060422960725076 0.03577512776831346
2 0.8240181268882175 0.7461669505962522 0.03927492447129909 0.028960817717206135
0 0.9724320241691843 0.9063032367972743 0.023413897280966767 0.054514480408858604
0 0.9633685800604229 0.9186541737649063 0.02945619335347432 0.05025553662691652
0 0.9512839879154078 0.9331345826235093 0.02945619335347432 0.05536626916524702
0 0.8901057401812689 0.9799829642248723 0.02190332326283988 0.03492333901192504
0 0.9101208459214502 0.626916524701874 0.04984894259818731 0.027257240204429302
0 0.895392749244713 0.5877342419080068 0.0445619335347432 0.02385008517887564
0 0.8946374622356495 0.5366269165247018 0.0445619335347432 0.030664395229982964
2 0.9373111782477341 0.4906303236797274 0.03927492447129909 0.03577512776831346
