0 0.525679758308157 0.014480408858603067 0.04984894259818731 0.02385008517887564
0 0.5302114803625377 0.04514480408858603 0.055891238670694864 0.04770017035775128
0 0.5426737160120846 0.0651618398637138 0.06419939577039276 0.03833049403747871
0 0.5377643504531722 0.08603066439522998 0.052870090634441085 0.044293015332197615
1 0.5479607250755287 0.09412265758091994 0.07477341389728097 0.03833049403747871
1 0.5577794561933535 0.11754684838160137 0.06268882175226587 0.03577512776831346
0 0.5574018126888217 0.1418228279386712 0.06797583081570997 0.03321976149914821
0 0.5483383685800605 0.1695059625212947 0.060422960725075525 0.04599659284497445
0 0.5566465256797583 0.21039182282793867 0.05740181268882175 0.03577512776831346
0 0.5827039274924471 0.23850085178875638 0.06570996978851963 0.034071550255536626
0 0.595166163141994 0.29770017035775126 0.061933534743202415 0.05536626916524702
0 0.6990181268882175 0.022572402044293016 0.06419939577039276 0.0434412265758092
0 0.695619335347432 0.04471890971039182 0.06646525679758308 0.03321976149914821
1 0.7126132930513596 0.06771720613287904 0.06722054380664652 0.048551959114139696
0 0.7111027190332326 0.0924190800681431 0.04758308157099698 0.05025553662691652
0 0.724320241691843 0.1141396933560477 0.061933534743202415 0.04258943781942078
0 0.743202416918429 0.12862010221465076 0.060422960725075525 0.05281090289608177
0 0.7337613293051359 0.16098807495741058 0.05966767371601209 0.04770017035775128
0 0.7492447129909365 0.1950596252129472 0.055891238670694864 0.039182282793867124
0 0.7447129909365559 0.22146507666098808 0.04833836858006042 0.044293015332197615
0 0.7515105740181269 0.24148211243611584 0.0649546827794562 0.046848381601362864
0 0.7511329305135952 0.26873935264054516 0.05966767371601209 0.05366269165247019
0 0.7594410876132931 0.28023850085178875 0.0581570996978852 0.054514480408858604
0 0.775679758308157 0.3377342419080068 0.061933534743202415 0.05366269165247019
0 0.7820996978851964 0.3743611584327087 0.05211480362537765 0.06047700170357751
0 0.7915407854984894 0.38884156729131175 0.0649546827794562 0.058773424190800685
0 0.7900302114803626 0.42546848381601365 0.06797583081570997 0.05366269165247019
0 0.8149546827794562 0.477427597955707 0.061933534743202415 0.05025553662691652
0 0.8606495468277946 0.5898637137989778 0.07326283987915408 0.051959114139693355
0 0.8734894259818731 0.649488926746167 0.07477341389728097 0.05366269165247019
0 0.9025679758308157 0.770442930153322 0.07401812688821752 0.051959114139693355
0 0.927870090634441 0.846252129471891 0.06873111782477341 0.03833049403747871
1 0.9376888217522659 0.8798977853492334 0.06873111782477341 0.04599659284497445
1 0.9441087613293051 0.9024701873935265 0.07401812688821752 0.05025553662691652
0 0.9437311178247734 0.9386712095400341 0.07779456193353475 0.04258943781942078
