3 0.4074773413897281 0.6487603305785125 0.20166163141993956 0.23140495867768596
3 0.4044561933534743 0.8546831955922866 0.17749244712990936 0.21074380165289258
0 0.021148036253776436 0.30647382920110194 0.0256797583081571 0.11432506887052342
1 0.05022658610271903 0.2913223140495868 0.02945619335347432 0.07575757575757576
0 0.046450151057401814 0.34090909090909094 0.02945619335347432 0.07851239669421488
0 0.07477341389728097 0.29201101928374656 0.03172205438066465 0.09641873278236915
1 0.1042296072507553 0.28512396694214875 0.03474320241691843 0.09917355371900827
0 0.13330815709969787 0.2699724517906336 0.04305135951661632 0.12121212121212122
1 0.16503021148036254 0.25757575757575757 0.02945619335347432 0.10192837465564739
0 0.18731117824773413 0.2568870523415978 0.027190332326283987 0.11707988980716254
1 0.21676737160120846 0.20867768595041322 0.03474320241691843 0.10881542699724518
0 0.19939577039274925 0.22933884297520662 0.028700906344410877 0.10606060606060606
0 0.31910876132930516 0.06060606060606061 0.04154078549848943 0.07713498622589532
0 0.3164652567975831 0.16391184573002754 0.05740181268882175 0.06887052341597796
0 0.2537764350453172 0.23002754820936638 0.04984894259818731 0.0743801652892562
0 0.2628398791540785 0.1790633608815427 0.054380664652567974 0.07162534435261708
0 0.9350453172205438 0.9056473829201103 0.0634441087613293 0.04269972451790634
0 0.9142749244712991 0.7913223140495868 0.06117824773413897 0.048209366391184574
0 0.9040785498489426 0.6707988980716254 0.0513595166163142 0.046831955922865015
0 0.7088368580060423 0.20041322314049587 0.05060422960725076 0.09504132231404959
0 0.7322507552870091 0.1831955922865014 0.04003021148036254 0.0881542699724518
0 0.7530211480362538 0.16322314049586778 0.04078549848942598 0.08953168044077135
1 0.7783232628398792 0.1522038567493113 0.04003021148036254 0.09504132231404959
0 0.8024924471299094 0.13292011019283748 0.04154078549848943 0.10881542699724518
1 0.9331570996978852 0.26859504132231404 0.03851963746223565 0.1046831955922865
1 0.8840634441087614 0.29683195592286504 0.026435045317220542 0.09504132231404959
1 0.9629909365558912 0.7148760330578513 0.0513595166163142 0.046831955922865015
1 0.9709214501510574 0.7486225895316805 0.04305135951661632 0.05922865013774105
0 0.9493957703927492 0.6253443526170799 0.054380664652567974 0.05509641873278237
0 0.9731873111782477 0.6287878787878788 0.04758308157099698 0.045454545454545456
1 0.9577039274924471 0.5771349862258953 0.0649546827794562 0.049586776859504134
3 0.9475075528700906 0.5323691460055097 0.06570996978851963 0.05371900826446281
1 0.8372356495468278 0.3615702479338843 0.05664652567975831 0.05647382920110193
0 0.9135196374622356 0.3622589531680441 0.05362537764350453 0.05509641873278237
0 0.9312688821752266 0.4359504132231405 0.05891238670694864 0.045454545454545456
1 0.9331570996978852 0.3973829201101928 0.05664652567975831 0.05647382920110193
0 0.8689577039274925 0.4201101928374656 0.05513595166163142 0.049586776859504134
0 0.870845921450151 0.47865013774104687 0.07099697885196375 0.03994490358126722
0 0.879154078549849 0.5261707988980716 0.061933534743202415 0.04132231404958678
0 0.8870845921450151 0.5771349862258953 0.05513595166163142 0.05785123966942149
0 0.8285498489425982 0.10192837465564739 0.04078549848942598 0.0743801652892562
0 0.8466767371601208 0.21418732782369146 0.03172205438066465 0.10606060606060606
0 0.8591389728096677 0.19834710743801653 0.02945619335347432 0.09366391184573003
0 0.8429003021148036 0.07024793388429752 0.0377643504531722 0.0881542699724518
1 0.8844410876132931 0.17286501377410468 0.03172205438066465 0.10055096418732783
0 0.915785498489426 0.1556473829201102 0.02945619335347432 0.0881542699724518
0 0.949773413897281 0.1590909090909091 0.03851963746223565 0.09504132231404959
0 0.9675226586102719 0.14256198347107438 0.03927492447129909 0.09779614325068871
0 0.8731117824773413 0.06198347107438017 0.030211480362537763 0.09366391184573003
0 0.8976586102719033 0.04269972451790634 0.03851963746223565 0.07713498622589532
