0 0.3806646525679758 0.8727341389728097 0.055891238670694864 0.07175226586102719
2 0.38557401812688824 0.872356495468278 0.0324773413897281 0.03172205438066465
2 0.14577039274924472 0.13972809667673716 0.04984894259818731 0.04380664652567976
0 0.27303625377643503 0.9414652567975831 0.06419939577039276 0.0445619335347432
0 0.29531722054380666 0.975453172205438 0.054380664652567974 0.033987915407854986
1 0.4033232628398791 0.6367069486404834 0.04984894259818731 0.03927492447129909
1 0.4169184290030212 0.6518126888217523 0.04984894259818731 0.03927492447129909
1 0.4278700906344411 0.6638972809667674 0.05060422960725076 0.03625377643504532
0 0.4380664652567976 0.6805135951661632 0.04833836858006042 0.021148036253776436
1 0.5830815709969789 0.9682779456193353 0.03927492447129909 0.04682779456193353
0 0.572129909365559 0.9512839879154078 0.0445619335347432 0.03700906344410876
0 0.5566465256797583 0.9301359516616314 0.019637462235649546 0.04607250755287009
0 0.5430513595166163 0.9150302114803626 0.02416918429003021 0.05362537764350453
0 0.5249244712990937 0.9074773413897281 0.028700906344410877 0.05664652567975831
0 0.5098187311178247 0.8810422960725075 0.0634441087613293 0.027945619335347432
0 0.5 0.8621601208459214 0.05740181268882175 0.02039274924471299
0 0.49886706948640486 0.8383685800604229 0.05362537764350453 0.022658610271903322
0 0.43844410876132933 0.7061933534743202 0.05966767371601209 0.0256797583081571
1 0.4505287009063444 0.7250755287009063 0.06419939577039276 0.01812688821752266
1 0.44222054380664655 0.7405589123867069 0.06419939577039276 0.0188821752265861
1 0.4554380664652568 0.7624622356495468 0.061933534743202415 0.023413897280966767
0 0.46110271903323263 0.7828549848942599 0.07477341389728097 0.023413897280966767
0 0.45996978851963743 0.800226586102719 0.06646525679758308 0.015861027190332326
0 0.47847432024169184 0.8134441087613293 0.05966767371601209 0.021148036253776436
