1 0.5786852589641435 0.1137137989778535 0.12151394422310757 0.01788756388415673
1 0.5647410358565736 0.13884156729131175 0.10557768924302789 0.02385008517887564
1 0.5617529880478087 0.15885860306643954 0.13147410358565736 0.024701873935264056
0 0.602589641434263 0.1682282793867121 0.13745019920318724 0.024701873935264056
1 0.5866533864541833 0.18696763202725725 0.12151394422310757 0.016183986371379896
1 0.599601593625498 0.2061328790459966 0.11553784860557768 0.027257240204429302
1 0.6075697211155379 0.23040885860306645 0.12350597609561753 0.026405451448040886
1 0.5936254980079682 0.25127768313458265 0.16733067729083664 0.022146507666098807
0 0.6105577689243028 0.27597955706984667 0.15737051792828685 0.03577512776831346
0 0.6454183266932271 0.31729131175468483 0.11553784860557768 0.046848381601362864
0 0.6593625498007968 0.3441226575809199 0.11952191235059761 0.027257240204429302
0 0.6723107569721115 0.3645655877342419 0.11354581673306773 0.022146507666098807
0 0.6812749003984063 0.39863713798977857 0.099601593625498 0.05110732538330494
0 0.7141434262948207 0.4190800681431005 0.09362549800796813 0.05281090289608177
0 0.75199203187251 0.43824531516183984 0.061752988047808766 0.048551959114139696
0 0.7669322709163346 0.46976149914821125 0.14741035856573706 0.036626916524701875
1 0.7898406374501992 0.5055366269165247 0.15338645418326693 0.051959114139693355
0 0.8426294820717132 0.5540885860306644 0.11553784860557768 0.05366269165247019
0 0.8754980079681275 0.5643100511073254 0.11354581673306773 0.04514480408858603
1 0.900398406374502 0.5821976149914821 0.10358565737051792 0.046848381601362864
0 0.9312749003984063 0.5971039182282794 0.09760956175298804 0.039182282793867124
1 0.9272908366533864 0.6379897785349233 0.10557768924302789 0.04940374787052811
0 0.9511952191235059 0.6456558773424191 0.08565737051792828 0.04940374787052811
0 0.28187250996015933 0.58603066439523 0.1294820717131474 0.04258943781942078
0 0.17330677290836652 0.2768313458262351 0.1593625498007968 0.03577512776831346
0 0.18725099601593626 0.3113287904599659 0.15139442231075698 0.029812606473594547
0 0.17729083665338646 0.3411413969335605 0.16334661354581673 0.029812606473594547
0 0.14143426294820716 0.444633730834753 0.12350597609561753 0.04258943781942078
0 0.18625498007968128 0.4659284497444634 0.10956175298804781 0.044293015332197615
0 0.1802788844621514 0.4927597955706985 0.09760956175298804 0.05025553662691652
0 0.20119521912350596 0.5302385008517888 0.09561752988047809 0.041737649063032366
0 0.22609561752988047 0.5528109028960818 0.10956175298804781 0.04940374787052811
0 0.5577689243027888 0.784923339011925 0.07171314741035856 0.051959114139693355
1 0.5288844621513944 0.8185689948892675 0.05776892430278884 0.06303236797274277
1 0.6175298804780877 0.8100511073253833 0.06374501992031872 0.06132879045996593
0 0.4910358565737052 0.8292163543441227 0.05776892430278884 0.058773424190800685
0 0.3884462151394422 0.8407155025553663 0.08366533864541832 0.056218057921635436
0 0.4352589641434263 0.8390119250425895 0.053784860557768925 0.06984667802385008
0 0.4601593625498008 0.8300681431005111 0.07171314741035856 0.06047700170357751
0 0.45617529880478086 0.9782793867120955 0.14741035856573706 0.024701873935264056
1 0.5069721115537849 0.9356899488926746 0.07370517928286853 0.065587734241908
0 0.5388446215139442 0.9173764906303237 0.06573705179282868 0.05110732538330494
0 0.5577689243027888 0.907580919931857 0.06772908366533864 0.065587734241908
0 0.600597609561753 0.9114139693356048 0.06573705179282868 0.07325383304940375
0 0.6593625498007968 0.9067291311754685 0.06772908366533864 0.06388415672913117
0 0.7739043824701195 0.9148211243611585 0.14143426294820716 0.04599659284497445
0 0.6683266932270916 0.8198466780238501 0.053784860557768925 0.05536626916524702
1 0.704183266932271 0.823679727427598 0.06573705179282868 0.06643952299829642
0 0.7420318725099602 0.8300681431005111 0.061752988047808766 0.05025553662691652
0 0.7669322709163346 0.8270868824531517 0.043824701195219126 0.05792163543441227
0 0.7918326693227091 0.8313458262350937 0.04183266932270916 0.054514480408858604
1 0.8296812749003984 0.8479557069846678 0.045816733067729085 0.06388415672913117
1 0.8625498007968128 0.8458262350936968 0.06772908366533864 0.06473594548551959
1 0.9163346613545816 0.873083475298126 0.0398406374501992 0.06473594548551959
1 0.9531872509960159 0.8884156729131175 0.045816733067729085 0.06814310051107325
