1 0.48225075528700906 0.2545317220543807 0.07628398791540786 0.03927492447129909
0 0.48489425981873113 0.25604229607250756 0.07401812688821752 0.03323262839879154
0 0.48413897280966767 0.21525679758308158 0.08459214501510574 0.03172205438066465
0 0.46034743202416917 0.18693353474320243 0.07930513595166164 0.02945619335347432
0 0.44222054380664655 0.12424471299093656 0.07477341389728097 0.026435045317220542
1 0.4716767371601208 0.14765861027190333 0.05211480362537765 0.06268882175226587
0 0.4131419939577039 0.05626888217522659 0.0755287009063444 0.02190332326283988
0 0.4093655589123867 0.07137462235649547 0.06646525679758308 0.02039274924471299
0 0.5623111782477341 0.029833836858006044 0.06722054380664652 0.03700906344410876
0 0.5902567975830816 0.04418429003021148 0.07326283987915408 0.03700906344410876
0 0.5917673716012085 0.0668429003021148 0.04758308157099698 0.0445619335347432
0 0.6185800604229608 0.08270392749244714 0.0634441087613293 0.04607250755287009
0 0.6151812688821753 0.12386706948640483 0.035498489425981876 0.06646525679758308
0 0.6280211480362538 0.22507552870090636 0.0581570996978852 0.04380664652567976
0 0.676737160120846 0.2212990936555891 0.05740181268882175 0.04229607250755287
0 0.6638972809667674 0.19750755287009064 0.054380664652567974 0.02945619335347432
1 0.7205438066465257 0.17560422960725075 0.0377643504531722 0.06117824773413897
1 0.7447129909365559 0.17182779456193353 0.0256797583081571 0.05362537764350453
1 0.8391238670694864 0.13406344410876134 0.03474320241691843 0.07930513595166164
0 0.7651057401812689 0.1714501510574018 0.02416918429003021 0.06948640483383686
0 0.7741691842900302 0.15634441087613293 0.027190332326283987 0.0634441087613293
0 0.7926737160120846 0.16314199395770393 0.024924471299093656 0.08006042296072508
0 0.8145770392749244 0.15483383685800603 0.027945619335347432 0.0649546827794562
0 0.5241691842900302 0.3459214501510574 0.07854984894259819 0.04229607250755287
0 0.5456948640483383 0.37575528700906347 0.0581570996978852 0.024924471299093656
0 0.5717522658610272 0.4535498489425982 0.07250755287009064 0.033987915407854986
2 0.6283987915407855 0.472809667673716 0.0256797583081571 0.030211480362537763
2 0.6321752265861027 0.5045317220543807 0.030211480362537763 0.03474320241691843
0 0.8323262839879154 0.2945619335347432 0.06646525679758308 0.03474320241691843
0 0.8160876132930514 0.32326283987915405 0.06570996978851963 0.03323262839879154
0 0.8157099697885196 0.35007552870090636 0.0770392749244713 0.03700906344410876
0 0.6891993957703928 0.3402567975830816 0.0445619335347432 0.0702416918429003
0 0.7496223564954683 0.34365558912386707 0.04909365558912387 0.052870090634441085
1 0.7156344410876133 0.39841389728096677 0.04305135951661632 0.07779456193353475
0 0.7341389728096677 0.4180513595166163 0.055891238670694864 0.03851963746223565
0 0.7518882175226587 0.43731117824773413 0.04305135951661632 0.052870090634441085
1 0.7609516616314199 0.4788519637462236 0.04003021148036254 0.07099697885196375
0 0.7870090634441088 0.5101963746223565 0.0755287009063444 0.05060422960725076
0 0.7828549848942599 0.5460725075528701 0.03851963746223565 0.05740181268882175
1 0.8055135951661632 0.551737160120846 0.05211480362537765 0.030966767371601207
0 0.8085347432024169 0.5717522658610272 0.05966767371601209 0.03625377643504532
0 0.8202416918429003 0.5966767371601208 0.0649546827794562 0.03323262839879154
0 0.8296827794561934 0.6159365558912386 0.06268882175226587 0.05362537764350453
0 0.5925226586102719 0.4716767371601208 0.05966767371601209 0.026435045317220542
0 0.5985649546827795 0.5090634441087614 0.06570996978851963 0.03474320241691843
0 0.6076283987915407 0.5419184290030211 0.06570996978851963 0.04305135951661632
0 0.6351963746223565 0.5959214501510574 0.061933534743202415 0.03323262839879154
0 0.8897280966767371 0.1129154078549849 0.04682779456193353 0.07930513595166164
0 0.9305135951661632 0.09441087613293052 0.04682779456193353 0.07401812688821752
0 0.9633685800604229 0.0789274924471299 0.0445619335347432 0.07477341389728097
0 0.8867069486404834 0.30249244712990936 0.0634441087613293 0.02945619335347432
0 0.8734894259818731 0.3300604229607251 0.06722054380664652 0.03323262839879154
0 0.9055891238670695 0.290785498489426 0.04833836858006042 0.07250755287009064
0 0.956570996978852 0.2858761329305136 0.05664652567975831 0.08987915407854985
0 0.9697885196374623 0.2628398791540785 0.054380664652567974 0.07099697885196375
0 0.6525679758308157 0.6325528700906344 0.0634441087613293 0.026435045317220542
0 0.6801359516616314 0.7046827794561934 0.0823262839879154 0.03172205438066465
0 0.8440332326283988 0.672583081570997 0.05664652567975831 0.035498489425981876
0 0.854607250755287 0.7073262839879154 0.05513595166163142 0.05060422960725076
0 0.8780211480362538 0.7345166163141994 0.06570996978851963 0.04154078549848943
0 0.9003021148036254 0.7507552870090635 0.07250755287009064 0.03323262839879154
0 0.8889728096676737 0.7715256797583081 0.05891238670694864 0.02945619335347432
0 0.9093655589123867 0.7949395770392749 0.055891238670694864 0.04154078549848943
0 0.9237160120845922 0.8126888217522659 0.0634441087613293 0.03474320241691843
0 0.9176737160120846 0.8455438066465257 0.04078549848942598 0.05513595166163142
0 0.7194108761329305 0.8111782477341389 0.0581570996978852 0.013595166163141994
0 0.7288519637462235 0.8323262839879154 0.060422960725075525 0.019637462235649546
0 0.7367824773413897 0.8481873111782477 0.05362537764350453 0.021148036253776436
0 0.7439577039274925 0.861404833836858 0.045317220543806644 0.023413897280966767
0 0.7881419939577039 0.9335347432024169 0.06268882175226587 0.03625377643504532
0 0.7768126888217523 0.9086102719033232 0.05966767371601209 0.027190332326283987
0 0.7129909365558912 0.7870090634441088 0.060422960725075525 0.028700906344410877
1 0.7027945619335347 0.7382930513595166 0.07477341389728097 0.0324773413897281
1 0.6616314199395771 0.6642749244712991 0.0755287009063444 0.023413897280966767
1 0.952416918429003 0.8927492447129909 0.04833836858006042 0.06797583081570997
1 0.9792296072507553 0.9376888217522659 0.033987915407854986 0.07477341389728097
