0 0.06573705179282868 0.1491691842900302 0.13147410358565736 0.02039274924471299
0 0.09561752988047809 0.1729607250755287 0.17131474103585656 0.022658610271903322
1 0.11354581673306773 0.19184290030211482 0.16334661354581673 0.022658610271903322
0 0.14442231075697212 0.2156344410876133 0.1693227091633466 0.026435045317220542
0 0.17031872509960158 0.24018126888217523 0.18127490039840638 0.028700906344410877
0 0.19123505976095617 0.2673716012084592 0.16733067729083664 0.021148036253776436
0 0.18725099601593626 0.2843655589123867 0.14342629482071712 0.023413897280966767
0 0.23107569721115537 0.3066465256797583 0.18725099601593626 0.01661631419939577
1 0.23705179282868524 0.33496978851963743 0.16334661354581673 0.033987915407854986
0 0.28087649402390436 0.3568731117824773 0.17928286852589642 0.023413897280966767
0 0.300796812749004 0.3840634441087613 0.17131474103585656 0.02039274924471299
0 0.29780876494023906 0.3972809667673716 0.17729083665338646 0.02416918429003021
0 0.30876494023904383 0.41465256797583083 0.16334661354581673 0.02416918429003021
0 0.347609561752988 0.4259818731117825 0.17729083665338646 0.021148036253776436
0 0.3665338645418327 0.45581570996978854 0.17131474103585656 0.017371601208459216
0 0.39243027888446214 0.4792296072507553 0.1752988047808765 0.02945619335347432
1 0.4093625498007968 0.5086858006042296 0.17330677290836652 0.0324773413897281
0 0.5806772908366534 0.5124622356495468 0.09362549800796813 0.05513595166163142
0 0.6703187250996016 0.4947129909365559 0.10159362549800796 0.052870090634441085
0 0.4362549800796813 0.5490936555891238 0.14342629482071712 0.0377643504531722
0 0.5258964143426295 0.540785498489426 0.06374501992031872 0.07099697885196375
0 0.08266932270916334 0.5143504531722054 0.16533864541832669 0.030211480362537763
0 0.07569721115537849 0.5305891238670695 0.14342629482071712 0.027945619335347432
0 0.13745019920318724 0.5638217522658611 0.16733067729083664 0.02039274924471299
0 0.14442231075697212 0.5834592145015106 0.17729083665338646 0.02190332326283988
0 0.16832669322709162 0.5989425981873112 0.16533864541832669 0.01812688821752266
0 0.13844621513944222 0.6121601208459214 0.17729083665338646 0.02039274924471299
0 0.16135458167330677 0.6265105740181269 0.17928286852589642 0.02190332326283988
0 0.10756972111553785 0.6397280966767371 0.20318725099601592 0.021148036253776436
1 0.48904382470119523 0.9618580060422961 0.10557768924302789 0.06722054380664652
1 0.601593625498008 0.9509063444108762 0.11155378486055777 0.061933534743202415
0 0.6573705179282868 0.9403323262839879 0.12350597609561753 0.061933534743202415
0 0.7161354581673307 0.9199395770392749 0.10956175298804781 0.05740181268882175
1 0.7758964143426295 0.8878398791540786 0.12151394422310757 0.06268882175226587
1 0.851593625498008 0.8833081570996979 0.1294820717131474 0.0581570996978852
0 0.9173306772908366 0.8772658610271903 0.10159362549800796 0.05211480362537765
0 0.9641434262948207 0.861404833836858 0.06374501992031872 0.04909365558912387
0 0.07768924302788845 0.4860271903323263 0.1593625498007968 0.0188821752265861
0 0.0647410358565737 0.4735649546827795 0.1294820717131474 0.01661631419939577
