3 0.8255287009063444 0.6808912386706949 0.17371601208459214 0.12764350453172205
0 0.47507552870090636 0.04003021148036254 0.03927492447129909 0.03172205438066465
0 0.49244712990936557 0.02530211480362538 0.0377643504531722 0.033987915407854986
0 0.5169939577039275 0.08383685800604229 0.06117824773413897 0.03323262839879154
0 0.55702416918429 0.05702416918429003 0.05060422960725076 0.04154078549848943
1 0.5362537764350453 0.06797583081570997 0.03474320241691843 0.03625377643504532
0 0.5827039274924471 0.04267371601208459 0.02945619335347432 0.06722054380664652
0 0.6064954682779456 0.040407854984894256 0.030211480362537763 0.05211480362537765
0 0.6408610271903323 0.03700906344410876 0.04003021148036254 0.04984894259818731
0 0.6166918429003021 0.027190332326283987 0.027945619335347432 0.03927492447129909
0 0.6514350453172205 0.024924471299093656 0.04154078549848943 0.045317220543806644
0 0.6812688821752266 0.03134441087613293 0.0377643504531722 0.04607250755287009
0 0.5796827794561934 0.34629909365558914 0.026435045317220542 0.05362537764350453
2 0.6057401812688822 0.37197885196374625 0.030211480362537763 0.0324773413897281
1 0.6246223564954683 0.35007552870090636 0.027190332326283987 0.06117824773413897
0 0.6438821752265861 0.33270392749244715 0.03700906344410876 0.06117824773413897
2 0.9373111782477341 0.023036253776435044 0.04380664652567976 0.03851963746223565
1 0.9531722054380665 0.952416918429003 0.055891238670694864 0.04078549848942598
0 0.9384441087613293 0.9154078549848943 0.05211480362537765 0.03927492447129909
0 0.9335347432024169 0.8772658610271903 0.04682779456193353 0.04305135951661632
1 0.9229607250755287 0.8564954682779456 0.0513595166163142 0.03625377643504532
0 0.9206948640483383 0.8330815709969789 0.0513595166163142 0.0377643504531722
0 0.9475075528700906 0.6884441087613293 0.05211480362537765 0.027945619335347432
0 0.9603474320241692 0.7084592145015106 0.05362537764350453 0.0256797583081571
0 0.9633685800604229 0.7265861027190332 0.05362537764350453 0.027190332326283987
0 0.9509063444108762 0.18693353474320243 0.054380664652567974 0.04154078549848943
0 0.925226586102719 0.20657099697885195 0.0377643504531722 0.03851963746223565
0 0.972809667673716 0.22885196374622357 0.04833836858006042 0.03927492447129909
0 0.9633685800604229 0.2571752265861027 0.04758308157099698 0.04305135951661632
0 0.9561933534743202 0.27416918429003023 0.04833836858006042 0.045317220543806644
0 0.9282477341389728 0.27152567975830816 0.054380664652567974 0.04607250755287009
0 0.9135196374622356 0.2877643504531722 0.04003021148036254 0.04380664652567976
1 0.8882175226586103 0.20166163141993956 0.04380664652567976 0.055891238670694864
0 0.8674471299093656 0.23187311178247735 0.024924471299093656 0.054380664652567974
0 0.8413897280966768 0.2311178247734139 0.04229607250755287 0.04682779456193353
0 0.8141993957703928 0.2481117824773414 0.03625377643504532 0.05211480362537765
0 0.7998489425981873 0.2737915407854985 0.045317220543806644 0.05362537764350453
0 0.7654833836858006 0.2843655589123867 0.04758308157099698 0.06117824773413897
0 0.7386706948640483 0.2994712990936556 0.04682779456193353 0.05966767371601209
0 0.7126132930513596 0.3164652567975831 0.0324773413897281 0.0513595166163142
0 0.6854229607250756 0.3357250755287009 0.04003021148036254 0.05664652567975831
0 0.6287764350453172 0.4418429003021148 0.04154078549848943 0.06797583081570997
0 0.6604984894259819 0.4342900302114804 0.04003021148036254 0.05891238670694864
0 0.6880664652567976 0.4112537764350453 0.045317220543806644 0.04758308157099698
0 0.7107250755287009 0.3931268882175227 0.04380664652567976 0.04758308157099698
1 0.7352719033232629 0.3712235649546828 0.02945619335347432 0.05513595166163142
0 0.7707703927492447 0.36555891238670696 0.03700906344410876 0.0649546827794562
0 0.7990936555891238 0.3632930513595166 0.03323262839879154 0.055891238670694864
0 0.8194864048338368 0.3493202416918429 0.04078549848942598 0.06117824773413897
0 0.8557401812688822 0.3285498489425982 0.03323262839879154 0.052870090634441085
0 0.8821752265861027 0.32137462235649544 0.028700906344410877 0.03700906344410876
0 0.6797583081570997 0.574773413897281 0.03474320241691843 0.04833836858006042
0 0.706570996978852 0.5649546827794562 0.033987915407854986 0.055891238670694864
0 0.726963746223565 0.552870090634441 0.033987915407854986 0.045317220543806644
0 0.7492447129909365 0.5509818731117825 0.028700906344410877 0.04909365558912387
0 0.770392749244713 0.5445619335347432 0.030211480362537763 0.045317220543806644
0 0.7960725075528701 0.540785498489426 0.03323262839879154 0.0377643504531722
0 0.8187311178247734 0.5464501510574018 0.027190332326283987 0.035498489425981876
0 0.824773413897281 0.5328549848942599 0.03474320241691843 0.05211480362537765
0 0.8659365558912386 0.5358761329305136 0.033987915407854986 0.04909365558912387
0 0.888595166163142 0.5166163141993958 0.04003021148036254 0.06646525679758308
0 0.9150302114803626 0.5018882175226587 0.02190332326283988 0.05513595166163142
0 0.9274924471299094 0.4792296072507553 0.028700906344410877 0.06570996978851963
0 0.9539274924471299 0.4916918429003021 0.03474320241691843 0.055891238670694864
0 0.9093655589123867 0.31797583081570996 0.0513595166163142 0.04833836858006042
