3 0.5011329305135952 0.5883685800604229 0.17447129909365558 0.18277945619335348
3 0.9365558912386707 0.9154078549848943 0.12386706948640483 0.13746223564954682
0 0.4331570996978852 0.23413897280966767 0.04003021148036254 0.07099697885196375
0 0.4070996978851964 0.20657099697885195 0.028700906344410877 0.0702416918429003
0 0.3783987915407855 0.19070996978851965 0.03323262839879154 0.08534743202416918
0 0.3527190332326284 0.18277945619335348 0.0377643504531722 0.08459214501510574
0 0.30249244712990936 0.131797583081571 0.030966767371601207 0.0702416918429003
0 0.2809667673716012 0.1148036253776435 0.027190332326283987 0.06797583081570997
0 0.2556646525679758 0.1027190332326284 0.04003021148036254 0.0755287009063444
0 0.22167673716012085 0.07817220543806647 0.04003021148036254 0.06873111782477341
1 0.20090634441087613 0.06873111782477341 0.03474320241691843 0.06797583081570997
0 0.17182779456193353 0.05362537764350453 0.04003021148036254 0.07099697885196375
0 0.1537009063444109 0.03700906344410876 0.03700906344410876 0.060422960725075525
0 0.03474320241691843 0.3081570996978852 0.061933534743202415 0.03323262839879154
0 0.026812688821752265 0.270392749244713 0.04909365558912387 0.04682779456193353
0 0.2945619335347432 0.4735649546827795 0.04833836858006042 0.06797583081570997
0 0.20770392749244712 0.48753776435045315 0.052870090634441085 0.0445619335347432
1 0.26321752265861026 0.4792296072507553 0.04003021148036254 0.0581570996978852
1 0.22243202416918428 0.4705438066465257 0.0581570996978852 0.0513595166163142
0 0.18995468277945618 0.5120845921450151 0.04607250755287009 0.04229607250755287
0 0.17711480362537765 0.5305891238670695 0.04607250755287009 0.03700906344410876
0 0.16012084592145015 0.5558912386706949 0.0513595166163142 0.04229607250755287
0 0.13632930513595165 0.573262839879154 0.0445619335347432 0.04833836858006042
0 0.1163141993957704 0.599320241691843 0.052870090634441085 0.04003021148036254
0 0.10687311178247734 0.6095166163141994 0.05664652567975831 0.03927492447129909
0 0.08761329305135952 0.6227341389728097 0.05891238670694864 0.04003021148036254
0 0.08081570996978851 0.6465256797583081 0.05891238670694864 0.04078549848942598
0 0.0634441087613293 0.6627643504531722 0.055891238670694864 0.04003021148036254
0 0.05324773413897281 0.6922205438066465 0.06268882175226587 0.0445619335347432
0 0.028700906344410877 0.7137462235649547 0.054380664652567974 0.04229607250755287
