1 0.2194108761329305 0.0634441087613293 0.0581570996978852 0.04682779456193353
1 0.2639728096676737 0.16729607250755288 0.07175226586102719 0.04758308157099698
0 0.26435045317220546 0.22054380664652568 0.07250755287009064 0.045317220543806644
1 0.2828549848942598 0.26661631419939574 0.06873111782477341 0.05740181268882175
1 0.34516616314199394 0.45317220543806647 0.0649546827794562 0.0513595166163142
0 0.3878398791540785 0.5479607250755287 0.08383685800604229 0.05966767371601209
1 0.17069486404833836 0.20090634441087613 0.0770392749244713 0.04078549848942598
1 0.14954682779456194 0.13028700906344412 0.061933534743202415 0.035498489425981876
1 0.13255287009063443 0.08421450151057402 0.05362537764350453 0.030966767371601207
0 0.13708459214501512 0.10158610271903323 0.05513595166163142 0.027945619335347432
1 0.1027190332326284 0.013217522658610271 0.061933534743202415 0.023413897280966767
0 0.11253776435045318 0.03474320241691843 0.06948640483383686 0.0377643504531722
0 0.12764350453172205 0.05966767371601209 0.05740181268882175 0.03323262839879154
0 0.1627643504531722 0.16540785498489427 0.05060422960725076 0.0377643504531722
0 0.4033232628398791 0.9803625377643505 0.07250755287009064 0.022658610271903322
0 0.39086102719033233 0.9407099697885196 0.0581570996978852 0.0188821752265861
0 0.3961480362537764 0.9203172205438066 0.05211480362537765 0.017371601208459216
0 0.40294561933534745 0.9014350453172205 0.06268882175226587 0.0188821752265861
0 0.4108761329305136 0.9599697885196374 0.0649546827794562 0.019637462235649546
1 0.38821752265861026 0.879154078549849 0.0649546827794562 0.01661631419939577
1 0.3731117824773414 0.8648036253776435 0.055891238670694864 0.030211480362537763
1 0.37386706948640486 0.8432779456193353 0.06797583081570997 0.0324773413897281
0 0.3632930513595166 0.8130664652567976 0.060422960725075525 0.027945619335347432
1 0.33496978851963743 0.7605740181268882 0.06268882175226587 0.04229607250755287
1 0.34629909365558914 0.7809667673716012 0.06570996978851963 0.028700906344410877
0 0.3391238670694864 0.7273413897280967 0.061933534743202415 0.03474320241691843
1 0.3187311178247734 0.7088368580060423 0.0755287009063444 0.0188821752265861
0 0.32779456193353473 0.6880664652567976 0.061933534743202415 0.022658610271903322
0 0.3168429003021148 0.6578549848942599 0.06117824773413897 0.021148036253776436
0 0.297583081570997 0.6299093655589124 0.061933534743202415 0.030211480362537763
0 0.2938066465256798 0.6053625377643505 0.05740181268882175 0.027945619335347432
1 0.2824773413897281 0.5781722054380665 0.0634441087613293 0.02945619335347432
0 0.27341389728096677 0.5494712990936556 0.0634441087613293 0.02945619335347432
1 0.2654833836858006 0.5219033232628398 0.06873111782477341 0.02416918429003021
0 0.18013595166163143 0.24584592145015105 0.06570996978851963 0.02945619335347432
0 0.18693353474320243 0.27605740181268884 0.06873111782477341 0.035498489425981876
0 0.20166163141993956 0.30891238670694865 0.07250755287009064 0.03474320241691843
0 0.21336858006042297 0.3402567975830816 0.07175226586102719 0.024924471299093656
0 0.21185800604229607 0.3648036253776435 0.05664652567975831 0.03474320241691843
0 0.21827794561933533 0.3935045317220544 0.06948640483383686 0.030211480362537763
0 0.23716012084592145 0.4199395770392749 0.0634441087613293 0.028700906344410877
1 0.24282477341389727 0.44448640483383683 0.08081570996978851 0.026435045317220542
1 0.236404833836858 0.4697885196374622 0.06948640483383686 0.02416918429003021
0 0.26057401812688824 0.49509063444108764 0.06646525679758308 0.027945619335347432
