3 0.18126888217522658 0.030211480362537763 0.17371601208459214 0.061933534743202415
3 0.21638972809667673 0.2722809667673716 0.16540785498489427 0.09290030211480363
3 0.22243202416918428 0.4342900302114804 0.16540785498489427 0.08157099697885196
3 0.2262084592145015 0.5336102719033232 0.15181268882175228 0.06722054380664652
3 0.22243202416918428 0.6110271903323263 0.16540785498489427 0.08761329305135952
3 0.2239425981873112 0.7239425981873112 0.15181268882175228 0.07930513595166164
3 0.2688821752265861 0.9403323262839879 0.14652567975830816 0.08459214501510574
2 0.6491691842900302 0.01283987915407855 0.035498489425981876 0.027190332326283987
2 0.7424471299093656 0.8255287009063444 0.03323262839879154 0.028700906344410877
0 0.7462235649546828 0.8183534743202416 0.0256797583081571 0.06117824773413897
0 0.5169939577039275 0.915785498489426 0.0324773413897281 0.05513595166163142
2 0.5132175226586103 0.9203172205438066 0.02945619335347432 0.026435045317220542
2 0.9675226586102719 0.45770392749244715 0.030211480362537763 0.027190332326283987
1 0.9690332326283988 0.4433534743202417 0.05891238670694864 0.03172205438066465
2 0.966012084592145 0.5487160120845922 0.03625377643504532 0.04305135951661632
