3 0.47583081570996977 0.44033232628398794 0.18126888217522658 0.16163141993957703
3 0.131797583081571 0.5037764350453172 0.18202416918429004 0.1646525679758308
3 0.0634441087613293 0.18768882175226587 0.11782477341389729 0.14274924471299094
2 0.1797583081570997 0.4478851963746224 0.03927492447129909 0.03323262839879154
0 0.19259818731117825 0.4490181268882175 0.08006042296072508 0.05211480362537765
0 0.1510574018126888 0.23791540785498488 0.0634441087613293 0.05891238670694864
0 0.15483383685800603 0.26623867069486407 0.04833836858006042 0.04003021148036254
1 0.18995468277945618 0.25868580060422963 0.04154078549848943 0.0702416918429003
0 0.21827794561933533 0.2775679758308157 0.03625377643504532 0.0702416918429003
0 0.24584592145015105 0.28889728096676737 0.03700906344410876 0.05966767371601209
0 0.26774924471299094 0.30362537764350456 0.033987915407854986 0.060422960725075525
0 0.29154078549848944 0.31722054380664655 0.03474320241691843 0.05891238670694864
0 0.32061933534743203 0.338368580060423 0.03700906344410876 0.05891238670694864
0 0.3406344410876133 0.3568731117824773 0.045317220543806644 0.06117824773413897
0 0.36027190332326287 0.3648036253776435 0.0377643504531722 0.061933534743202415
1 0.38821752265861026 0.3768882175226586 0.03625377643504532 0.0634441087613293
0 0.030211480362537763 0.44033232628398794 0.0377643504531722 0.06948640483383686
0 0.5895015105740181 0.49773413897280966 0.05664652567975831 0.060422960725075525
0 0.6042296072507553 0.5169939577039275 0.052870090634441085 0.04003021148036254
0 0.6348187311178247 0.5370090634441088 0.033987915407854986 0.0755287009063444
0 0.6646525679758308 0.5532477341389728 0.052870090634441085 0.05060422960725076
0 0.6808912386706949 0.56797583081571 0.04607250755287009 0.0634441087613293
0 0.7307401812688822 0.5940332326283988 0.02945619335347432 0.06873111782477341
0 0.7692598187311178 0.6091389728096677 0.06722054380664652 0.04154078549848943
0 0.8013595166163142 0.6302870090634441 0.04078549848942598 0.05362537764350453
0 0.8089123867069486 0.6540785498489426 0.04984894259818731 0.04380664652567976
0 0.8296827794561934 0.6559667673716012 0.033987915407854986 0.05966767371601209
0 0.8508308157099698 0.6688066465256798 0.04003021148036254 0.05211480362537765
0 0.8829305135951662 0.6903323262839879 0.03625377643504532 0.06646525679758308
0 0.9452416918429003 0.7352719033232629 0.030966767371601207 0.06268882175226587
0 0.9690332326283988 0.7511329305135952 0.03625377643504532 0.06117824773413897
1 0.9176737160120846 0.7145015105740181 0.02416918429003021 0.06797583081570997
0 0.2601963746223565 0.604607250755287 0.04154078549848943 0.06570996978851963
0 0.28058912386706947 0.601963746223565 0.02945619335347432 0.05891238670694864
0 0.30891238670694865 0.6363293051359517 0.04078549848942598 0.06117824773413897
0 0.33799093655589124 0.6510574018126888 0.03851963746223565 0.05891238670694864
0 0.3610271903323263 0.6740936555891238 0.030211480362537763 0.06722054380664652
0 0.37990936555891236 0.6797583081570997 0.030211480362537763 0.061933534743202415
0 0.3935045317220544 0.6895770392749244 0.028700906344410877 0.06797583081570997
0 0.4195619335347432 0.7005287009063444 0.0324773413897281 0.0702416918429003
1 0.4467522658610272 0.7114803625377644 0.035498489425981876 0.08006042296072508
0 0.47507552870090636 0.7401812688821753 0.03474320241691843 0.0770392749244713
1 0.5033987915407855 0.7545317220543807 0.035498489425981876 0.07401812688821752
0 0.5305891238670695 0.7628398791540786 0.04003021148036254 0.07250755287009064
0 0.5589123867069486 0.7775679758308157 0.028700906344410877 0.07175226586102719
0 0.5781722054380665 0.7866314199395771 0.02945619335347432 0.07175226586102719
0 0.5947885196374623 0.8074018126888217 0.02945619335347432 0.07250755287009064
0 0.6129154078549849 0.8157099697885196 0.03700906344410876 0.0649546827794562
0 0.6306646525679759 0.8255287009063444 0.0377643504531722 0.06646525679758308
0 0.6601208459214502 0.8474320241691843 0.03927492447129909 0.0634441087613293
0 0.7167673716012085 0.8912386706948641 0.0377643504531722 0.06948640483383686
0 0.7737915407854985 0.9297583081570997 0.02945619335347432 0.06797583081570997
0 0.7904078549848943 0.9391993957703928 0.030966767371601207 0.06570996978851963
0 0.822129909365559 0.9505287009063444 0.03851963746223565 0.06268882175226587
0 0.8372356495468278 0.9648791540785498 0.03700906344410876 0.06117824773413897
0 0.745845921450151 0.8931268882175226 0.033987915407854986 0.06268882175226587
1 0.6880664652567976 0.8557401812688822 0.03927492447129909 0.07401812688821752
