2 0.07779456193353475 0.22038567493112948 0.028700906344410877 0.06336088154269973
1 0.08081570996978851 0.20730027548209368 0.03927492447129909 0.10881542699724518
1 0.23602719033232628 0.3684573002754821 0.06268882175226587 0.04269972451790634
0 0.24471299093655588 0.5991735537190083 0.05891238670694864 0.04132231404958678
2 0.2756797583081571 0.25757575757575757 0.03323262839879154 0.05509641873278237
2 0.2794561933534743 0.2926997245179063 0.03172205438066465 0.05371900826446281
2 0.31608761329305135 0.1184573002754821 0.03700906344410876 0.049586776859504134
1 0.31910876132930516 0.10399449035812672 0.06570996978851963 0.045454545454545456
0 0.5222809667673716 0.11294765840220386 0.05664652567975831 0.06336088154269973
2 0.5196374622356495 0.11088154269972453 0.02416918429003021 0.05371900826446281
2 0.6080060422960725 0.2059228650137741 0.0256797583081571 0.06473829201101929
3 0.6049848942598187 0.3071625344352617 0.16314199395770393 0.14325068870523416
3 0.6080060422960725 0.5530303030303031 0.17371601208459214 0.16115702479338845
3 0.6091389728096677 0.8057851239669421 0.17900302114803626 0.13774104683195593
2 0.6340634441087614 0.9325068870523416 0.04003021148036254 0.07162534435261708
