0 0.9113545816733067 0.36744712990936557 0.1294820717131474 0.04154078549848943
0 0.8745019920318725 0.3935045317220544 0.11553784860557768 0.04078549848942598
0 0.8326693227091634 0.42182779456193353 0.13545816733067728 0.0445619335347432
0 0.7440239043824701 0.4656344410876133 0.11354581673306773 0.04607250755287009
0 0.704183266932271 0.48678247734138974 0.1254980079681275 0.035498489425981876
0 0.6653386454183267 0.5139728096676737 0.09561752988047809 0.05060422960725076
0 0.6175298804780877 0.5320996978851964 0.12350597609561753 0.04305135951661632
0 0.6075697211155379 0.7311178247734139 0.10358565737051792 0.04229607250755287
0 0.05179282868525896 0.706570996978852 0.09561752988047809 0.05513595166163142
0 0.1254980079681275 0.6990181268882175 0.07171314741035856 0.05060422960725076
0 0.15338645418326693 0.6888217522658611 0.08366533864541832 0.05740181268882175
0 0.20119521912350596 0.6846676737160121 0.07171314741035856 0.05664652567975831
0 0.2589641434262948 0.6786253776435045 0.08366533864541832 0.05362537764350453
0 0.31673306772908366 0.6555891238670695 0.08764940239043825 0.052870090634441085
0 0.37350597609561753 0.6529456193353474 0.09760956175298804 0.05664652567975831
0 0.4262948207171315 0.6404833836858006 0.09163346613545817 0.04984894259818731
0 0.47609561752988044 0.6197129909365559 0.09561752988047809 0.05060422960725076
0 0.5209163346613546 0.6064954682779456 0.10557768924302789 0.052870090634441085
0 0.546812749003984 0.5902567975830816 0.10956175298804781 0.05362537764350453
0 0.5717131474103585 0.5615558912386707 0.09163346613545817 0.04909365558912387
0 0.6165338645418327 0.5600453172205438 0.10956175298804781 0.04758308157099698
0 0.852589641434263 0.6170694864048338 0.1553784860557769 0.028700906344410877
0 0.8376494023904383 0.6431268882175226 0.14143426294820716 0.023413897280966767
0 0.7559760956175299 0.6737160120845922 0.1454183266932271 0.0256797583081571
0 0.8426294820717132 0.7016616314199395 0.15139442231075698 0.0256797583081571
0 0.8037848605577689 0.7205438066465257 0.1852589641434263 0.030211480362537763
0 0.8884462151394422 0.672583081570997 0.16334661354581673 0.0324773413897281
0 0.6444223107569721 0.7688821752265861 0.15737051792828685 0.02416918429003021
0 0.704183266932271 0.743202416918429 0.1294820717131474 0.022658610271903322
0 0.6065737051792829 0.7809667673716012 0.20517928286852588 0.027190332326283987
0 0.6245019920318725 0.8024924471299094 0.14940239043824702 0.024924471299093656
0 0.5966135458167331 0.8243957703927492 0.15338645418326693 0.02945619335347432
0 0.5438247011952191 0.8542296072507553 0.18326693227091634 0.028700906344410877
0 0.5268924302788844 0.8829305135951662 0.16533864541832669 0.030211480362537763
0 0.5069721115537849 0.899546827794562 0.15737051792828685 0.02416918429003021
0 0.4133466135458167 0.9176737160120846 0.1254980079681275 0.0256797583081571
0 0.5149402390438247 0.927870090634441 0.14143426294820716 0.02945619335347432
0 0.45717131474103584 0.9410876132930514 0.13745019920318724 0.022658610271903322
0 0.4960159362549801 0.9527945619335347 0.14741035856573706 0.026435045317220542
0 0.49800796812749004 0.9739425981873112 0.1553784860557769 0.033987915407854986
