0 0.7888972809667674 0.10989425981873112 0.04909365558912387 0.06722054380664652
2 0.7873867069486404 0.10498489425981873 0.0324773413897281 0.03474320241691843
2 0.7175226586102719 0.4199395770392749 0.027190332326283987 0.03927492447129909
0 0.4550604229607251 0.745845921450151 0.05966767371601209 0.04154078549848943
0 0.6487915407854985 0.7685045317220544 0.061933534743202415 0.04003021148036254
0 0.49924471299093653 0.7847432024169184 0.03172205438066465 0.0513595166163142
0 0.6593655589123867 0.800226586102719 0.0513595166163142 0.030966767371601207
0 0.6132930513595166 0.8051359516616314 0.04229607250755287 0.03625377643504532
0 0.658987915407855 0.8474320241691843 0.0581570996978852 0.03323262839879154
0 0.648036253776435 0.8802870090634441 0.05891238670694864 0.024924471299093656
0 0.6476586102719033 0.9010574018126888 0.05211480362537765 0.01812688821752266
0 0.5811933534743202 0.9040785498489426 0.0445619335347432 0.0256797583081571
0 0.4656344410876133 0.8285498489425982 0.05513595166163142 0.02416918429003021
0 0.4618580060422961 0.8610271903323263 0.05513595166163142 0.019637462235649546
0 0.45959214501510576 0.8867069486404834 0.05513595166163142 0.0256797583081571
0 0.45996978851963743 0.915785498489426 0.05891238670694864 0.035498489425981876
0 0.4550604229607251 0.9731873111782477 0.04909365558912387 0.024924471299093656
0 0.6537009063444109 0.959214501510574 0.06117824773413897 0.03323262839879154
0 0.6544561933534743 0.9833836858006042 0.05513595166163142 0.028700906344410877
