0 0.827416918429003 0.5770868824531517 0.05664652567975831 0.03833049403747871
0 0.8372356495468278 0.6137137989778535 0.06117824773413897 0.04003407155025554
0 0.8459214501510574 0.661839863713799 0.0649546827794562 0.04258943781942078
0 0.8644259818731118 0.7035775127768313 0.06570996978851963 0.03747870528109029
0 0.8950151057401813 0.8083475298126065 0.061933534743202415 0.05281090289608177
0 0.9055891238670695 0.8428449744463373 0.052870090634441085 0.041737649063032366
0 0.7273413897280967 0.4071550255536627 0.045317220543806644 0.06473594548551959
0 0.7031722054380665 0.39395229982964225 0.055891238670694864 0.07410562180579217
0 0.6185800604229608 0.389267461669506 0.04984894259818731 0.07155025553662692
0 0.5879909365558912 0.4007666098807496 0.02945619335347432 0.065587734241908
0 0.5498489425981873 0.3854344122657581 0.028700906344410877 0.07410562180579217
0 0.5287009063444109 0.39395229982964225 0.03172205438066465 0.06729131175468483
0 0.48527190332326287 0.3952299829642249 0.03851963746223565 0.06643952299829642
0 0.4671450151057402 0.4071550255536627 0.027945619335347432 0.06132879045996593
0 0.4399546827794562 0.411839863713799 0.02945619335347432 0.05706984667802385
0 0.42182779456193353 0.4293015332197615 0.02945619335347432 0.06473594548551959
0 0.3931268882175227 0.42461669505962524 0.0324773413897281 0.06388415672913117
0 0.3549848942598187 0.434412265758092 0.045317220543806644 0.06643952299829642
0 0.32326283987915405 0.44846678023850084 0.03927492447129909 0.06388415672913117
1 0.2956948640483384 0.4599659284497445 0.035498489425981876 0.06473594548551959
0 0.27492447129909364 0.4731686541737649 0.022658610271903322 0.062180579216354344
0 0.2609516616314199 0.44931856899488926 0.033987915407854986 0.06047700170357751
0 0.23791540785498488 0.4948892674616695 0.0256797583081571 0.07325383304940375
1 0.23036253776435045 0.467206132879046 0.03927492447129909 0.06899488926746167
0 0.2020392749244713 0.4855195911413969 0.035498489425981876 0.06303236797274277
1 0.18353474320241692 0.48807495741056217 0.030211480362537763 0.08177172061328791
0 0.16540785498489427 0.5281090289608177 0.02416918429003021 0.07325383304940375
0 0.12386706948640483 0.5097955706984668 0.03323262839879154 0.06388415672913117
0 0.14463746223564955 0.5310902896081772 0.0324773413897281 0.06729131175468483
0 0.10347432024169184 0.5268313458262351 0.030211480362537763 0.07240204429301533
1 0.07628398791540786 0.5400340715502555 0.03625377643504532 0.08177172061328791
0 0.04418429003021148 0.5459965928449745 0.04909365558912387 0.10051107325383304
0 0.024924471299093656 0.5745315161839863 0.04078549848942598 0.07921635434412266
