3 0.6057401812688822 0.4671450151057402 0.14954682779456194 0.20619335347432025
3 0.7919184290030211 0.39463746223564955 0.13217522658610273 0.21827794561933533
3 0.898036253776435 0.40105740181268884 0.15709969788519637 0.23413897280966767
3 0.7753021148036254 0.9123867069486404 0.1487915407854985 0.17069486404833836
3 0.9444864048338368 0.8421450151057401 0.10800604229607251 0.18580060422960726
0 0.4059667673716012 0.7084592145015106 0.05362537764350453 0.08459214501510574
0 0.3659365558912387 0.7186555891238671 0.05211480362537765 0.08685800604229607
0 0.3175981873111782 0.7447129909365559 0.04607250755287009 0.08006042296072508
0 0.2858761329305136 0.7522658610271903 0.04607250755287009 0.07099697885196375
0 0.25604229607250756 0.7594410876132931 0.045317220543806644 0.07477341389728097
0 0.22847432024169184 0.774546827794562 0.04758308157099698 0.07628398791540786
0 0.20430513595166164 0.7775679758308157 0.0445619335347432 0.0702416918429003
0 0.15823262839879154 0.7919184290030211 0.04305135951661632 0.07175226586102719
0 0.13066465256797583 0.8032477341389728 0.045317220543806644 0.0823262839879154
0 0.11140483383685801 0.8111782477341389 0.04305135951661632 0.08006042296072508
0 0.06797583081570997 0.8077794561933535 0.05891238670694864 0.03851963746223565
0 0.0445619335347432 0.8432779456193353 0.07250755287009064 0.030966767371601207
