2 0.015483383685800604 0.5215256797583081 0.027945619335347432 0.04154078549848943
0 0.9052114803625377 0.922583081570997 0.03851963746223565 0.06117824773413897
1 0.9407099697885196 0.9146525679758308 0.030966767371601207 0.055891238670694864
0 0.9607250755287009 0.9127643504531722 0.027190332326283987 0.05966767371601209
0 0.9739425981873112 0.9037009063444109 0.026435045317220542 0.05060422960725076
1 0.9871601208459214 0.8851963746223565 0.022658610271903322 0.05740181268882175
1 0.8742447129909365 0.9358006042296072 0.033987915407854986 0.06646525679758308
0 0.8466767371601208 0.9384441087613293 0.03323262839879154 0.05211480362537765
1 0.8266616314199395 0.9354229607250756 0.0324773413897281 0.05513595166163142
0 0.8217522658610272 0.9599697885196374 0.03474320241691843 0.04380664652567976
0 0.7956948640483383 0.9388217522658611 0.024924471299093656 0.052870090634441085
1 0.7768126888217523 0.9546827794561934 0.030966767371601207 0.06948640483383686
0 0.7533987915407855 0.9629909365558912 0.026435045317220542 0.054380664652567974
0 0.7265861027190332 0.9611027190332326 0.03323262839879154 0.0581570996978852
1 0.7095921450151057 0.9750755287009063 0.0445619335347432 0.04380664652567976
0 0.6850453172205438 0.9694108761329305 0.03323262839879154 0.04909365558912387
0 0.6642749244712991 0.976963746223565 0.027945619335347432 0.03851963746223565
