0 0.1268882175226586 0.24744463373083475 0.03927492447129909 0.08603066439522998
0 0.18013595166163143 0.280664395229983 0.0445619335347432 0.075809199318569
0 0.21148036253776434 0.29173764906303234 0.03172205438066465 0.07751277683134583
0 0.24433534743202417 0.3100511073253833 0.04154078549848943 0.07495741056218058
0 0.297583081570997 0.3471039182282794 0.021148036253776436 0.07410562180579217
0 0.33270392749244715 0.34369676320272574 0.035498489425981876 0.07240204429301533
0 0.3678247734138973 0.3492333901192504 0.03474320241691843 0.07325383304940375
0 0.40181268882175225 0.35477001703577515 0.03323262839879154 0.07751277683134583
0 0.4233383685800604 0.35093696763202725 0.024924471299093656 0.06984667802385008
0 0.4490181268882175 0.36541737649063033 0.027945619335347432 0.07155025553662692
0 0.4799848942598187 0.36115843270868825 0.033987915407854986 0.07325383304940375
0 0.5056646525679759 0.3649914821124361 0.026435045317220542 0.0706984667802385
0 0.5388972809667674 0.370954003407155 0.026435045317220542 0.07410562180579217
1 0.5736404833836858 0.37776831345826234 0.023413897280966767 0.075809199318569
0 0.5872356495468278 0.3803236797274276 0.026435045317220542 0.065587734241908
0 0.6091389728096677 0.381175468483816 0.030966767371601207 0.06388415672913117
0 0.627643504531722 0.3807495741056218 0.021148036253776436 0.06132879045996593
0 0.6499244712990937 0.38884156729131175 0.02945619335347432 0.07410562180579217
0 0.6771148036253777 0.3901192504258944 0.0324773413897281 0.07325383304940375
0 0.7118580060422961 0.40928449744463374 0.033987915407854986 0.0706984667802385
0 0.7337613293051359 0.39395229982964225 0.03851963746223565 0.062180579216354344
0 0.7571752265861027 0.3952299829642249 0.033987915407854986 0.06814310051107325
0 0.7783232628398792 0.4045996592844974 0.04909365558912387 0.06814310051107325
0 0.7832326283987915 0.3820272572402044 0.04229607250755287 0.058773424190800685
0 0.8066465256797583 0.38841567291311757 0.04833836858006042 0.06984667802385008
0 0.827416918429003 0.3658432708688245 0.05362537764350453 0.0706984667802385
0 0.21110271903323263 0.4714650766609881 0.04909365558912387 0.08262350936967632
0 0.24093655589123866 0.4838160136286201 0.045317220543806644 0.07836456558773425
0 0.2737915407854985 0.497870528109029 0.04305135951661632 0.09114139693356048
0 0.2983383685800604 0.5119250425894378 0.04078549848942598 0.06643952299829642
0 0.3266616314199396 0.514480408858603 0.04758308157099698 0.07155025553662692
0 0.3568731117824773 0.5170357751277683 0.03851963746223565 0.06303236797274277
0 0.39010574018126887 0.5051107325383305 0.0324773413897281 0.06473594548551959
1 0.4052114803625378 0.5174616695059625 0.030966767371601207 0.0809199318568995
1 0.43580060422960726 0.5238500851788757 0.04380664652567976 0.08517887563884156
1 0.5555135951661632 0.5293867120954003 0.035498489425981876 0.07751277683134583
1 0.7722809667673716 0.5724020442930153 0.030966767371601207 0.08177172061328791
0 0.4618580060422961 0.5255536626916525 0.030966767371601207 0.07836456558773425
0 0.4811178247734139 0.5302385008517888 0.03474320241691843 0.06899488926746167
0 0.5109516616314199 0.5242759795570698 0.030966767371601207 0.06729131175468483
0 0.5290785498489426 0.5315161839863713 0.03700906344410876 0.07155025553662692
0 0.5728851963746223 0.5400340715502555 0.026435045317220542 0.06643952299829642
0 0.5864803625377644 0.5425894378194208 0.03700906344410876 0.06984667802385008
0 0.6261329305135952 0.555366269165247 0.022658610271903322 0.06473594548551959
0 0.6563444108761329 0.5540885860306644 0.0377643504531722 0.0809199318568995
0 0.6812688821752266 0.561328790459966 0.03172205438066465 0.07666098807495741
0 0.709214501510574 0.5638841567291312 0.028700906344410877 0.06814310051107325
0 0.7299848942598187 0.5562180579216355 0.02945619335347432 0.07666098807495741
0 0.7507552870090635 0.5630323679727428 0.027190332326283987 0.08347529812606473
0 0.8138217522658611 0.5809199318568995 0.0188821752265861 0.08517887563884156
0 0.8345921450151057 0.5800681431005111 0.030211480362537763 0.06473594548551959
0 0.8568731117824774 0.5907155025553663 0.030966767371601207 0.0706984667802385
0 0.881797583081571 0.5932708688245315 0.035498489425981876 0.06899488926746167
0 0.9611027190332326 0.7099659284497445 0.06268882175226587 0.03321976149914821
0 0.9539274924471299 0.7406303236797275 0.07401812688821752 0.03321976149914821
0 0.9739425981873112 0.7853492333901193 0.04909365558912387 0.040885860306643956
0 0.9720543806646526 0.762350936967632 0.0513595166163142 0.02555366269165247
2 0.7643504531722054 0.1890971039182283 0.028700906344410877 0.034071550255536626
0 0.7658610271903323 0.18867120954003408 0.03927492447129909 0.062180579216354344
0 0.7273413897280967 0.07836456558773425 0.0649546827794562 0.040885860306643956
0 0.6948640483383686 0.04599659284497445 0.0755287009063444 0.03747870528109029
0 0.6967522658610272 0.030664395229982964 0.07779456193353475 0.03236797274275979
0 0.6891993957703928 0.01788756388415673 0.08081570996978851 0.03236797274275979
