0 0.04871601208459214 0.35902896081771724 0.05513595166163142 0.07410562180579217
3 0.1216012084592145 0.5293867120954003 0.11329305135951662 0.19846678023850087
0 0.9599697885196374 0.8956558773424191 0.060422960725075525 0.05366269165247019
1 0.6287764350453172 0.5843270868824532 0.06419939577039276 0.05110732538330494
1 0.6544561933534743 0.692504258943782 0.06873111782477341 0.054514480408858604
0 0.6748489425981873 0.739778534923339 0.06117824773413897 0.05025553662691652
0 0.6759818731117825 0.7921635434412266 0.04833836858006042 0.05281090289608177
1 0.6967522658610272 0.8181431005110733 0.05966767371601209 0.05536626916524702
0 0.699773413897281 0.8534923339011925 0.05664652567975831 0.044293015332197615
0 0.48753776435045315 0.14395229982964225 0.05664652567975831 0.056218057921635436
1 0.4641238670694864 0.05110732538330494 0.0702416918429003 0.056218057921635436
1 0.3557401812688822 0.0434412265758092 0.060422960725075525 0.02385008517887564
1 0.35196374622356497 0.019165247018739354 0.0649546827794562 0.022998296422487224
1 0.3512084592145015 0.06473594548551959 0.05891238670694864 0.027257240204429302
0 0.3768882175226586 0.08517887563884156 0.054380664652567974 0.028960817717206135
1 0.3795317220543807 0.11158432708688246 0.06117824773413897 0.030664395229982964
0 0.39123867069486407 0.13330494037478705 0.0634441087613293 0.031516183986371384
1 0.3942598187311178 0.16524701873935263 0.06797583081570997 0.03577512776831346
0 0.39916918429003023 0.1890971039182283 0.0581570996978852 0.028960817717206135
0 0.41012084592145015 0.20954003407155025 0.052870090634441085 0.028960817717206135
0 0.4278700906344411 0.2402044293015332 0.06419939577039276 0.027257240204429302
0 0.4380664652567976 0.26873935264054516 0.05740181268882175 0.028109028960817718
1 0.4278700906344411 0.29088586030664393 0.0702416918429003 0.02129471890971039
0 0.44826283987915405 0.30877342419080067 0.04909365558912387 0.04003407155025554
1 0.4437311178247734 0.3415672913117547 0.06117824773413897 0.039182282793867124
1 0.4505287009063444 0.3666950596252129 0.05362537764350453 0.031516183986371384
0 0.4746978851963746 0.3862862010221465 0.07779456193353475 0.04514480408858603
1 0.4773413897280967 0.42589437819420783 0.060422960725075525 0.040885860306643956
1 0.4830060422960725 0.4463373083475298 0.05211480362537765 0.03747870528109029
1 0.4973564954682779 0.46039182282793867 0.0581570996978852 0.024701873935264056
0 0.5109516616314199 0.477427597955707 0.06268882175226587 0.031516183986371384
0 0.4966012084592145 0.4991482112436116 0.06419939577039276 0.028960817717206135
0 0.6423716012084593 0.9701873935264055 0.05060422960725076 0.03236797274275979
0 0.6302870090634441 0.9493185689948893 0.06117824773413897 0.031516183986371384
0 0.6204682779456193 0.934412265758092 0.05060422960725076 0.034071550255536626
0 0.6023413897280967 0.9080068143100511 0.06570996978851963 0.03747870528109029
0 0.5970543806646526 0.8752129471890971 0.06570996978851963 0.031516183986371384
0 0.5970543806646526 0.8534923339011925 0.0581570996978852 0.03236797274275979
0 0.5913897280966768 0.8330494037478705 0.0634441087613293 0.034071550255536626
0 0.5845921450151057 0.8143100511073254 0.06797583081570997 0.030664395229982964
0 0.5759063444108762 0.7968483816013628 0.06419939577039276 0.029812606473594547
0 0.5736404833836858 0.7729982964224872 0.06117824773413897 0.03321976149914821
1 0.5672205438066465 0.7585178875638842 0.0649546827794562 0.04003407155025554
0 0.5615558912386707 0.7321124361158433 0.06117824773413897 0.036626916524701875
0 0.5558912386706949 0.7112436115843271 0.054380664652567974 0.040885860306643956
0 0.5415407854984894 0.6899488926746167 0.05891238670694864 0.04258943781942078
0 0.5324773413897281 0.6601362862010222 0.05891238670694864 0.03747870528109029
0 0.5377643504531722 0.6260647359454855 0.05891238670694864 0.03747870528109029
0 0.5132175226586103 0.5971039182282794 0.06117824773413897 0.030664395229982964
0 0.5120845921450151 0.5728279386712095 0.06797583081570997 0.026405451448040886
0 0.520392749244713 0.5434412265758092 0.05891238670694864 0.027257240204429302
0 0.49697885196374625 0.5229982964224872 0.0634441087613293 0.03577512776831346
