2 0.19410876132930513 0.6942078364565588 0.028700906344410877 0.03577512776831346
0 0.20468277945619334 0.7001703577512777 0.060422960725075525 0.028960817717206135
3 0.29720543806646527 0.45954003407155025 0.1608761329305136 0.09114139693356048
3 0.28851963746223563 0.22529812606473595 0.14803625377643503 0.09454855195911414
3 0.30513595166163143 0.10562180579216354 0.1661631419939577 0.09540034071550256
3 0.3164652567975831 0.030238500851788756 0.14954682779456194 0.06047700170357751
0 0.5664652567975831 0.05749574105621806 0.030211480362537763 0.06047700170357751
2 0.5657099697885196 0.046422487223168656 0.0256797583081571 0.029812606473594547
2 0.6038519637462235 0.20954003407155025 0.027945619335347432 0.028960817717206135
2 0.6012084592145015 0.19080068143100512 0.0256797583081571 0.020442930153321978
