0 0.06268882175226587 0.04229607250755287 0.045317220543806644 0.061933534743202415
2 0.060045317220543806 0.045317220543806644 0.02945619335347432 0.028700906344410877
0 0.1268882175226586 0.0222809667673716 0.04380664652567976 0.0445619335347432
2 0.12462235649546828 0.015483383685800604 0.030211480362537763 0.024924471299093656
0 0.3187311178247734 0.3697129909365559 0.03172205438066465 0.06117824773413897
0 0.33459214501510576 0.39992447129909364 0.03625377643504532 0.04909365558912387
0 0.34629909365558914 0.43391238670694865 0.015861027190332326 0.05211480362537765
0 0.3712235649546828 0.4259818731117825 0.024924471299093656 0.05740181268882175
0 0.3878398791540785 0.44561933534743203 0.02039274924471299 0.05740181268882175
0 0.41012084592145015 0.44108761329305135 0.019637462235649546 0.05740181268882175
0 0.4467522658610272 0.43768882175226587 0.04003021148036254 0.0581570996978852
0 0.46865558912386707 0.449773413897281 0.0188821752265861 0.05664652567975831
0 0.4901812688821752 0.4573262839879154 0.022658610271903322 0.06117824773413897
0 0.5200151057401813 0.4618580060422961 0.024924471299093656 0.0581570996978852
0 0.5317220543806647 0.49395770392749244 0.03172205438066465 0.0513595166163142
0 0.554380664652568 0.4569486404833837 0.021148036253776436 0.054380664652567974
1 0.5709969788519638 0.4773413897280967 0.01661631419939577 0.06948640483383686
1 0.5913897280966768 0.4573262839879154 0.03172205438066465 0.05966767371601209
2 0.6272658610271903 0.4814954682779456 0.030966767371601207 0.035498489425981876
0 0.6487915407854985 0.4278700906344411 0.03474320241691843 0.06570996978851963
0 0.6808912386706949 0.4199395770392749 0.02039274924471299 0.05891238670694864
1 0.7043051359516617 0.4437311178247734 0.02945619335347432 0.06268882175226587
1 0.7288519637462235 0.3995468277945619 0.030211480362537763 0.05740181268882175
0 0.7126132930513596 0.39123867069486407 0.024924471299093656 0.05891238670694864
0 0.7809667673716012 0.37575528700906347 0.0377643504531722 0.05362537764350453
0 0.9558157099697885 0.3175981873111782 0.0324773413897281 0.06419939577039276
0 0.9765861027190332 0.31608761329305135 0.0256797583081571 0.0581570996978852
0 0.9324018126888217 0.3311933534743202 0.027945619335347432 0.05664652567975831
0 0.9203172205438066 0.3466767371601208 0.030966767371601207 0.060422960725075525
0 0.8938821752265861 0.3372356495468278 0.027945619335347432 0.06268882175226587
0 0.8727341389728097 0.35536253776435045 0.04154078549848943 0.06570996978851963
0 0.8500755287009063 0.36442598187311176 0.02945619335347432 0.0581570996978852
0 0.8334592145015106 0.37802114803625375 0.0324773413897281 0.05966767371601209
0 0.8062688821752266 0.3648036253776435 0.030966767371601207 0.061933534743202415
2 0.4580815709969788 0.672583081570997 0.04154078549848943 0.0324773413897281
2 0.48489425981873113 0.6918429003021148 0.03323262839879154 0.0377643504531722
2 0.5219033232628398 0.6903323262839879 0.03474320241691843 0.03323262839879154
0 0.5237915407854985 0.7443353474320241 0.04758308157099698 0.06570996978851963
0 0.5619335347432024 0.7545317220543807 0.028700906344410877 0.05891238670694864
0 0.5879909365558912 0.7511329305135952 0.02190332326283988 0.0581570996978852
0 0.5996978851963746 0.7250755287009063 0.03625377643504532 0.05891238670694864
0 0.627643504531722 0.7220543806646526 0.04833836858006042 0.04984894259818731
1 0.6642749244712991 0.7220543806646526 0.04305135951661632 0.061933534743202415
0 0.6888217522658611 0.7122356495468278 0.03474320241691843 0.0513595166163142
0 0.7186555891238671 0.7156344410876133 0.03851963746223565 0.05513595166163142
0 0.7292296072507553 0.6903323262839879 0.03700906344410876 0.0634441087613293
0 0.9425981873111783 0.5653323262839879 0.04229607250755287 0.05513595166163142
0 0.9161631419939577 0.6144259818731118 0.03172205438066465 0.05211480362537765
0 0.9052114803625377 0.6487915407854985 0.026435045317220542 0.054380664652567974
1 0.7737915407854985 0.6665407854984894 0.05362537764350453 0.05060422960725076
1 0.8330815709969789 0.6465256797583081 0.04380664652567976 0.04682779456193353
0 0.8621601208459214 0.6563444108761329 0.04607250755287009 0.04682779456193353
1 0.872356495468278 0.6367069486404834 0.04984894259818731 0.05740181268882175
1 0.956570996978852 0.620845921450151 0.035498489425981876 0.054380664652567974
1 0.7990936555891238 0.6718277945619335 0.03625377643504532 0.0581570996978852
