1 0.10800604229607251 0.4233383685800604 0.052870090634441085 0.03700906344410876
1 0.1491691842900302 0.5343655589123867 0.05966767371601209 0.0324773413897281
0 0.15672205438066467 0.5811933534743202 0.06117824773413897 0.033987915407854986
1 0.1733383685800604 0.6216012084592145 0.06722054380664652 0.04380664652567976
1 0.2326283987915408 0.8032477341389728 0.06797583081570997 0.04154078549848943
0 0.2685045317220544 0.8935045317220544 0.06117824773413897 0.028700906344410877
0 0.2058157099697885 0.9818731117824774 0.05513595166163142 0.02416918429003021
0 0.18957703927492447 0.9561933534743202 0.06797583081570997 0.03172205438066465
0 0.18429003021148035 0.9350453172205438 0.0649546827794562 0.022658610271903322
1 0.17069486404833836 0.9112537764350453 0.05891238670694864 0.02190332326283988
0 0.1627643504531722 0.8882175226586103 0.05966767371601209 0.027190332326283987
1 0.15332326283987915 0.8617824773413897 0.061933534743202415 0.03172205438066465
0 0.14614803625377643 0.8391238670694864 0.06419939577039276 0.02416918429003021
1 0.13330815709969787 0.8160876132930514 0.06722054380664652 0.02190332326283988
1 0.12311178247734139 0.7922960725075529 0.06646525679758308 0.022658610271903322
0 0.12197885196374622 0.7677492447129909 0.06419939577039276 0.02190332326283988
0 0.10989425981873112 0.7424471299093656 0.06268882175226587 0.022658610271903322
0 0.10083081570996978 0.7179003021148036 0.0702416918429003 0.024924471299093656
0 0.09176737160120846 0.6899546827794562 0.06268882175226587 0.015861027190332326
0 0.08534743202416918 0.6646525679758308 0.0755287009063444 0.021148036253776436
0 0.06797583081570997 0.629154078549849 0.054380664652567974 0.027190332326283987
0 0.06759818731117825 0.6008308157099698 0.06268882175226587 0.02945619335347432
1 0.06419939577039276 0.5566465256797583 0.0634441087613293 0.03172205438066465
0 0.04682779456193353 0.5211480362537765 0.04984894259818731 0.028700906344410877
1 0.035498489425981876 0.4860271903323263 0.06948640483383686 0.024924471299093656
1 0.024546827794561934 0.43466767371601206 0.04305135951661632 0.027945619335347432
0 0.024546827794561934 0.4561933534743202 0.04758308157099698 0.03172205438066465
