0 0.7257240204429302 0.8991691842900302 0.06303236797274277 0.033987915407854986
0 0.7414821124361158 0.9324018126888217 0.065587734241908 0.03851963746223565
0 0.7576660988074958 0.9531722054380665 0.05536626916524702 0.027190332326283987
0 0.747870528109029 0.9561933534743202 0.040885860306643956 0.02416918429003021
3 0.3641396933560477 0.04984894259818731 0.10988074957410562 0.09365558912386707
0 0.8513628620102215 0.5917673716012085 0.06047700170357751 0.03851963746223565
0 0.870954003407155 0.6469033232628398 0.051959114139693355 0.04607250755287009
0 0.8850085178875639 0.6676737160120846 0.06303236797274277 0.04078549848942598
0 0.7670357751277683 0.9841389728096677 0.051959114139693355 0.0256797583081571
0 0.9659284497444633 0.8353474320241692 0.056218057921635436 0.03323262839879154
0 0.9535775127768313 0.8047583081570997 0.05536626916524702 0.04607250755287009
0 0.936541737649063 0.7669939577039275 0.06047700170357751 0.03851963746223565
0 0.9186541737649063 0.7496223564954683 0.05706984667802385 0.02945619335347432
0 0.9237649063032368 0.7209214501510574 0.05366269165247019 0.04305135951661632
