0 0.9773413897280967 0.614565587734242 0.03625377643504532 0.028109028960817718
0 0.9765861027190332 0.5851788756388415 0.04380664652567976 0.03236797274275979
0 0.9690332326283988 0.5566439522998297 0.055891238670694864 0.029812606473594547
0 0.9656344410876133 0.5319420783645656 0.06117824773413897 0.031516183986371384
0 0.9422205438066465 0.514480408858603 0.04758308157099698 0.03577512776831346
0 0.9358006042296072 0.47700170357751276 0.060422960725075525 0.022146507666098807
0 0.9358006042296072 0.45357751277683134 0.0649546827794562 0.03492333901192504
0 0.922583081570997 0.43057921635434415 0.04909365558912387 0.028109028960817718
0 0.9154078549848943 0.4067291311754685 0.061933534743202415 0.036626916524701875
0 0.9059667673716012 0.3862862010221465 0.04758308157099698 0.03492333901192504
0 0.900679758308157 0.36073253833049407 0.06268882175226587 0.0434412265758092
0 0.8734894259818731 0.3364565587734242 0.05513595166163142 0.03577512776831346
0 0.868202416918429 0.3126064735945486 0.04607250755287009 0.03577512776831346
0 0.8530966767371602 0.29003407155025557 0.05362537764350453 0.03321976149914821
1 0.8466767371601208 0.26362862010221466 0.061933534743202415 0.041737649063032366
0 0.8459214501510574 0.2402044293015332 0.060422960725075525 0.03747870528109029
1 0.8277945619335347 0.22061328790459966 0.05891238670694864 0.040885860306643956
0 0.8187311178247734 0.1903747870528109 0.052870090634441085 0.029812606473594547
0 0.8092900302114804 0.17078364565587734 0.05513595166163142 0.029812606473594547
1 0.8032477341389728 0.15417376490630325 0.05060422960725076 0.03577512776831346
1 0.7930513595166163 0.1409710391822828 0.05740181268882175 0.03492333901192504
0 0.801737160120846 0.11925042589437819 0.0581570996978852 0.030664395229982964
0 0.7824773413897281 0.10434412265758092 0.05891238670694864 0.0434412265758092
0 0.7715256797583081 0.0762350936967632 0.0581570996978852 0.029812606473594547
0 0.7601963746223565 0.046422487223168656 0.06419939577039276 0.028109028960817718
0 0.9463746223564955 0.24233390119250425 0.061933534743202415 0.03321976149914821
0 0.9391993957703928 0.22018739352640546 0.06268882175226587 0.029812606473594547
0 0.9384441087613293 0.19676320272572403 0.05966767371601209 0.03577512776831346
0 0.9263595166163142 0.18185689948892675 0.05060422960725076 0.029812606473594547
0 0.9218277945619335 0.16737649063032367 0.05966767371601209 0.029812606473594547
0 0.9116314199395771 0.1418228279386712 0.05891238670694864 0.048551959114139696
0 0.9037009063444109 0.1201022146507666 0.04758308157099698 0.03236797274275979
0 0.8999244712990937 0.1034923339011925 0.04909365558912387 0.0434412265758092
0 0.8761329305135952 0.0762350936967632 0.06948640483383686 0.03321976149914821
0 0.8629154078549849 0.05110732538330494 0.05211480362537765 0.03747870528109029
0 0.841012084592145 0.026831345826235094 0.05362537764350453 0.03321976149914821
0 0.9724320241691843 0.3198466780238501 0.04909365558912387 0.041737649063032366
