3 0.7681268882175226 0.15823262839879154 0.1268882175226586 0.20770392749244712
0 0.08308157099697885 0.02001510574018127 0.04229607250755287 0.027945619335347432
0 0.009818731117824773 0.19750755287009064 0.019637462235649546 0.05362537764350453
0 0.0324773413897281 0.19637462235649547 0.03172205438066465 0.03927492447129909
0 0.05513595166163142 0.19410876132930513 0.01661631419939577 0.054380664652567974
0 0.07099697885196375 0.18693353474320243 0.015105740181268881 0.0581570996978852
0 0.10234138972809667 0.17447129909365558 0.027945619335347432 0.055891238670694864
0 0.12953172205438065 0.15332326283987915 0.02039274924471299 0.04984894259818731
0 0.1540785498489426 0.14765861027190333 0.02416918429003021 0.06873111782477341
0 0.17749244712990936 0.13708459214501512 0.0256797583081571 0.06570996978851963
0 0.19939577039274925 0.1355740181268882 0.01812688821752266 0.05513595166163142
1 0.21827794561933533 0.13670694864048338 0.028700906344410877 0.0649546827794562
0 0.24584592145015105 0.12009063444108761 0.024924471299093656 0.061933534743202415
0 0.2681268882175227 0.11895770392749244 0.022658610271903322 0.05362537764350453
0 0.2911631419939577 0.12046827794561933 0.026435045317220542 0.05664652567975831
1 0.3175981873111782 0.11744712990936555 0.0324773413897281 0.05664652567975831
0 0.33799093655589124 0.10989425981873112 0.024924471299093656 0.05966767371601209
0 0.5811933534743202 0.020770392749244714 0.02190332326283988 0.04003021148036254
0 0.5487160120845922 0.03134441087613293 0.026435045317220542 0.05211480362537765
0 0.5188821752265861 0.03625377643504532 0.03625377643504532 0.05891238670694864
0 0.49924471299093653 0.045317220543806644 0.03474320241691843 0.05740181268882175
1 0.4811178247734139 0.055513595166163145 0.0256797583081571 0.06419939577039276
0 0.47129909365558914 0.0668429003021148 0.030211480362537763 0.05211480362537765
0 0.44826283987915405 0.06570996978851963 0.02190332326283988 0.061933534743202415
0 0.4233383685800604 0.08119335347432025 0.02945619335347432 0.05664652567975831
0 0.3704682779456193 0.09592145015105741 0.02039274924471299 0.0634441087613293
0 0.3889728096676737 0.0755287009063444 0.027190332326283987 0.06948640483383686
