3 0.24924471299093656 0.035498489425981876 0.17673716012084592 0.07250755287009064
3 0.23753776435045318 0.19070996978851965 0.18353474320241692 0.08836858006042296
3 0.23413897280966767 0.2949395770392749 0.15861027190332327 0.07175226586102719
3 0.22696374622356497 0.3821752265861027 0.16842900302114805 0.07854984894259819
3 0.21676737160120846 0.49697885196374625 0.16012084592145015 0.08610271903323263
3 0.24697885196374622 0.7345166163141994 0.1691842900302115 0.08685800604229607
2 0.4807401812688822 0.8878398791540786 0.030966767371601207 0.0324773413897281
2 0.5936555891238671 0.8716012084592145 0.028700906344410877 0.028700906344410877
0 0.5974320241691843 0.8716012084592145 0.03323262839879154 0.05740181268882175
2 0.7956948640483383 0.6382175226586103 0.02945619335347432 0.04078549848942598
1 0.800226586102719 0.6340634441087614 0.026435045317220542 0.06873111782477341
2 0.5808157099697885 0.03814199395770393 0.03927492447129909 0.030966767371601207
0 0.5793051359516617 0.046450151057401814 0.03323262839879154 0.05362537764350453
2 0.5075528700906344 0.13632930513595165 0.028700906344410877 0.02945619335347432
2 0.7677492447129909 0.021148036253776436 0.033987915407854986 0.0377643504531722
