3 0.7643504531722054 0.32282793867120957 0.19637462235649547 0.19420783645655879
3 0.3840634441087613 0.07453151618398637 0.15634441087613293 0.13884156729131175
3 0.6990181268882175 0.03705281090289608 0.15483383685800603 0.075809199318569
1 0.4580815709969788 0.13458262350936967 0.05362537764350453 0.04940374787052811
0 0.4724320241691843 0.1465076660988075 0.03700906344410876 0.059625212947189095
0 0.48489425981873113 0.15928449744463374 0.0513595166163142 0.04770017035775128
0 0.5045317220543807 0.17632027257240204 0.03323262839879154 0.06303236797274277
0 0.525679758308157 0.19633730834752983 0.0377643504531722 0.06388415672913117
0 0.5498489425981873 0.2065587734241908 0.04078549848942598 0.06388415672913117
0 0.5604229607250756 0.21890971039182283 0.03625377643504532 0.06303236797274277
0 0.591012084592145 0.23637137989778534 0.033987915407854986 0.06899488926746167
1 0.6174471299093656 0.25255536626916525 0.04003021148036254 0.07410562180579217
0 0.6450151057401813 0.24190800681431004 0.0634441087613293 0.04258943781942078
1 0.6484138972809668 0.2823679727427598 0.0581570996978852 0.03833049403747871
0 0.29607250755287007 0.031090289608177172 0.06797583081570997 0.04514480408858603
0 0.2873867069486405 0.019165247018739354 0.06722054380664652 0.03492333901192504
0 0.7790785498489426 0.0809199318568995 0.03851963746223565 0.07325383304940375
0 0.8096676737160121 0.09327086882453152 0.027190332326283987 0.06729131175468483
1 0.8376132930513596 0.11158432708688246 0.02416918429003021 0.07325383304940375
0 0.8602719033232629 0.12223168654173765 0.04229607250755287 0.07410562180579217
1 0.8946374622356495 0.14821124361158433 0.03700906344410876 0.08006814310051108
0 0.9161631419939577 0.1567291311754685 0.03474320241691843 0.08006814310051108
0 0.9452416918429003 0.17504258943781942 0.04003021148036254 0.0809199318568995
0 0.9588368580060423 0.1848381601362862 0.035498489425981876 0.07155025553662692
0 0.9830060422960725 0.2061328790459966 0.030966767371601207 0.08517887563884156
0 0.8459214501510574 0.446763202725724 0.0755287009063444 0.04514480408858603
0 0.8357250755287009 0.4701873935264055 0.0581570996978852 0.027257240204429302
0 0.8591389728096677 0.49148211243611584 0.06873111782477341 0.03577512776831346
0 0.851963746223565 0.5264054514480409 0.05891238670694864 0.03236797274275979
0 0.8149546827794562 0.532793867120954 0.061933534743202415 0.03492333901192504
0 0.8119335347432024 0.5587734241908007 0.08761329305135952 0.040885860306643956
0 0.8074018126888217 0.5877342419080068 0.08308157099697885 0.03747870528109029
0 0.7805891238670695 0.6017887563884157 0.07175226586102719 0.029812606473594547
0 0.7707703927492447 0.6196763202725724 0.07477341389728097 0.03321976149914821
0 0.7594410876132931 0.641396933560477 0.07930513595166164 0.04258943781942078
0 0.7450906344410876 0.6592844974446337 0.08383685800604229 0.039182282793867124
1 0.7439577039274925 0.6856899488926746 0.06797583081570997 0.03747870528109029
1 0.6876888217522659 0.7853492333901193 0.0823262839879154 0.030664395229982964
0 0.7348942598187311 0.7227427597955707 0.07250755287009064 0.036626916524701875
0 0.7167673716012085 0.7385008517887564 0.08761329305135952 0.03236797274275979
1 0.6839123867069486 0.7555366269165247 0.07628398791540786 0.03236797274275979
0 0.654833836858006 0.7985519591141397 0.0770392749244713 0.036626916524701875
0 0.6525679758308157 0.8377342419080068 0.09365558912386707 0.03492333901192504
0 0.6408610271903323 0.8658432708688245 0.07628398791540786 0.03833049403747871
1 0.6049848942598187 0.8760647359454855 0.08157099697885196 0.029812606473594547
0 0.6435045317220544 0.8977853492333902 0.07250755287009064 0.039182282793867124
0 0.5857250755287009 0.8986371379897785 0.06873111782477341 0.03577512776831346
0 0.6049848942598187 0.9246166950596252 0.0649546827794562 0.029812606473594547
0 0.5762839879154078 0.9335604770017036 0.08006042296072508 0.039182282793867124
0 0.5611782477341389 0.9510221465076661 0.061933534743202415 0.041737649063032366
0 0.5641993957703928 0.9757240204429302 0.06948640483383686 0.03492333901192504
0 0.9407099697885196 0.795144804088586 0.05664652567975831 0.05025553662691652
0 0.9297583081570997 0.8104770017035775 0.0634441087613293 0.058773424190800685
0 0.9127643504531722 0.82793867120954 0.06419939577039276 0.04258943781942078
0 0.8984138972809668 0.8500851788756388 0.06873111782477341 0.044293015332197615
0 0.8840634441087614 0.8713798977853493 0.0702416918429003 0.05281090289608177
0 0.8757552870090635 0.9028960817717206 0.07326283987915408 0.04940374787052811
0 0.8549848942598187 0.9229131175468483 0.07250755287009064 0.041737649063032366
1 0.8425226586102719 0.9535775127768313 0.06419939577039276 0.048551959114139696
0 0.8281722054380665 0.9735945485519591 0.0702416918429003 0.044293015332197615
0 0.9558157099697885 0.774701873935264 0.05362537764350453 0.06047700170357751
0 0.974320241691843 0.7495741056218058 0.045317220543806644 0.044293015332197615
