0 0.28058912386706947 0.3969033232628399 0.06419939577039276 0.026435045317220542
0 0.22696374622356497 0.2828549848942598 0.06873111782477341 0.04305135951661632
1 0.20506042296072508 0.24546827794561935 0.06117824773413897 0.04682779456193353
1 0.18504531722054382 0.16691842900302115 0.06646525679758308 0.03927492447129909
0 0.18617824773413896 0.13066465256797583 0.0581570996978852 0.03323262839879154
0 0.1695619335347432 0.10347432024169184 0.07477341389728097 0.028700906344410877
1 0.1623867069486405 0.08194864048338368 0.061933534743202415 0.035498489425981876
0 0.15483383685800603 0.04833836858006042 0.04682779456193353 0.0377643504531722
1 0.1469033232628399 0.01812688821752266 0.030966767371601207 0.019637462235649546
3 0.06608761329305136 0.55702416918429 0.1216012084592145 0.18806646525679757
