3 0.09025679758308157 0.2107250755287009 0.15634441087613293 0.08459214501510574
3 0.3100453172205438 0.18882175226586104 0.1714501510574018 0.0891238670694864
2 0.22280966767371602 0.26774924471299094 0.027190332326283987 0.027945619335347432
0 0.22885196374622357 0.2707703927492447 0.055891238670694864 0.0188821752265861
3 0.7001510574018127 0.4641238670694864 0.1163141993957704 0.1714501510574018
0 0.6710725075528701 0.6204682779456193 0.05513595166163142 0.024924471299093656
0 0.6748489425981873 0.649546827794562 0.05966767371601209 0.030211480362537763
0 0.629154078549849 0.6993957703927492 0.06797583081570997 0.03172205438066465
1 0.486404833836858 0.7522658610271903 0.04984894259818731 0.04833836858006042
1 0.5351208459214502 0.745845921450151 0.024924471299093656 0.05966767371601209
1 0.5207703927492447 0.7677492447129909 0.04909365558912387 0.05513595166163142
1 0.5785498489425982 0.7722809667673716 0.04380664652567976 0.0581570996978852
0 0.6355740181268882 0.7681268882175226 0.05664652567975831 0.03625377643504532
0 0.6876888217522659 0.7681268882175226 0.05060422960725076 0.04380664652567976
0 0.6835347432024169 0.8013595166163142 0.05891238670694864 0.028700906344410877
0 0.6831570996978852 0.8927492447129909 0.05513595166163142 0.0256797583081571
1 0.5827039274924471 0.8863293051359517 0.05664652567975831 0.05513595166163142
1 0.6359516616314199 0.8719788519637462 0.061933534743202415 0.04305135951661632
0 0.6216012084592145 0.8987915407854985 0.05891238670694864 0.022658610271903322
1 0.625 0.9188066465256798 0.05966767371601209 0.02945619335347432
1 0.6212235649546828 0.9622356495468278 0.06117824773413897 0.03625377643504532
1 0.622356495468278 0.976963746223565 0.07250755287009064 0.04154078549848943
1 0.68202416918429 0.974320241691843 0.05740181268882175 0.030211480362537763
2 0.7379154078549849 0.9648791540785498 0.030211480362537763 0.030966767371601207
0 0.6922205438066465 0.9282477341389728 0.06268882175226587 0.03323262839879154
0 0.9044561933534743 0.4516616314199396 0.05664652567975831 0.0256797583081571
1 0.9656344410876133 0.4569486404833837 0.06117824773413897 0.03172205438066465
1 0.9290030211480362 0.49584592145015105 0.0634441087613293 0.024924471299093656
1 0.9433534743202416 0.5117069486404834 0.0634441087613293 0.030966767371601207
0 0.9444864048338368 0.5324773413897281 0.06117824773413897 0.021148036253776436
0 0.94297583081571 0.5653323262839879 0.05664652567975831 0.027945619335347432
0 0.908987915407855 0.5989425981873112 0.0581570996978852 0.022658610271903322
0 0.9138972809667674 0.6265105740181269 0.060422960725075525 0.030966767371601207
1 0.9410876132930514 0.6427492447129909 0.055891238670694864 0.04078549848942598
0 0.9018126888217523 0.8225075528700906 0.055891238670694864 0.01812688821752266
0 0.9052114803625377 0.8395015105740181 0.05211480362537765 0.02190332326283988
1 0.9055891238670695 0.8610271903323263 0.060422960725075525 0.022658610271903322
1 0.8999244712990937 0.8753776435045317 0.06419939577039276 0.01812688821752266
1 0.9154078549848943 0.9025679758308157 0.05740181268882175 0.027190332326283987
0 0.9093655589123867 0.922583081570997 0.04078549848942598 0.01283987915407855
0 0.8972809667673716 0.9335347432024169 0.04682779456193353 0.01661631419939577
2 0.8266616314199395 0.9120090634441088 0.02945619335347432 0.0324773413897281
2 0.8564954682779456 0.9074773413897281 0.0377643504531722 0.02945619335347432
1 0.9403323262839879 0.02379154078549849 0.052870090634441085 0.0445619335347432
1 0.9595921450151057 0.04418429003021148 0.06117824773413897 0.04758308157099698
1 0.9735649546827795 0.06910876132930513 0.04984894259818731 0.04305135951661632
2 0.851963746223565 0.854607250755287 0.02416918429003021 0.023413897280966767
