3 0.5944108761329305 0.4045996592844974 0.19486404833836857 0.13287904599659284
3 0.3240181268882175 0.3760647359454855 0.1782477341389728 0.12350936967632027
3 0.5626888217522659 0.3104770017035775 0.19184290030211482 0.14054514480408858
3 0.33648036253776437 0.479557069846678 0.19108761329305135 0.1465076660988075
3 0.5551359516616314 0.20826235093696763 0.18580060422960726 0.15076660988074958
3 0.5317220543806647 0.10434412265758092 0.19184290030211482 0.1303236797274276
3 0.520392749244713 0.036201022146507666 0.18580060422960726 0.07240204429301533
3 0.2669939577039275 0.05494037478705281 0.19561933534743203 0.11158432708688246
3 0.2756797583081571 0.12734241908006813 0.1933534743202417 0.11328790459965929
3 0.29720543806646527 0.2282793867120954 0.16993957703927492 0.12436115843270869
2 0.10800604229607251 0.7768313458262351 0.04682779456193353 0.044293015332197615
