3 0.4437311178247734 0.243202416918429 0.11858006042296072 0.19939577039274925
3 0.5966767371601208 0.3466767371601208 0.13746223564954682 0.22205438066465258
3 0.6839123867069486 0.42938066465256797 0.12613293051359517 0.20166163141993956
3 0.8436555891238671 0.5290785498489426 0.14350453172205438 0.21525679758308158
3 0.054380664652567974 0.5630664652567976 0.10876132930513595 0.19108761329305135
3 0.19486404833836857 0.6537009063444109 0.1540785498489426 0.20619335347432025
3 0.37084592145015105 0.7507552870090635 0.13897280966767372 0.19184290030211482
3 0.5200151057401813 0.8783987915407855 0.1472809667673716 0.1903323262839879
3 0.6824018126888217 0.9327794561933535 0.13217522658610273 0.13141993957703926
0 0.13406344410876134 0.23413897280966767 0.08534743202416918 0.04833836858006042
0 0.1061178247734139 0.20808157099697885 0.07175226586102719 0.05060422960725076
0 0.05324773413897281 0.19108761329305135 0.06117824773413897 0.045317220543806644
0 0.03663141993957704 0.1733383685800604 0.04909365558912387 0.05513595166163142
