2 0.15143504531722055 0.2190332326283988 0.035498489425981876 0.0377643504531722
1 0.19070996978851965 0.1971299093655589 0.06570996978851963 0.03625377643504532
0 0.20959214501510573 0.22545317220543806 0.05966767371601209 0.04003021148036254
0 0.2190332326283988 0.25302114803625375 0.06646525679758308 0.03172205438066465
0 0.22734138972809667 0.26661631419939574 0.0634441087613293 0.03474320241691843
0 0.24546827794561935 0.28172205438066467 0.0634441087613293 0.03474320241691843
0 0.25113293051359514 0.3145770392749245 0.0702416918429003 0.04003021148036254
0 0.25075528700906347 0.3372356495468278 0.06797583081570997 0.04003021148036254
0 0.27152567975830816 0.34894259818731116 0.05966767371601209 0.03323262839879154
0 0.27303625377643503 0.36706948640483383 0.06117824773413897 0.03474320241691843
1 0.2783232628398791 0.3904833836858006 0.0702416918429003 0.03927492447129909
1 0.2877643504531722 0.41012084592145015 0.07099697885196375 0.04229607250755287
0 0.2877643504531722 0.43768882175226587 0.06646525679758308 0.03851963746223565
0 0.311178247734139 0.4637462235649547 0.060422960725075525 0.0377643504531722
1 0.3149546827794562 0.4845166163141994 0.060422960725075525 0.04607250755287009
0 0.3285498489425982 0.5007552870090635 0.0649546827794562 0.04078549848942598
0 0.32892749244712993 0.5275679758308157 0.07175226586102719 0.035498489425981876
0 0.3406344410876133 0.5498489425981873 0.061933534743202415 0.03625377643504532
1 0.35913897280966767 0.5785498489425982 0.06419939577039276 0.03172205438066465
0 0.3640483383685801 0.600453172205438 0.07401812688821752 0.03172205438066465
0 0.3666918429003021 0.6204682779456193 0.07175226586102719 0.030966767371601207
0 0.3795317220543807 0.6367069486404834 0.06873111782477341 0.030211480362537763
0 0.38972809667673713 0.6623867069486404 0.0634441087613293 0.03172205438066465
1 0.4006797583081571 0.6748489425981873 0.06570996978851963 0.033987915407854986
0 0.3972809667673716 0.6978851963746223 0.08157099697885196 0.03474320241691843
0 0.41012084592145015 0.7107250755287009 0.055891238670694864 0.03474320241691843
0 0.42371601208459214 0.7330060422960725 0.0649546827794562 0.027945619335347432
0 0.4131419939577039 0.7518882175226587 0.0649546827794562 0.027945619335347432
0 0.4263595166163142 0.7700151057401813 0.06419939577039276 0.0324773413897281
0 0.44410876132930516 0.7892749244712991 0.060422960725075525 0.03625377643504532
0 0.4501510574018127 0.8058912386706949 0.061933534743202415 0.0377643504531722
0 0.4505287009063444 0.8293051359516617 0.05966767371601209 0.0377643504531722
1 0.4716767371601208 0.8697129909365559 0.06722054380664652 0.03700906344410876
1 0.4792296072507553 0.8878398791540786 0.06117824773413897 0.0324773413897281
0 0.4871601208459215 0.8957703927492447 0.060422960725075525 0.030211480362537763
0 0.4879154078549849 0.9188066465256798 0.06797583081570997 0.027945619335347432
0 0.5022658610271903 0.94297583081571 0.06948640483383686 0.027945619335347432
0 0.5060422960725075 0.9626132930513596 0.06646525679758308 0.027945619335347432
1 0.5177492447129909 0.9758308157099698 0.06570996978851963 0.03474320241691843
0 0.17409365558912387 0.8931268882175226 0.06419939577039276 0.05211480362537765
1 0.1148036253776435 0.9274924471299094 0.060422960725075525 0.04833836858006042
0 0.18580060422960726 0.9093655589123867 0.06646525679758308 0.052870090634441085
0 0.18391238670694865 0.9388217522658611 0.06570996978851963 0.04380664652567976
0 0.2001510574018127 0.9652567975830816 0.0634441087613293 0.0377643504531722
1 0.11404833836858005 0.9467522658610272 0.060422960725075525 0.04003021148036254
0 0.12462235649546828 0.9682779456193353 0.0634441087613293 0.03172205438066465
0 0.20921450151057402 0.9792296072507553 0.054380664652567974 0.030966767371601207
0 0.1506797583081571 0.8542296072507553 0.06873111782477341 0.04229607250755287
0 0.14161631419939577 0.8334592145015106 0.06570996978851963 0.04003021148036254
0 0.13783987915407855 0.8089123867069486 0.06117824773413897 0.04833836858006042
0 0.13028700906344412 0.7802114803625377 0.06722054380664652 0.04380664652567976
0 0.12311178247734139 0.7575528700906344 0.06646525679758308 0.0377643504531722
0 0.11744712990936555 0.7345166163141994 0.0702416918429003 0.05211480362537765
0 0.05740181268882175 0.7994712990936556 0.0649546827794562 0.04305135951661632
0 0.06570996978851963 0.81797583081571 0.061933534743202415 0.03927492447129909
0 0.07212990936555891 0.8379909365558912 0.06722054380664652 0.04305135951661632
0 0.0804380664652568 0.8580060422960725 0.05664652567975831 0.0377643504531722
0 0.08496978851963746 0.8768882175226587 0.06419939577039276 0.04380664652567976
0 0.08648036253776435 0.6967522658610272 0.06419939577039276 0.0581570996978852
0 0.06910876132930513 0.6593655589123867 0.05211480362537765 0.04984894259818731
1 0.06797583081570997 0.6314199395770392 0.0649546827794562 0.04984894259818731
0 0.024924471299093656 0.524546827794562 0.045317220543806644 0.06117824773413897
0 0.03134441087613293 0.5668429003021148 0.06419939577039276 0.05362537764350453
0 0.043429003021148035 0.5917673716012085 0.06722054380664652 0.035498489425981876
0 0.04229607250755287 0.7537764350453172 0.0634441087613293 0.04380664652567976
0 0.029833836858006044 0.7333836858006042 0.05664652567975831 0.04682779456193353
0 0.027945619335347432 0.7152567975830816 0.05740181268882175 0.03625377643504532
0 0.02416918429003021 0.6944864048338368 0.04833836858006042 0.035498489425981876
