0 0.16012084592145015 0.3960055096418733 0.03625377643504532 0.11707988980716254
0 0.18013595166163143 0.3939393939393939 0.030966767371601207 0.09917355371900827
1 0.19788519637462235 0.3787878787878788 0.0256797583081571 0.09917355371900827
0 0.21336858006042297 0.37672176308539945 0.030966767371601207 0.1115702479338843
0 0.22734138972809667 0.371900826446281 0.03172205438066465 0.09366391184573003
0 0.2398036253776435 0.3553719008264463 0.024924471299093656 0.09917355371900827
0 0.25868580060422963 0.3553719008264463 0.030966767371601207 0.1046831955922865
0 0.27152567975830816 0.3353994490358127 0.0324773413897281 0.11707988980716254
0 0.290785498489426 0.33264462809917356 0.03323262839879154 0.10606060606060606
1 0.30551359516616317 0.3285123966942149 0.027945619335347432 0.1115702479338843
1 0.31419939577039274 0.3174931129476584 0.03172205438066465 0.12258953168044077
0 0.3300604229607251 0.3112947658402204 0.030211480362537763 0.1046831955922865
0 0.3440332326283988 0.2975206611570248 0.027945619335347432 0.10743801652892562
0 0.3651812688821752 0.26239669421487605 0.035498489425981876 0.10606060606060606
0 0.38972809667673713 0.28512396694214875 0.030211480362537763 0.09090909090909091
0 0.40823262839879154 0.27892561983471076 0.035498489425981876 0.10330578512396695
0 0.4229607250755287 0.2706611570247934 0.028700906344410877 0.09779614325068871
0 0.438821752265861 0.2568870523415978 0.0377643504531722 0.10606060606060606
0 0.45392749244712993 0.24311294765840222 0.0377643504531722 0.11432506887052342
0 0.4709214501510574 0.2582644628099174 0.026435045317220542 0.08953168044077135
0 0.4716767371601208 0.21763085399449036 0.04305135951661632 0.09917355371900827
0 0.5090634441087614 0.23071625344352617 0.03927492447129909 0.09779614325068871
0 0.5169939577039275 0.1893939393939394 0.033987915407854986 0.10330578512396695
0 0.5487160120845922 0.2100550964187328 0.04154078549848943 0.10330578512396695
0 0.5483383685800605 0.13429752066115702 0.03625377643504532 0.09504132231404959
0 0.5785498489425982 0.1756198347107438 0.03927492447129909 0.10330578512396695
0 0.07590634441087614 0.35399449035812675 0.05966767371601209 0.06060606060606061
0 0.06835347432024169 0.32575757575757575 0.06117824773413897 0.03994490358126722
0 0.0547583081570997 0.2713498622589532 0.05664652567975831 0.06336088154269973
0 0.10385196374622356 0.22933884297520662 0.06722054380664652 0.0674931129476584
0 0.04229607250755287 0.22520661157024793 0.061933534743202415 0.048209366391184574
0 0.027945619335347432 0.15013774104683197 0.05740181268882175 0.05785123966942149
0 0.0804380664652568 0.16460055096418733 0.05513595166163142 0.05922865013774105
0 0.07439577039274925 0.11432506887052342 0.06419939577039276 0.049586776859504134
0 0.05891238670694864 0.05853994490358127 0.061933534743202415 0.05096418732782369
