1 0.7715256797583081 0.8716012084592145 0.04154078549848943 0.060422960725075525
1 0.7900302114803626 0.8610271903323263 0.04078549848942598 0.05740181268882175
0 0.8141993957703928 0.8527190332326284 0.03625377643504532 0.0513595166163142
1 0.8402567975830816 0.8485649546827795 0.04305135951661632 0.05664652567975831
1 0.8632930513595166 0.8436555891238671 0.04380664652567976 0.0634441087613293
1 0.8810422960725075 0.8327039274924471 0.03700906344410876 0.05362537764350453
0 0.9063444108761329 0.824773413897281 0.03625377643504532 0.0513595166163142
0 0.9358006042296072 0.8115558912386707 0.01661631419939577 0.0581570996978852
0 0.9569486404833837 0.8130664652567976 0.0377643504531722 0.0702416918429003
0 0.9773413897280967 0.8013595166163142 0.02416918429003021 0.05740181268882175
