1 0.39274924471299094 0.05702416918429003 0.1027190332326284 0.04154078549848943
1 0.42031722054380666 0.11102719033232629 0.1095166163141994 0.03625377643504532
0 0.43277945619335345 0.16880664652567975 0.09365558912386707 0.0324773413897281
0 0.449773413897281 0.21790030211480363 0.07477341389728097 0.04154078549848943
0 0.4679003021148036 0.28134441087613293 0.07477341389728097 0.030966767371601207
0 0.4746978851963746 0.3300604229607251 0.06117824773413897 0.03172205438066465
1 0.5018882175226587 0.35347432024169184 0.06419939577039276 0.0513595166163142
1 0.5336102719033232 0.44939577039274925 0.0823262839879154 0.0513595166163142
0 0.5513595166163142 0.5018882175226587 0.08459214501510574 0.04305135951661632
0 0.5166163141993958 0.41351963746223563 0.07099697885196375 0.03851963746223565
0 0.5800604229607251 0.5589123867069486 0.0891238670694864 0.061933534743202415
0 0.6189577039274925 0.6759818731117825 0.08534743202416918 0.05740181268882175
0 0.6510574018126888 0.7337613293051359 0.0770392749244713 0.06117824773413897
0 0.6959969788519638 0.8395015105740181 0.07326283987915408 0.04607250755287009
0 0.720166163141994 0.8738670694864048 0.04758308157099698 0.05740181268882175
0 0.7345166163141994 0.9176737160120846 0.05362537764350453 0.0513595166163142
0 0.7484894259818731 0.9527945619335347 0.030211480362537763 0.05362537764350453
