0 0.42220543806646527 0.9165407854984894 0.0649546827794562 0.03700906344410876
0 0.4282477341389728 0.8697129909365559 0.061933534743202415 0.023413897280966767
0 0.4052114803625378 0.8308157099697885 0.06570996978851963 0.02416918429003021
0 0.395392749244713 0.7707703927492447 0.06117824773413897 0.02190332326283988
0 0.4199395770392749 0.6706948640483383 0.045317220543806644 0.019637462235649546
0 0.44637462235649544 0.5925226586102719 0.03172205438066465 0.05513595166163142
0 0.4656344410876133 0.5811933534743202 0.027945619335347432 0.05664652567975831
0 0.4909365558912387 0.5657099697885196 0.027190332326283987 0.06646525679758308
0 0.5577794561933535 0.543429003021148 0.0581570996978852 0.033987915407854986
0 0.35196374622356497 0.5513595166163142 0.03172205438066465 0.055891238670694864
0 0.36442598187311176 0.5411631419939577 0.033987915407854986 0.05513595166163142
0 0.38104229607250756 0.524546827794562 0.035498489425981876 0.05211480362537765
0 0.40823262839879154 0.4645015105740181 0.02945619335347432 0.054380664652567974
0 0.4618580060422961 0.47507552870090636 0.02945619335347432 0.0649546827794562
1 0.4278700906344411 0.6265105740181269 0.03851963746223565 0.06570996978851963
1 0.40634441087613293 0.4981117824773414 0.04078549848942598 0.05362537764350453
1 0.4407099697885196 0.4799848942598187 0.030966767371601207 0.06117824773413897
1 0.48753776435045315 0.466012084592145 0.0324773413897281 0.061933534743202415
1 0.5426737160120846 0.573262839879154 0.06268882175226587 0.03172205438066465
1 0.5608006042296072 0.4709214501510574 0.026435045317220542 0.07477341389728097
1 0.5770392749244713 0.46034743202416917 0.030211480362537763 0.06570996978851963
1 0.6166918429003021 0.47696374622356497 0.026435045317220542 0.07175226586102719
1 0.6336858006042296 0.47847432024169184 0.0256797583081571 0.06268882175226587
1 0.7009063444108762 0.5120845921450151 0.03323262839879154 0.0649546827794562
0 0.5120845921450151 0.4618580060422961 0.030211480362537763 0.0581570996978852
0 0.5370090634441088 0.45770392749244715 0.030211480362537763 0.061933534743202415
0 0.5974320241691843 0.4743202416918429 0.021148036253776436 0.06797583081570997
0 0.6533232628398792 0.47847432024169184 0.028700906344410877 0.06570996978851963
0 0.6774924471299094 0.5045317220543807 0.027190332326283987 0.0649546827794562
0 0.7073262839879154 0.4943353474320242 0.030966767371601207 0.0702416918429003
0 0.725453172205438 0.5124622356495468 0.0324773413897281 0.06722054380664652
0 0.7503776435045317 0.5200151057401813 0.027945619335347432 0.06722054380664652
0 0.831570996978852 0.5007552870090635 0.07250755287009064 0.03172205438066465
0 0.8376132930513596 0.5302114803625377 0.0513595166163142 0.04682779456193353
1 0.7749244712990937 0.5075528700906344 0.019637462235649546 0.0755287009063444
1 0.8444108761329305 0.5521148036253777 0.04984894259818731 0.04380664652567976
0 0.8508308157099698 0.577416918429003 0.04909365558912387 0.04607250755287009
1 0.8632930513595166 0.5857250755287009 0.061933534743202415 0.05664652567975831
2 0.9240936555891238 0.5785498489425982 0.026435045317220542 0.03474320241691843
1 0.8576283987915407 0.6272658610271903 0.04607250755287009 0.03851963746223565
0 0.8716012084592145 0.6419939577039275 0.055891238670694864 0.0377643504531722
0 0.8969033232628398 0.6737160120845922 0.06117824773413897 0.03625377643504532
0 0.8999244712990937 0.7318731117824774 0.05966767371601209 0.03323262839879154
0 0.9188066465256798 0.7700151057401813 0.07779456193353475 0.026435045317220542
0 0.927870090634441 0.7941842900302115 0.07628398791540786 0.024924471299093656
0 0.9433534743202416 0.8251510574018127 0.06646525679758308 0.033987915407854986
1 0.9478851963746223 0.851963746223565 0.055891238670694864 0.03625377643504532
1 0.9535498489425982 0.8761329305135952 0.05513595166163142 0.027190332326283987
0 0.9697885196374623 0.8935045317220544 0.045317220543806644 0.052870090634441085
0 0.9720543806646526 0.9206948640483383 0.052870090634441085 0.0256797583081571
0 0.2190332326283988 0.32817220543806647 0.04078549848942598 0.05513595166163142
0 0.1884441087613293 0.30966767371601206 0.02945619335347432 0.061933534743202415
0 0.1797583081570997 0.2862537764350453 0.012084592145015106 0.04682779456193353
0 0.1623867069486405 0.2571752265861027 0.02416918429003021 0.06117824773413897
0 0.14954682779456194 0.2239425981873112 0.0377643504531722 0.05362537764350453
0 0.12235649546827794 0.21450151057401812 0.0513595166163142 0.04078549848942598
0 0.11706948640483383 0.10007552870090634 0.052870090634441085 0.0445619335347432
0 0.11518126888217523 0.06533232628398791 0.05362537764350453 0.030966767371601207
0 0.09780966767371602 0.027190332326283987 0.05211480362537765 0.0377643504531722
0 0.37424471299093653 0.026812688821752265 0.05513595166163142 0.05513595166163142
0 0.3938821752265861 0.032854984894259816 0.03700906344410876 0.05966767371601209
0 0.40672205438066467 0.04267371601208459 0.027945619335347432 0.05513595166163142
0 0.43013595166163143 0.06835347432024169 0.05211480362537765 0.03851963746223565
1 0.4467522658610272 0.08308157099697885 0.04305135951661632 0.0377643504531722
1 0.4509063444108761 0.10083081570996978 0.04984894259818731 0.0445619335347432
0 0.47658610271903323 0.125 0.054380664652567974 0.026435045317220542
0 0.4916918429003021 0.14841389728096677 0.03927492447129909 0.05211480362537765
0 0.5071752265861027 0.15672205438066467 0.04003021148036254 0.04607250755287009
1 0.5196374622356495 0.16125377643504532 0.0377643504531722 0.04758308157099698
0 0.5336102719033232 0.17220543806646527 0.04758308157099698 0.03927492447129909
0 0.5547583081570997 0.21790030211480363 0.03851963746223565 0.05664652567975831
0 0.5808157099697885 0.21374622356495468 0.04078549848942598 0.0513595166163142
0 0.6314199395770392 0.26586102719033233 0.04380664652567976 0.05740181268882175
1 0.6710725075528701 0.26963746223564955 0.0324773413897281 0.06646525679758308
1 0.698262839879154 0.2836102719033233 0.023413897280966767 0.05966767371601209
1 0.716012084592145 0.28323262839879154 0.021148036253776436 0.061933534743202415
1 0.7356495468277946 0.2802114803625378 0.03474320241691843 0.05740181268882175
0 0.8130664652567976 0.3062688821752266 0.06570996978851963 0.03851963746223565
0 0.7726586102719033 0.3062688821752266 0.052870090634441085 0.035498489425981876
0 0.7601963746223565 0.2707703927492447 0.0445619335347432 0.0445619335347432
0 0.7813444108761329 0.256797583081571 0.04154078549848943 0.060422960725075525
1 0.802870090634441 0.25604229607250756 0.03474320241691843 0.05891238670694864
0 0.8115558912386707 0.2466012084592145 0.03700906344410876 0.06419939577039276
0 0.8376132930513596 0.24244712990936557 0.028700906344410877 0.060422960725075525
0 0.8568731117824774 0.2413141993957704 0.0324773413897281 0.06117824773413897
0 0.8761329305135952 0.24622356495468278 0.03625377643504532 0.055891238670694864
0 0.8870845921450151 0.23074018126888218 0.04003021148036254 0.06570996978851963
0 0.9256042296072508 0.2598187311178248 0.027945619335347432 0.055891238670694864
0 0.9339123867069486 0.22205438066465258 0.026435045317220542 0.0634441087613293
0 0.9142749244712991 0.21638972809667673 0.02945619335347432 0.05664652567975831
1 0.9535498489425982 0.21525679758308158 0.030966767371601207 0.07099697885196375
1 0.9773413897280967 0.21676737160120846 0.03474320241691843 0.0755287009063444
