0 0.472809667673716 0.4263595166163142 0.0377643504531722 0.04003021148036254
2 0.4746978851963746 0.42900302114803623 0.0324773413897281 0.030211480362537763
2 0.5132175226586103 0.6159365558912386 0.05211480362537765 0.04003021148036254
3 0.7179003021148036 0.6336858006042296 0.10498489425981873 0.1646525679758308
3 0.30362537764350456 0.2413141993957704 0.1540785498489426 0.2001510574018127
3 0.524546827794562 0.925226586102719 0.15181268882175228 0.11329305135951662
0 0.27492447129909364 0.4104984894259819 0.04984894259818731 0.0702416918429003
0 0.24471299093655588 0.43731117824773413 0.04229607250755287 0.07401812688821752
0 0.2122356495468278 0.4641238670694864 0.04833836858006042 0.06873111782477341
0 0.16125377643504532 0.47696374622356497 0.04758308157099698 0.0702416918429003
0 0.13255287009063443 0.4962235649546828 0.03700906344410876 0.05891238670694864
0 0.10876132930513595 0.5033987915407855 0.04078549848942598 0.05966767371601209
0 0.0857250755287009 0.5143504531722054 0.05060422960725076 0.0649546827794562
0 0.060422960725075525 0.5388972809667674 0.045317220543806644 0.07326283987915408
