0 0.4380664652567976 0.45581570996978854 0.0770392749244713 0.05513595166163142
0 0.4206948640483384 0.40634441087613293 0.08459214501510574 0.04078549848942598
0 0.3904833836858006 0.3723564954682779 0.0634441087613293 0.04078549848942598
0 0.381797583081571 0.32968277945619334 0.07175226586102719 0.035498489425981876
0 0.3957703927492447 0.3081570996978852 0.09969788519637462 0.03474320241691843
1 0.3859516616314199 0.28512084592145015 0.09063444108761329 0.04003021148036254
1 0.3712235649546828 0.2620845921450151 0.08081570996978851 0.030211480362537763
0 0.35913897280966767 0.22356495468277945 0.07779456193353475 0.027190332326283987
0 0.3447885196374622 0.1967522658610272 0.07175226586102719 0.02945619335347432
0 0.33459214501510576 0.1510574018126888 0.0755287009063444 0.03474320241691843
0 0.28851963746223563 0.01850453172205438 0.06646525679758308 0.02945619335347432
0 0.2979607250755287 0.046450151057401814 0.0823262839879154 0.0324773413897281
0 0.3119335347432024 0.07590634441087614 0.08157099697885196 0.03851963746223565
0 0.32099697885196377 0.11895770392749244 0.061933534743202415 0.04909365558912387
0 0.46034743202416917 0.03361027190332326 0.08383685800604229 0.02945619335347432
1 0.4811178247734139 0.09516616314199396 0.07401812688821752 0.054380664652567974
0 0.4935800604229607 0.12651057401812688 0.07779456193353475 0.02945619335347432
0 0.5124622356495468 0.15974320241691842 0.0702416918429003 0.02945619335347432
0 0.5332326283987915 0.18806646525679757 0.0891238670694864 0.03323262839879154
0 0.525679758308157 0.2209214501510574 0.0770392749244713 0.02945619335347432
1 0.5483383685800605 0.2413141993957704 0.08761329305135952 0.02945619335347432
0 0.5415407854984894 0.2669939577039275 0.0634441087613293 0.03851963746223565
0 0.5611782477341389 0.28134441087613293 0.07099697885196375 0.03700906344410876
0 0.5713746223564955 0.30702416918429004 0.04305135951661632 0.05513595166163142
0 0.5743957703927492 0.341012084592145 0.07326283987915408 0.03700906344410876
0 0.5849697885196374 0.368202416918429 0.07175226586102719 0.033987915407854986
0 0.5868580060422961 0.395392749244713 0.0755287009063444 0.027945619335347432
0 0.5925226586102719 0.41842900302114805 0.0823262839879154 0.030211480362537763
0 0.6012084592145015 0.4561933534743202 0.0770392749244713 0.04078549848942598
0 0.618202416918429 0.5185045317220544 0.07175226586102719 0.04154078549848943
0 0.6367069486404834 0.5422960725075529 0.05891238670694864 0.03172205438066465
0 0.649546827794562 0.5615558912386707 0.054380664652567974 0.04003021148036254
0 0.6450151057401813 0.604607250755287 0.060422960725075525 0.04305135951661632
0 0.6763595166163142 0.6540785498489426 0.06873111782477341 0.04229607250755287
0 0.7231873111782477 0.7488670694864048 0.08534743202416918 0.05060422960725076
0 0.7345166163141994 0.8055135951661632 0.07175226586102719 0.03700906344410876
0 0.7783232628398792 0.9093655589123867 0.06268882175226587 0.04078549848942598
0 0.8024924471299094 0.976963746223565 0.07779456193353475 0.03700906344410876
