1 0.14954682779456194 0.9648760330578513 0.05891238670694864 0.06473829201101929
1 0.13481873111782477 0.8526170798898072 0.06268882175226587 0.06611570247933884
0 0.13821752265861026 0.796831955922865 0.05740181268882175 0.0674931129476584
0 0.12802114803625378 0.7658402203856749 0.05513595166163142 0.05234159779614325
0 0.11367069486404834 0.7348484848484849 0.05211480362537765 0.06473829201101929
0 0.09818731117824774 0.6818181818181819 0.052870090634441085 0.06887052341597796
0 0.08685800604229607 0.6439393939393939 0.054380664652567974 0.05371900826446281
0 0.06986404833836858 0.5674931129476584 0.05362537764350453 0.0743801652892562
0 0.04871601208459214 0.46487603305785125 0.05966767371601209 0.06473829201101929
1 0.061555891238670696 0.5089531680440772 0.04909365558912387 0.07300275482093664
1 0.03323262839879154 0.40151515151515155 0.0513595166163142 0.07851239669421488
1 0.0256797583081571 0.3691460055096419 0.0513595166163142 0.07713498622589532
1 0.020770392749244714 0.32438016528925623 0.04305135951661632 0.07575757575757576
0 0.01661631419939577 0.28581267217630857 0.03474320241691843 0.05922865013774105
