0 0.029880478087649404 0.47696374622356497 0.05976095617529881 0.05060422960725076
0 0.049800796812749 0.4618580060422961 0.07171314741035856 0.0445619335347432
1 0.08764940239043825 0.45392749244712993 0.09561752988047809 0.04682779456193353
0 0.1344621513944223 0.4425981873111782 0.08167330677290836 0.04380664652567976
0 0.16533864541832669 0.43391238670694865 0.0796812749003984 0.04758308157099698
0 0.19322709163346613 0.4248489425981873 0.07569721115537849 0.05211480362537765
0 0.23505976095617528 0.4188066465256798 0.099601593625498 0.04305135951661632
0 0.2539840637450199 0.4093655589123867 0.09362549800796813 0.04984894259818731
0 0.3047808764940239 0.4104984894259819 0.09561752988047809 0.04909365558912387
0 0.3376494023904382 0.4025679758308157 0.10159362549800796 0.04078549848942598
0 0.36354581673306774 0.388595166163142 0.08964143426294821 0.04758308157099698
0 0.40537848605577687 0.38972809667673713 0.09362549800796813 0.045317220543806644
0 0.448207171314741 0.39274924471299094 0.08764940239043825 0.04229607250755287
1 0.4721115537848605 0.36442598187311176 0.11155378486055777 0.04909365558912387
0 0.5268924302788844 0.36253776435045315 0.10159362549800796 0.04682779456193353
0 0.5866533864541833 0.35083081570996977 0.07768924302788845 0.05362537764350453
0 0.6812749003984063 0.3406344410876133 0.099601593625498 0.030211480362537763
0 0.6723107569721115 0.3175981873111782 0.10557768924302789 0.030966767371601207
0 0.7729083665338645 0.30966767371601206 0.09163346613545817 0.03927492447129909
0 0.7559760956175299 0.3304380664652568 0.06573705179282868 0.04003021148036254
0 0.8237051792828685 0.3100453172205438 0.08964143426294821 0.03851963746223565
0 0.851593625498008 0.3047583081570997 0.06573705179282868 0.04607250755287009
0 0.8924302788844621 0.2877643504531722 0.08366533864541832 0.03927492447129909
0 0.9362549800796812 0.2824773413897281 0.04780876494023904 0.04380664652567976
