3 0.41832669322709165 0.1355740181268882 0.36254980079681276 0.1351963746223565
3 0.49701195219123506 0.22356495468277945 0.3645418326693227 0.12386706948640483
3 0.5278884462151394 0.311178247734139 0.398406374501992 0.1268882175226586
3 0.5936254980079682 0.4006797583081571 0.32669322709163345 0.1216012084592145
3 0.649402390438247 0.4833836858006042 0.32669322709163345 0.11178247734138973
3 0.7131474103585658 0.6125377643504532 0.3386454183266932 0.11933534743202417
3 0.7370517928286853 0.6748489425981873 0.3545816733067729 0.10045317220543806
3 0.7868525896414342 0.7420694864048338 0.2948207171314741 0.11555891238670694
3 0.8227091633466135 0.831570996978852 0.34661354581673304 0.12537764350453173
3 0.8426294820717132 0.8999244712990937 0.27091633466135456 0.10498489425981873
3 0.8804780876494024 0.07477341389728097 0.23107569721115537 0.1268882175226586
3 0.8954183266932271 0.1608761329305136 0.20119521912350596 0.09969788519637462
