0 0.7926737160120846 0.048209366391184574 0.06117824773413897 0.049586776859504134
0 0.7915407854984894 0.09090909090909091 0.05740181268882175 0.05509641873278237
0 0.8202416918429003 0.7444903581267218 0.0634441087613293 0.07024793388429752
2 0.8308157099697885 0.7403581267217632 0.022658610271903322 0.05922865013774105
0 0.820619335347432 0.8794765840220385 0.04607250755287009 0.05647382920110193
0 0.8225075528700906 0.9056473829201103 0.04984894259818731 0.03443526170798898
0 0.8194864048338368 0.940771349862259 0.0513595166163142 0.046831955922865015
0 0.8376132930513596 0.9545454545454546 0.06646525679758308 0.05785123966942149
0 0.9527945619335347 0.8367768595041323 0.030966767371601207 0.10330578512396695
0 0.9811178247734139 0.8457300275482094 0.03172205438066465 0.09641873278236915
0 0.9690332326283988 0.9414600550964187 0.0513595166163142 0.0371900826446281
0 0.9697885196374623 0.9648760330578513 0.052870090634441085 0.0371900826446281
