0 0.6235093696763203 0.6733383685800605 0.07325383304940375 0.03700906344410876
0 0.6103066439522998 0.6355740181268882 0.07921635434412266 0.027945619335347432
0 0.5770868824531517 0.5596676737160121 0.06729131175468483 0.03474320241691843
0 0.5596252129471891 0.5207703927492447 0.07495741056218058 0.024924471299093656
0 0.5455706984667802 0.4762084592145015 0.07751277683134583 0.027945619335347432
0 0.5357751277683135 0.4369335347432024 0.08347529812606473 0.04154078549848943
0 0.4160988074957411 0.2609516616314199 0.05706984667802385 0.035498489425981876
0 0.45017035775127767 0.2854984894259819 0.05366269165247019 0.04078549848942598
0 0.3351788756388416 0.2722809667673716 0.031516183986371384 0.06419939577039276
0 0.3074957410562181 0.2775679758308157 0.03236797274275979 0.07175226586102719
0 0.2717206132879046 0.2688821752265861 0.03577512776831346 0.07250755287009064
0 0.24872231686541738 0.2719033232628399 0.034071550255536626 0.0755287009063444
0 0.2231686541737649 0.277190332326284 0.03747870528109029 0.052870090634441085
0 0.2022998296422487 0.28134441087613293 0.03321976149914821 0.07930513595166164
0 0.18228279386712096 0.2911631419939577 0.027257240204429302 0.08383685800604229
0 0.16609880749574105 0.3085347432024169 0.03747870528109029 0.07326283987915408
0 0.13373083475298125 0.30249244712990936 0.034071550255536626 0.06419939577039276
0 0.0924190800681431 0.32628398791540786 0.05025553662691652 0.0649546827794562
1 0.06473594548551959 0.33270392749244715 0.028960817717206135 0.07779456193353475
0 0.0217206132879046 0.3557401812688822 0.026405451448040886 0.054380664652567974
0 0.038756388415672915 0.33081570996978854 0.024701873935264056 0.07250755287009064
