0 0.547808764940239 0.07515105740181269 0.0796812749003984 0.06117824773413897
0 0.5856573705179283 0.08761329305135952 0.05179282868525896 0.0634441087613293
0 0.6254980079681275 0.0993202416918429 0.08366533864541832 0.06268882175226587
0 0.6683266932270916 0.1163141993957704 0.08167330677290836 0.05740181268882175
0 0.7081673306772909 0.12273413897280967 0.07768924302788845 0.06570996978851963
0 0.7460159362549801 0.13141993957703926 0.08167330677290836 0.054380664652567974
0 0.7659362549800797 0.14501510574018128 0.08565737051792828 0.060422960725075525
0 0.8794820717131474 0.19259818731117825 0.07370517928286853 0.061933534743202415
0 0.9701195219123506 0.21525679758308158 0.05179282868525896 0.0513595166163142
1 0.9292828685258964 0.2035498489425982 0.08565737051792828 0.05966767371601209
1 0.8396414342629482 0.1695619335347432 0.09362549800796813 0.05966767371601209
