3 0.2515105740181269 0.3364565587734242 0.10876132930513595 0.21976149914821125
0 0.26321752265861026 0.16737649063032367 0.05966767371601209 0.07240204429301533
1 0.18882175226586104 0.10647359454855196 0.07401812688821752 0.034071550255536626
0 0.21525679758308158 0.04045996592844975 0.06948640483383686 0.036626916524701875
1 0.22507552870090636 0.06686541737649063 0.07099697885196375 0.03833049403747871
0 0.44486404833836857 0.9616695059625213 0.04984894259818731 0.06984667802385008
0 0.4780966767371601 0.940374787052811 0.03323262839879154 0.06814310051107325
0 0.520392749244713 0.9148211243611585 0.03172205438066465 0.06643952299829642
0 0.5755287009063444 0.9126916524701874 0.03474320241691843 0.0706984667802385
0 0.6132930513595166 0.891396933560477 0.028700906344410877 0.062180579216354344
0 0.6351963746223565 0.8816013628620102 0.03172205438066465 0.06643952299829642
0 0.6623867069486404 0.8764906303236797 0.03625377643504532 0.07325383304940375
0 0.69297583081571 0.8598807495741057 0.035498489425981876 0.07240204429301533
0 0.7209214501510574 0.854344122657581 0.0324773413897281 0.08006814310051108
0 0.7533987915407855 0.8394378194207837 0.04154078549848943 0.075809199318569
0 0.7658610271903323 0.801107325383305 0.052870090634441085 0.05706984667802385
1 0.8134441087613293 0.8189948892674617 0.04078549848942598 0.09454855195911414
