3 0.513595166163142 0.1034923339011925 0.16012084592145015 0.1575809199318569
3 0.4509063444108761 0.2529812606473595 0.17522658610271905 0.1788756388415673
3 0.22734138972809667 0.6264906303236797 0.1903323262839879 0.19335604770017037
3 0.5196374622356495 0.6767461669505963 0.1797583081570997 0.1746166950596252
3 0.6189577039274925 0.5166098807495741 0.19561933534743203 0.20357751277683134
3 0.7333836858006042 0.2606473594548552 0.17069486404833836 0.19591141396933562
3 0.08874622356495468 0.8926746166950597 0.1729607250755287 0.17206132879045996
3 0.4354229607250755 0.8628620102214651 0.16993957703927492 0.1788756388415673
3 0.9070996978851964 0.9246166950596252 0.1510574018126888 0.14054514480408858
0 0.12046827794561933 0.17333901192504259 0.05664652567975831 0.05706984667802385
0 0.7851208459214502 0.1737649063032368 0.033987915407854986 0.06814310051107325
0 0.8225075528700906 0.16737649063032367 0.061933534743202415 0.041737649063032366
0 0.8387462235649547 0.20017035775127767 0.06419939577039276 0.039182282793867124
0 0.8700906344410876 0.227427597955707 0.0634441087613293 0.04258943781942078
2 0.7669939577039275 0.07666098807495741 0.05362537764350453 0.056218057921635436
0 0.8957703927492447 0.6418228279386712 0.0513595166163142 0.06729131175468483
0 0.9161631419939577 0.6154173764906303 0.055891238670694864 0.051959114139693355
0 0.927870090634441 0.5570698466780238 0.05362537764350453 0.059625212947189095
0 0.9512839879154078 0.5097955706984668 0.05513595166163142 0.048551959114139696
0 0.9384441087613293 0.5362010221465077 0.05362537764350453 0.051959114139693355
0 0.9074773413897281 0.028109028960817718 0.02945619335347432 0.05281090289608177
0 0.9308912386706949 0.03534923339011925 0.05211480362537765 0.06047700170357751
0 0.9452416918429003 0.054088586030664396 0.04305135951661632 0.046848381601362864
0 0.9611027190332326 0.06643952299829642 0.04154078549848943 0.05281090289608177
