0 0.7137462235649547 0.027257240204429302 0.07250755287009064 0.04770017035775128
2 0.7084592145015106 0.024701873935264056 0.03323262839879154 0.044293015332197615
3 0.7250755287009063 0.14948892674616696 0.10725075528700906 0.1797274275979557
0 0.9271148036253777 0.1307495741056218 0.05966767371601209 0.041737649063032366
1 0.9773413897280967 0.13330494037478705 0.03927492447129909 0.03492333901192504
1 0.9486404833836858 0.17120954003407154 0.060422960725075525 0.030664395229982964
1 0.9652567975830816 0.19335604770017037 0.05891238670694864 0.03747870528109029
0 0.9622356495468278 0.20826235093696763 0.04984894259818731 0.029812606473594547
0 0.9248489425981873 0.2764054514480409 0.05060422960725076 0.028109028960817718
0 0.9324018126888217 0.295144804088586 0.06570996978851963 0.04003407155025554
1 0.956570996978852 0.3194207836456559 0.05060422960725076 0.054514480408858604
0 0.695619335347432 0.30792163543441226 0.055891238670694864 0.028109028960817718
0 0.6993957703927492 0.33858603066439524 0.055891238670694864 0.03321976149914821
0 0.6552114803625377 0.38841567291311757 0.06268882175226587 0.034071550255536626
1 0.5105740181268882 0.4557069846678024 0.052870090634441085 0.05281090289608177
1 0.5608006042296072 0.4463373083475298 0.030966767371601207 0.06473594548551959
1 0.5445619335347432 0.46848381601362865 0.04229607250755287 0.054514480408858604
1 0.5989425981873112 0.4735945485519591 0.04380664652567976 0.06132879045996593
0 0.6578549848942599 0.4612436115843271 0.05740181268882175 0.041737649063032366
0 0.7080815709969789 0.45741056218057924 0.05211480362537765 0.044293015332197615
0 0.6993957703927492 0.49233390119250425 0.07099697885196375 0.04258943781942078
2 0.7586858006042296 0.4804088586030664 0.0324773413897281 0.040885860306643956
1 0.6555891238670695 0.565587734241908 0.05740181268882175 0.03577512776831346
1 0.6374622356495468 0.623083475298126 0.05891238670694864 0.022998296422487224
1 0.6321752265861027 0.6724872231686542 0.060422960725075525 0.03833049403747871
1 0.6937311178247734 0.6831345826235093 0.0581570996978852 0.03747870528109029
1 0.6374622356495468 0.6805792163543442 0.05891238670694864 0.030664395229982964
0 0.6351963746223565 0.600511073253833 0.055891238670694864 0.028960817717206135
0 0.6986404833836858 0.5894378194207837 0.060422960725075525 0.02555366269165247
0 0.7035498489425982 0.6239352640545145 0.06873111782477341 0.036626916524701875
0 0.6967522658610272 0.7095400340715503 0.04909365558912387 0.04940374787052811
1 0.6963746223564955 0.745741056218058 0.05740181268882175 0.05025553662691652
0 0.6918429003021148 0.7708688245315162 0.054380664652567974 0.04599659284497445
0 0.6382175226586103 0.7248722316865418 0.0649546827794562 0.02555366269165247
1 0.6359516616314199 0.7461669505962522 0.0649546827794562 0.02555366269165247
0 0.6314199395770392 0.7691652470187393 0.060422960725075525 0.03236797274275979
1 0.6321752265861027 0.7879045996592845 0.0649546827794562 0.03236797274275979
0 0.6351963746223565 0.8164395229982965 0.05891238670694864 0.03321976149914821
1 0.7039274924471299 0.8045144804088586 0.045317220543806644 0.05536626916524702
0 0.6990181268882175 0.8594548551959115 0.05664652567975831 0.04770017035775128
1 0.629154078549849 0.9348381601362862 0.0649546827794562 0.019591141396933562
0 0.7031722054380665 0.936541737649063 0.061933534743202415 0.04514480408858603
2 0.8629154078549849 0.7270017035775128 0.033987915407854986 0.051959114139693355
2 0.8734894259818731 0.778534923339012 0.02945619335347432 0.04258943781942078
2 0.8474320241691843 0.7721465076660988 0.028700906344410877 0.03492333901192504
0 0.9425981873111783 0.8445485519591142 0.055891238670694864 0.031516183986371384
0 0.9391993957703928 0.8752129471890971 0.05513595166163142 0.031516183986371384
1 0.9335347432024169 0.9131175468483816 0.06797583081570997 0.030664395229982964
0 0.9324018126888217 0.9399488926746167 0.06117824773413897 0.029812606473594547
1 0.9308912386706949 0.9723168654173765 0.06419939577039276 0.031516183986371384
0 0.918429003021148 0.8087734241908007 0.05740181268882175 0.029812606473594547
1 0.9188066465256798 0.7900340715502555 0.05664652567975831 0.029812606473594547
1 0.9248489425981873 0.7751277683134583 0.06722054380664652 0.030664395229982964
1 0.9210725075528701 0.747870528109029 0.05966767371601209 0.02385008517887564
1 0.9222054380664653 0.6984667802385008 0.055891238670694864 0.03747870528109029
0 0.9150302114803626 0.669931856899489 0.04758308157099698 0.026405451448040886
1 0.9150302114803626 0.6443781942078365 0.0445619335347432 0.03321976149914821
0 0.9108761329305136 0.5068143100511073 0.03625377643504532 0.017035775127768313
