0 0.7428247734138973 0.4169184290030212 0.06268882175226587 0.03474320241691843
0 0.745845921450151 0.4509063444108761 0.05966767371601209 0.04078549848942598
0 0.5808157099697885 0.39274924471299094 0.060422960725075525 0.03927492447129909
0 0.5845921450151057 0.4399546827794562 0.06797583081570997 0.027945619335347432
0 0.584214501510574 0.47129909365558914 0.07628398791540786 0.03625377643504532
0 0.5853474320241692 0.5396525679758308 0.0649546827794562 0.03851963746223565
1 0.5185045317220544 0.4916918429003021 0.05664652567975831 0.055891238670694864
1 0.513595166163142 0.5362537764350453 0.060422960725075525 0.0256797583081571
0 0.525679758308157 0.5966767371601208 0.061933534743202415 0.028700906344410877
0 0.8172205438066465 0.5464501510574018 0.061933534743202415 0.035498489425981876
2 0.8262839879154078 0.5460725075528701 0.04078549848942598 0.02416918429003021
2 0.7805891238670695 0.5683534743202416 0.0324773413897281 0.02190332326283988
0 0.8077794561933535 0.5830815709969789 0.0581570996978852 0.04078549848942598
1 0.8194864048338368 0.6544561933534743 0.0649546827794562 0.027945619335347432
0 0.8157099697885196 0.6967522658610272 0.060422960725075525 0.024924471299093656
0 0.8209969788519638 0.7326283987915407 0.0634441087613293 0.028700906344410877
0 0.824773413897281 0.7662386706948641 0.0634441087613293 0.024924471299093656
0 0.8202416918429003 0.7911631419939577 0.05740181268882175 0.026435045317220542
0 0.823262839879154 0.8402567975830816 0.054380664652567974 0.026435045317220542
0 0.8198640483383686 0.872356495468278 0.0581570996978852 0.030211480362537763
0 0.8187311178247734 0.900679758308157 0.060422960725075525 0.02945619335347432
1 0.8364803625377644 0.9274924471299094 0.05211480362537765 0.04078549848942598
0 0.8266616314199395 0.9622356495468278 0.05664652567975831 0.028700906344410877
0 0.8255287009063444 0.9841389728096677 0.060422960725075525 0.022658610271903322
0 0.5234138972809668 0.7114803625377644 0.0513595166163142 0.04229607250755287
0 0.5381419939577039 0.7322507552870091 0.05966767371601209 0.033987915407854986
0 0.533987915407855 0.756797583081571 0.055891238670694864 0.027190332326283987
0 0.5354984894259819 0.7768126888217523 0.0649546827794562 0.024924471299093656
0 0.5313444108761329 0.8104229607250756 0.05513595166163142 0.027190332326283987
0 0.5343655589123867 0.831570996978852 0.05664652567975831 0.0256797583081571
0 0.5332326283987915 0.8704682779456193 0.054380664652567974 0.04003021148036254
0 0.5347432024169184 0.9078549848942599 0.060422960725075525 0.03323262839879154
0 0.6034743202416919 0.9588368580060423 0.061933534743202415 0.026435045317220542
0 0.5366314199395771 0.956570996978852 0.0581570996978852 0.035498489425981876
