0 0.7938066465256798 0.31388415672913117 0.0513595166163142 0.06899488926746167
0 0.754154078549849 0.32964224872231684 0.05513595166163142 0.07495741056218058
0 0.6280211480362538 0.1418228279386712 0.05966767371601209 0.031516183986371384
0 0.6382175226586103 0.17802385008517888 0.0634441087613293 0.027257240204429302
1 0.6559667673716012 0.20911413969335604 0.05966767371601209 0.04514480408858603
0 0.7171450151057401 0.3428449744463373 0.0445619335347432 0.075809199318569
0 0.709214501510574 0.35477001703577515 0.04682779456193353 0.058773424190800685
0 0.69297583081571 0.37947189097103917 0.04909365558912387 0.05366269165247019
0 0.6699395770392749 0.29003407155025557 0.03172205438066465 0.048551959114139696
0 0.6570996978851964 0.3083475298126065 0.0513595166163142 0.06132879045996593
1 0.6227341389728097 0.24190800681431004 0.04154078549848943 0.07155025553662692
0 0.6178247734138973 0.11286201022146508 0.07099697885196375 0.029812606473594547
0 0.6049848942598187 0.07836456558773425 0.07401812688821752 0.02555366269165247
0 0.5460725075528701 0.048551959114139696 0.03172205438066465 0.03747870528109029
0 0.584214501510574 0.15502555366269166 0.023413897280966767 0.030664395229982964
0 0.9663897280966768 0.653747870528109 0.05211480362537765 0.062180579216354344
1 0.8742447129909365 0.6213798977853492 0.033987915407854986 0.075809199318569
0 0.8587613293051359 0.647359454855196 0.028700906344410877 0.06473594548551959
0 0.8361027190332326 0.6405451448040886 0.03474320241691843 0.06643952299829642
0 0.8130664652567976 0.6511925042589438 0.04607250755287009 0.06388415672913117
0 0.8092900302114804 0.6750425894378195 0.04758308157099698 0.051959114139693355
0 0.9584592145015106 0.6869676320272573 0.05891238670694864 0.05025553662691652
0 0.94297583081571 0.6997444633730835 0.06419939577039276 0.05706984667802385
0 0.9218277945619335 0.696763202725724 0.04607250755287009 0.06984667802385008
0 0.9040785498489426 0.7389267461669506 0.04380664652567976 0.06729131175468483
0 0.8802870090634441 0.7346678023850085 0.0445619335347432 0.06899488926746167
0 0.8572507552870091 0.739778534923339 0.04380664652567976 0.07410562180579217
0 0.8209969788519638 0.7610732538330495 0.03474320241691843 0.075809199318569
0 0.9342900302114804 0.91396933560477 0.02416918429003021 0.05281090289608177
0 0.9697885196374623 0.9420783645655878 0.0377643504531722 0.06643952299829642
0 0.8802870090634441 0.856473594548552 0.04003021148036254 0.0706984667802385
