0 0.4631474103585657 0.09856495468277945 0.06573705179282868 0.0445619335347432
1 0.49302788844621515 0.07061933534743202 0.08167330677290836 0.04909365558912387
0 0.2549800796812749 0.13330815709969787 0.0796812749003984 0.04305135951661632
1 0.6085657370517928 0.044939577039274925 0.10159362549800796 0.0445619335347432
0 0.7061752988047809 0.04229607250755287 0.10557768924302789 0.03474320241691843
0 0.702191235059761 0.021148036253776436 0.09362549800796813 0.03323262839879154
0 0.7788844621513944 0.02416918429003021 0.055776892430278883 0.04078549848942598
0 0.8625498007968128 0.013595166163141994 0.0796812749003984 0.028700906344410877
0 0.3884462151394422 0.10347432024169184 0.08764940239043825 0.061933534743202415
0 0.3346613545816733 0.11858006042296072 0.07569721115537849 0.04682779456193353
0 0.061752988047808766 0.1884441087613293 0.08366533864541832 0.0581570996978852
0 0.14442231075697212 0.1608761329305136 0.09362549800796813 0.04682779456193353
1 0.09262948207171315 0.1691842900302115 0.1254980079681275 0.04682779456193353
0 0.20617529880478086 0.14312688821752265 0.08964143426294821 0.05362537764350453
0 0.27689243027888444 0.13104229607250756 0.08764940239043825 0.04909365558912387
0 0.5507968127490039 0.06457703927492447 0.08964143426294821 0.05362537764350453
