0 0.46676737160120846 0.29545454545454547 0.0377643504531722 0.09779614325068871
0 0.49509063444108764 0.27548209366391185 0.027945619335347432 0.10743801652892562
0 0.547583081570997 0.2238292011019284 0.03323262839879154 0.08953168044077135
1 0.6076283987915407 0.19077134986225897 0.035498489425981876 0.10330578512396695
0 0.6336858006042296 0.17355371900826447 0.03172205438066465 0.07713498622589532
0 0.6669184290030211 0.1590909090909091 0.030211480362537763 0.07300275482093664
0 0.5268126888217523 0.46143250688705234 0.04003021148036254 0.0881542699724518
1 0.5415407854984894 0.42906336088154273 0.03323262839879154 0.08402203856749312
1 0.5592900302114804 0.41391184573002754 0.04607250755287009 0.081267217630854
0 0.5876132930513596 0.36983471074380164 0.03172205438066465 0.081267217630854
0 0.6136706948640483 0.3477961432506887 0.04305135951661632 0.1115702479338843
0 0.5660876132930514 0.6776859504132231 0.04607250755287009 0.1046831955922865
0 0.6280211480362538 0.5936639118457301 0.02945619335347432 0.08539944903581267
0 0.5876132930513596 0.621900826446281 0.03927492447129909 0.07300275482093664
0 0.6582326283987915 0.5550964187327824 0.04607250755287009 0.10192837465564739
0 0.6865558912386707 0.5399449035812672 0.04380664652567976 0.09366391184573003
0 0.7031722054380665 0.5151515151515151 0.0377643504531722 0.0881542699724518
0 0.7299848942598187 0.5117079889807162 0.03700906344410876 0.09504132231404959
0 0.7439577039274925 0.4931129476584022 0.04078549848942598 0.07713498622589532
0 0.668429003021148 0.2747933884297521 0.054380664652567974 0.08402203856749312
0 0.6910876132930514 0.25206611570247933 0.04682779456193353 0.09641873278236915
1 0.7137462235649547 0.21625344352617082 0.04380664652567976 0.10192837465564739
0 0.6858006042296072 0.1322314049586777 0.030211480362537763 0.08539944903581267
0 0.7220543806646526 0.09917355371900827 0.04229607250755287 0.09917355371900827
0 0.7511329305135952 0.20730027548209368 0.035498489425981876 0.09779614325068871
0 0.7790785498489426 0.19077134986225897 0.0324773413897281 0.10055096418732783
0 0.7994712990936556 0.17286501377410468 0.03700906344410876 0.09504132231404959
0 0.8368580060422961 0.13360881542699726 0.03474320241691843 0.09641873278236915
0 0.8572507552870091 0.11501377410468319 0.03927492447129909 0.08953168044077135
0 0.8795317220543807 0.11776859504132231 0.04003021148036254 0.08677685950413223
0 0.7488670694864048 0.0709366391184573 0.03851963746223565 0.10606060606060606
0 0.7802114803625377 0.05647382920110193 0.04380664652567976 0.09366391184573003
0 0.8904833836858006 0.06267217630853994 0.03625377643504532 0.0674931129476584
0 0.904833836858006 0.047520661157024795 0.04078549848942598 0.08402203856749312
0 0.9312688821752266 0.044765840220385676 0.04984894259818731 0.07575757575757576
0 0.9354229607250756 0.35055096418732784 0.035498489425981876 0.09504132231404959
0 0.9301359516616314 0.3994490358126722 0.0324773413897281 0.08264462809917356
0 0.8950151057401813 0.3822314049586777 0.03172205438066465 0.10330578512396695
0 0.8878398791540786 0.42424242424242425 0.03851963746223565 0.0881542699724518
0 0.8625377643504532 0.45385674931129477 0.03474320241691843 0.10330578512396695
0 0.8361027190332326 0.46831955922865015 0.03323262839879154 0.08539944903581267
0 0.8289274924471299 0.49449035812672176 0.04305135951661632 0.09641873278236915
0 0.8085347432024169 0.48622589531680444 0.02945619335347432 0.09366391184573003
0 0.7926737160120846 0.4972451790633609 0.033987915407854986 0.0743801652892562
0 0.7753021148036254 0.5013774104683195 0.03851963746223565 0.09090909090909091
3 0.7922960725075529 0.71900826446281 0.16767371601208458 0.23140495867768596
0 0.9675226586102719 0.378099173553719 0.03172205438066465 0.11983471074380166
0 0.9799848942598187 0.33333333333333337 0.033987915407854986 0.09641873278236915
0 0.6604984894259819 0.9724517906336089 0.05664652567975831 0.049586776859504134
0 0.9101208459214502 0.71900826446281 0.04833836858006042 0.05509641873278237
0 0.9229607250755287 0.7548209366391185 0.05740181268882175 0.06887052341597796
0 0.9331570996978852 0.790633608815427 0.05362537764350453 0.0743801652892562
0 0.9452416918429003 0.8202479338842975 0.04909365558912387 0.05096418732782369
0 0.952416918429003 0.8340220385674931 0.045317220543806644 0.06473829201101929
0 0.9637462235649547 0.859504132231405 0.04078549848942598 0.049586776859504134
0 0.9682779456193353 0.9008264462809917 0.054380664652567974 0.046831955922865015
0 0.9709214501510574 0.9621212121212122 0.04909365558912387 0.045454545454545456
