1 0.8172205438066465 0.5268595041322314 0.18882175226586104 0.2768595041322314
0 0.3447885196374622 0.400137741046832 0.03851963746223565 0.12258953168044077
0 0.3685800604229607 0.4331955922865014 0.028700906344410877 0.12258953168044077
0 0.3889728096676737 0.48140495867768596 0.0256797583081571 0.13636363636363635
0 0.4176737160120846 0.4834710743801653 0.0256797583081571 0.13774104683195593
0 0.4641238670694864 0.550275482093664 0.04305135951661632 0.13636363636363635
0 0.49509063444108764 0.5792011019283747 0.02945619335347432 0.1391184573002755
0 0.5158610271903323 0.5991735537190083 0.028700906344410877 0.13774104683195593
0 0.5494712990936556 0.6329201101928374 0.033987915407854986 0.1418732782369146
0 0.5947885196374623 0.6756198347107438 0.04003021148036254 0.1391184573002755
0 0.6163141993957704 0.7011019283746557 0.04078549848942598 0.13774104683195593
0 0.6397280966767371 0.7341597796143251 0.03927492447129909 0.1652892561983471
0 0.6710725075528701 0.768595041322314 0.027945619335347432 0.12947658402203857
0 0.6907099697885196 0.7878787878787878 0.033987915407854986 0.1349862258953168
1 0.7182779456193353 0.8044077134986226 0.03474320241691843 0.1349862258953168
1 0.7749244712990937 0.8574380165289256 0.0377643504531722 0.12809917355371903
1 0.5759063444108762 0.6370523415977961 0.03851963746223565 0.14462809917355374
0 0.7594410876132931 0.8353994490358126 0.035498489425981876 0.1418732782369146
0 0.8055135951661632 0.9042699724517906 0.04003021148036254 0.13085399449035812
0 0.834214501510574 0.918732782369146 0.03851963746223565 0.12947658402203857
0 0.7190332326283988 0.36019283746556474 0.061933534743202415 0.06473829201101929
0 0.7209214501510574 0.3154269972451791 0.05966767371601209 0.049586776859504134
0 0.7009063444108762 0.2830578512396694 0.05891238670694864 0.06198347107438017
0 0.7129909365558912 0.25757575757575757 0.0634441087613293 0.06336088154269973
0 0.7001510574018127 0.2196969696969697 0.0649546827794562 0.0674931129476584
0 0.7277190332326284 0.21556473829201103 0.0581570996978852 0.06473829201101929
0 0.7394259818731118 0.1315426997245179 0.08610271903323263 0.05371900826446281
0 0.7469788519637462 0.1184573002754821 0.06646525679758308 0.03856749311294766
0 0.7488670694864048 0.08677685950413223 0.08383685800604229 0.06060606060606061
0 0.7726586102719033 0.05303030303030303 0.0649546827794562 0.04269972451790634
0 0.9361782477341389 0.6439393939393939 0.05060422960725076 0.12534435261707988
1 0.9731873111782477 0.6639118457300276 0.02945619335347432 0.12672176308539945
