2 0.45315161839863716 0.4520392749244713 0.044293015332197615 0.033987915407854986
2 0.33986371379897784 0.44222054380664655 0.040885860306643956 0.030966767371601207
2 0.379045996592845 0.4792296072507553 0.04770017035775128 0.02945619335347432
2 0.47700170357751276 0.49773413897280966 0.05281090289608177 0.03474320241691843
2 0.6575809199318569 0.6638972809667674 0.054514480408858604 0.030211480362537763
2 0.5170357751277683 0.6567220543806647 0.04599659284497445 0.035498489425981876
2 0.34582623509369675 0.55702416918429 0.04770017035775128 0.033987915407854986
2 0.2683134582623509 0.6484138972809668 0.04940374787052811 0.027945619335347432
2 0.39906303236797275 0.7307401812688822 0.06388415672913117 0.03851963746223565
2 0.5626064735945485 0.8304380664652568 0.06388415672913117 0.033987915407854986
2 0.3036626916524702 0.7677492447129909 0.05536626916524702 0.033987915407854986
2 0.3871379897785349 0.8474320241691843 0.05536626916524702 0.030211480362537763
2 0.3922487223168654 0.8697129909365559 0.05706984667802385 0.030966767371601207
2 0.38245315161839866 0.9123867069486404 0.056218057921635436 0.03323262839879154
2 0.4097103918228279 0.9229607250755287 0.056218057921635436 0.0256797583081571
3 0.6771720613287905 0.4637462235649547 0.16013628620102216 0.08761329305135952
