3 0.06117824773413897 0.3659365558912387 0.11782477341389729 0.19259818731117825
3 0.7613293051359517 0.8655589123867069 0.20996978851963746 0.16314199395770393
0 0.9467522658610272 0.9773413897280967 0.0324773413897281 0.03927492447129909
0 0.9237160120845922 0.7145015105740181 0.07854984894259819 0.04682779456193353
0 0.6166918429003021 0.8319486404833837 0.05966767371601209 0.0324773413897281
0 0.6057401812688822 0.8058912386706949 0.06948640483383686 0.030211480362537763
0 0.5936555891238671 0.7813444108761329 0.061933534743202415 0.033987915407854986
0 0.6529456193353474 0.6733383685800605 0.06722054380664652 0.033987915407854986
1 0.6578549848942599 0.6461480362537765 0.0634441087613293 0.04003021148036254
0 0.6355740181268882 0.6189577039274925 0.0581570996978852 0.04003021148036254
0 0.6283987915407855 0.5702416918429003 0.054380664652567974 0.03927492447129909
1 0.6061178247734139 0.5241691842900302 0.06570996978851963 0.0377643504531722
1 0.5743957703927492 0.41842900302114805 0.06419939577039276 0.045317220543806644
1 0.3376132930513595 0.015105740181268881 0.05891238670694864 0.02416918429003021
0 0.35196374622356497 0.03474320241691843 0.04984894259818731 0.03172205438066465
0 0.35536253776435045 0.05777945619335347 0.05664652567975831 0.0445619335347432
0 0.375 0.08648036253776435 0.05362537764350453 0.026435045317220542
0 0.38368580060422963 0.118202416918429 0.05891238670694864 0.0324773413897281
1 0.37424471299093653 0.13783987915407855 0.07326283987915408 0.035498489425981876
0 0.3942598187311178 0.15634441087613293 0.05740181268882175 0.04078549848942598
1 0.39010574018126887 0.19108761329305135 0.05966767371601209 0.04380664652567976
1 0.39916918429003023 0.21185800604229607 0.06419939577039276 0.03851963746223565
0 0.41918429003021146 0.2394259818731118 0.06646525679758308 0.04078549848942598
1 0.4297583081570997 0.2707703927492447 0.0755287009063444 0.03851963746223565
1 0.42862537764350456 0.29003021148036257 0.0581570996978852 0.0377643504531722
1 0.4490181268882175 0.30173716012084595 0.05966767371601209 0.027945619335347432
0 0.4569486404833837 0.32099697885196377 0.061933534743202415 0.03323262839879154
0 0.452416918429003 0.3425226586102719 0.05740181268882175 0.02190332326283988
0 0.4520392749244713 0.36367069486404835 0.06419939577039276 0.026435045317220542
0 0.4645015105740181 0.3787764350453172 0.055891238670694864 0.02945619335347432
0 0.4641238670694864 0.4070996978851964 0.06419939577039276 0.0377643504531722
0 0.4675226586102719 0.4331570996978852 0.055891238670694864 0.03851963746223565
0 0.4909365558912387 0.4561933534743202 0.060422960725075525 0.03927492447129909
0 0.4814954682779456 0.4928247734138973 0.06117824773413897 0.035498489425981876
0 0.4916918429003021 0.5192598187311178 0.05740181268882175 0.03851963746223565
0 0.5086858006042296 0.5400302114803626 0.04607250755287009 0.0377643504531722
0 0.5154833836858006 0.5615558912386707 0.05362537764350453 0.030966767371601207
0 0.5320996978851964 0.5989425981873112 0.05513595166163142 0.030211480362537763
0 0.5211480362537765 0.5785498489425982 0.05891238670694864 0.027190332326283987
0 0.5279456193353474 0.6204682779456193 0.0634441087613293 0.0324773413897281
0 0.5430513595166163 0.6359516616314199 0.060422960725075525 0.02416918429003021
0 0.5415407854984894 0.6529456193353474 0.060422960725075525 0.030966767371601207
0 0.5490936555891238 0.6710725075528701 0.05891238670694864 0.024924471299093656
0 0.5487160120845922 0.68202416918429 0.05966767371601209 0.027190332326283987
0 0.5456948640483383 0.6918429003021148 0.05966767371601209 0.028700906344410877
0 0.5524924471299094 0.7190332326283988 0.06570996978851963 0.03927492447129909
