0 0.43185689948892675 0.8422865013774105 0.04599659284497445 0.07024793388429752
0 0.41141396933560476 0.8243801652892562 0.044293015332197615 0.0674931129476584
0 0.32921635434412266 0.8085399449035813 0.03321976149914821 0.10192837465564739
0 0.3074957410562181 0.8236914600550964 0.03236797274275979 0.10192837465564739
0 0.272572402044293 0.7920110192837466 0.03236797274275979 0.09366391184573003
0 0.2542589437819421 0.7961432506887053 0.03833049403747871 0.10743801652892562
0 0.22402044293015333 0.7947658402203857 0.03236797274275979 0.09366391184573003
0 0.20826235093696763 0.8119834710743802 0.028109028960817718 0.10606060606060606
0 0.1903747870528109 0.806473829201102 0.036626916524701875 0.09504132231404959
0 0.17632027257240204 0.8298898071625345 0.03236797274275979 0.10055096418732783
0 0.14735945485519591 0.8209366391184574 0.04258943781942078 0.09917355371900827
0 0.10647359454855196 0.8353994490358126 0.039182282793867124 0.09504132231404959
1 0.08517887563884156 0.8443526170798898 0.03747870528109029 0.10192837465564739
1 0.06729131175468483 0.8484848484848485 0.03577512776831346 0.1184573002754821
0 0.04514480408858603 0.8581267217630855 0.02555366269165247 0.12121212121212122
0 0.022572402044293016 0.8650137741046833 0.03321976149914821 0.1046831955922865
