3 0.3338368580060423 0.24173553719008264 0.14954682779456194 0.2713498622589532
3 0.24433534743202417 0.7396694214876033 0.12915407854984895 0.2727272727272727
2 0.060045317220543806 0.9449035812672176 0.030966767371601207 0.05785123966942149
1 0.39161631419939574 0.4490358126721763 0.030966767371601207 0.10743801652892562
1 0.4112537764350453 0.44421487603305787 0.023413897280966767 0.08953168044077135
0 0.37424471299093653 0.5578512396694215 0.0445619335347432 0.046831955922865015
0 0.3783987915407855 0.6060606060606061 0.045317220543806644 0.06887052341597796
1 0.38935045317220546 0.849862258953168 0.024924471299093656 0.09641873278236915
1 0.3530966767371601 0.8353994490358126 0.05362537764350453 0.05096418732782369
0 0.3504531722054381 0.8725895316804408 0.052870090634441085 0.04269972451790634
