0 0.49055891238670696 0.5944108761329305 0.06268882175226587 0.04078549848942598
0 0.5003776435045317 0.5377643504531722 0.06722054380664652 0.030211480362537763
0 0.4814954682779456 0.49886706948640486 0.0702416918429003 0.0324773413897281
0 0.4762084592145015 0.43391238670694865 0.0702416918429003 0.03851963746223565
0 0.5052870090634441 0.3266616314199396 0.060422960725075525 0.03851963746223565
1 0.5185045317220544 0.27681268882175225 0.03700906344410876 0.06722054380664652
0 0.44826283987915405 0.21487915407854985 0.033987915407854986 0.06419939577039276
0 0.46299093655589124 0.19486404833836857 0.03172205438066465 0.061933534743202415
0 0.47847432024169184 0.17900302114803626 0.033987915407854986 0.05891238670694864
1 0.5079305135951662 0.1540785498489426 0.0445619335347432 0.055891238670694864
1 0.6359516616314199 0.22922960725075528 0.0649546827794562 0.04154078549848943
0 0.540785498489426 0.23904833836858005 0.03323262839879154 0.05060422960725076
0 0.5611782477341389 0.22922960725075528 0.0256797583081571 0.05664652567975831
0 0.5868580060422961 0.21148036253776434 0.022658610271903322 0.06646525679758308
0 0.658987915407855 0.18542296072507553 0.05966767371601209 0.04154078549848943
0 0.5124622356495468 0.11329305135951662 0.026435045317220542 0.0513595166163142
1 0.5472054380664653 0.1283987915407855 0.0324773413897281 0.055891238670694864
1 0.5392749244712991 0.14614803625377643 0.021148036253776436 0.04607250755287009
0 0.5660876132930514 0.12726586102719034 0.024924471299093656 0.06570996978851963
1 0.5895015105740181 0.1148036253776435 0.023413897280966767 0.05740181268882175
1 0.604607250755287 0.11555891238670694 0.027945619335347432 0.060422960725075525
0 0.622356495468278 0.11140483383685801 0.02416918429003021 0.06570996978851963
0 0.6416163141993958 0.10649546827794562 0.023413897280966767 0.07401812688821752
1 0.6654078549848943 0.11367069486404834 0.01661631419939577 0.06873111782477341
1 0.6808912386706949 0.11329305135951662 0.02945619335347432 0.0755287009063444
0 0.7027945619335347 0.1163141993957704 0.02039274924471299 0.0755287009063444
1 0.7179003021148036 0.10158610271903323 0.02039274924471299 0.04909365558912387
1 0.7220543806646526 0.13406344410876134 0.01661631419939577 0.04003021148036254
1 0.7401812688821753 0.1216012084592145 0.027190332326283987 0.06646525679758308
0 0.754154078549849 0.10838368580060423 0.026435045317220542 0.04909365558912387
0 0.7787009063444109 0.13783987915407855 0.02416918429003021 0.06117824773413897
0 0.8538519637462235 0.14841389728096677 0.030966767371601207 0.06419939577039276
0 0.8104229607250756 0.1163141993957704 0.0256797583081571 0.04682779456193353
0 0.8262839879154078 0.138595166163142 0.0256797583081571 0.0445619335347432
0 0.80702416918429 0.13595166163141995 0.035498489425981876 0.04380664652567976
1 0.8047583081570997 0.1578549848942598 0.04003021148036254 0.0649546827794562
1 0.8783987915407855 0.14161631419939577 0.01812688821752266 0.08836858006042296
0 0.9101208459214502 0.1438821752265861 0.03474320241691843 0.04305135951661632
0 0.9244712990936556 0.13406344410876134 0.030211480362537763 0.06268882175226587
0 0.945619335347432 0.14765861027190333 0.045317220543806644 0.04305135951661632
1 0.9444864048338368 0.18013595166163143 0.0445619335347432 0.02945619335347432
0 0.959214501510574 0.20090634441087613 0.03323262839879154 0.030211480362537763
1 0.9663897280966768 0.21148036253776434 0.04607250755287009 0.04078549848942598
1 0.9648791540785498 0.24584592145015105 0.035498489425981876 0.024924471299093656
