3 0.3236404833836858 0.12672176308539945 0.13821752265861026 0.24242424242424243
3 0.7265861027190332 0.6466942148760331 0.13444108761329304 0.23553719008264462
0 0.3474320241691843 0.6487603305785125 0.03172205438066465 0.1184573002754821
0 0.36027190332326287 0.6831955922865014 0.021148036253776436 0.09641873278236915
0 0.37613293051359514 0.7066115702479339 0.028700906344410877 0.10192837465564739
0 0.4014350453172205 0.7196969696969697 0.02945619335347432 0.09228650137741047
0 0.43731117824773413 0.7623966942148761 0.028700906344410877 0.1115702479338843
0 0.4554380664652568 0.7851239669421488 0.0256797583081571 0.11294765840220386
0 0.4697885196374622 0.8071625344352618 0.03172205438066465 0.11294765840220386
0 0.49244712990936557 0.8264462809917356 0.03172205438066465 0.1046831955922865
0 0.46827794561933533 0.24586776859504134 0.03474320241691843 0.11432506887052342
0 0.5275679758308157 0.22107438016528927 0.04758308157099698 0.07851239669421488
1 0.4890483383685801 0.25619834710743805 0.02945619335347432 0.09641873278236915
1 0.5207703927492447 0.25757575757575757 0.05211480362537765 0.09090909090909091
1 0.5124622356495468 0.8333333333333334 0.030966767371601207 0.10743801652892562
0 0.5415407854984894 0.865702479338843 0.03474320241691843 0.11432506887052342
0 0.5536253776435045 0.8980716253443526 0.027190332326283987 0.10743801652892562
0 0.5713746223564955 0.9049586776859504 0.02945619335347432 0.08264462809917356
0 0.5861027190332326 0.928374655647383 0.028700906344410877 0.09366391184573003
0 0.600453172205438 0.940771349862259 0.03172205438066465 0.0881542699724518
1 0.6140483383685801 0.9449035812672176 0.028700906344410877 0.10192837465564739
0 0.6344410876132931 0.9586776859504132 0.0256797583081571 0.07713498622589532
0 0.5781722054380665 0.11570247933884298 0.04607250755287009 0.06887052341597796
0 0.5921450151057401 0.07575757575757576 0.04078549848942598 0.0743801652892562
0 0.5608006042296072 0.1522038567493113 0.04909365558912387 0.081267217630854
0 0.611404833836858 0.044765840220385676 0.05060422960725076 0.07575757575757576
0 0.6219788519637462 0.022727272727272728 0.04305135951661632 0.048209366391184574
0 0.6654078549848943 0.5103305785123967 0.0649546827794562 0.05922865013774105
0 0.6676737160120846 0.4641873278236915 0.06797583081570997 0.06336088154269973
0 0.6699395770392749 0.3973829201101928 0.054380664652567974 0.04269972451790634
0 0.6933534743202416 0.3973829201101928 0.052870090634441085 0.045454545454545456
0 0.7001510574018127 0.3464187327823692 0.06646525679758308 0.05096418732782369
0 0.702416918429003 0.3085399449035813 0.05891238670694864 0.05234159779614325
0 0.7156344410876133 0.29338842975206614 0.04909365558912387 0.046831955922865015
0 0.7258308157099698 0.26239669421487605 0.04833836858006042 0.05647382920110193
0 0.7409365558912386 0.23209366391184574 0.05740181268882175 0.06473829201101929
0 0.7552870090634441 0.2059228650137741 0.061933534743202415 0.0674931129476584
0 0.7696374622356495 0.1391184573002755 0.060422960725075525 0.03856749311294766
0 0.7511329305135952 0.17079889807162535 0.0581570996978852 0.03856749311294766
0 0.7620845921450151 0.1115702479338843 0.045317220543806644 0.0440771349862259
0 0.7775679758308157 0.0881542699724518 0.05513595166163142 0.05234159779614325
1 0.793429003021148 0.07369146005509641 0.05664652567975831 0.048209366391184574
0 0.8081570996978852 0.04201101928374656 0.060422960725075525 0.0371900826446281
0 0.800226586102719 0.7231404958677686 0.05966767371601209 0.08539944903581267
1 0.8296827794561934 0.7410468319559229 0.04154078549848943 0.09917355371900827
0 0.8387462235649547 0.7575757575757576 0.024924471299093656 0.09366391184573003
0 0.8663141993957704 0.7865013774104683 0.03927492447129909 0.09366391184573003
0 0.849320241691843 0.7651515151515151 0.027945619335347432 0.08677685950413223
0 0.8844410876132931 0.8037190082644629 0.022658610271903322 0.08402203856749312
0 0.8984138972809668 0.8278236914600551 0.02945619335347432 0.09090909090909091
1 0.922583081570997 0.8670798898071626 0.04305135951661632 0.07851239669421488
3 0.9588368580060423 0.912534435261708 0.07930513595166164 0.1584022038567493
