3 0.2945619335347432 0.04682779456193353 0.1661631419939577 0.09365558912386707
3 0.30891238670694865 0.16163141993957703 0.18429003021148035 0.13595166163141995
2 0.7284743202416919 0.060045317220543806 0.05211480362537765 0.0324773413897281
2 0.10762839879154079 0.45657099697885195 0.04909365558912387 0.03851963746223565
0 0.047960725075528704 0.45392749244712993 0.05362537764350453 0.0513595166163142
0 0.02530211480362538 0.46941087613293053 0.0445619335347432 0.05513595166163142
0 0.04947129909365559 0.7549093655589124 0.04003021148036254 0.06117824773413897
0 0.026812688821752265 0.7768126888217523 0.03700906344410876 0.05211480362537765
0 0.0755287009063444 0.7575528700906344 0.03172205438066465 0.054380664652567974
0 0.08761329305135952 0.7273413897280967 0.03323262839879154 0.04984894259818731
0 0.18542296072507553 0.752643504531722 0.05966767371601209 0.0445619335347432
0 0.1691842900302115 0.7787009063444109 0.04833836858006042 0.0377643504531722
0 0.15823262839879154 0.7953172205438066 0.04305135951661632 0.0377643504531722
0 0.13066465256797583 0.7953172205438066 0.04380664652567976 0.04380664652567976
0 0.11329305135951662 0.80702416918429 0.04078549848942598 0.04607250755287009
0 0.10649546827794562 0.8368580060422961 0.04984894259818731 0.04984894259818731
0 0.08345921450151057 0.8364803625377644 0.04003021148036254 0.05060422960725076
0 0.06608761329305136 0.8462990936555891 0.0324773413897281 0.05211480362537765
0 0.030589123867069485 0.8689577039274925 0.04305135951661632 0.05060422960725076
0 0.012084592145015106 0.8810422960725075 0.0256797583081571 0.0581570996978852
0 0.12311178247734139 0.9765861027190332 0.028700906344410877 0.03927492447129909
0 0.21148036253776434 0.9569486404833837 0.03474320241691843 0.054380664652567974
0 0.16125377643504532 0.9679003021148036 0.027945619335347432 0.04758308157099698
0 0.2326283987915408 0.9361782477341389 0.04682779456193353 0.06268882175226587
0 0.24924471299093656 0.9244712990936556 0.0377643504531722 0.04984894259818731
0 0.3840634441087613 0.46676737160120846 0.04909365558912387 0.0634441087613293
0 0.3840634441087613 0.40823262839879154 0.06268882175226587 0.04305135951661632
0 0.4248489425981873 0.39274924471299094 0.06419939577039276 0.0377643504531722
1 0.46110271903323263 0.3678247734138973 0.0445619335347432 0.055891238670694864
0 0.47507552870090636 0.3512084592145015 0.030211480362537763 0.060422960725075525
0 0.4909365558912387 0.3413897280966767 0.03323262839879154 0.04984894259818731
0 0.5343655589123867 0.32439577039274925 0.04607250755287009 0.05664652567975831
1 0.554380664652568 0.30891238670694865 0.04229607250755287 0.052870090634441085
0 0.6061178247734139 0.2836102719033233 0.04305135951661632 0.05211480362537765
1 0.6314199395770392 0.2707703927492447 0.04078549848942598 0.04909365558912387
0 0.6763595166163142 0.2601963746223565 0.03851963746223565 0.04607250755287009
0 0.6559667673716012 0.263595166163142 0.04003021148036254 0.054380664652567974
0 0.7099697885196374 0.23338368580060423 0.0377643504531722 0.055891238670694864
1 0.6865558912386707 0.2330060422960725 0.04380664652567976 0.04758308157099698
0 0.7224320241691843 0.22356495468277945 0.035498489425981876 0.04984894259818731
0 0.743202416918429 0.21148036253776434 0.04229607250755287 0.04682779456193353
0 0.7790785498489426 0.19901812688821752 0.0324773413897281 0.04909365558912387
0 0.7896525679758308 0.18240181268882175 0.04305135951661632 0.04909365558912387
1 0.8104229607250756 0.1691842900302115 0.028700906344410877 0.04833836858006042
0 0.830060422960725 0.1593655589123867 0.03474320241691843 0.045317220543806644
0 0.8372356495468278 0.15332326283987915 0.03851963746223565 0.04229607250755287
0 0.8553625377643505 0.14614803625377643 0.035498489425981876 0.04607250755287009
0 0.8685800604229608 0.13330815709969787 0.04380664652567976 0.05060422960725076
0 0.8757552870090635 0.11367069486404834 0.04003021148036254 0.0445619335347432
0 0.8923716012084593 0.12235649546827794 0.04305135951661632 0.04682779456193353
0 0.9493957703927492 0.09969788519637462 0.03927492447129909 0.045317220543806644
0 0.9112537764350453 0.09743202416918428 0.04003021148036254 0.045317220543806644
1 0.9577039274924471 0.07137462235649547 0.04984894259818731 0.05060422960725076
0 0.9765861027190332 0.06117824773413897 0.03625377643504532 0.052870090634441085
