1 0.7001510574018127 0.9010574018126888 0.04229607250755287 0.0755287009063444
1 0.7246978851963746 0.9018126888217523 0.04154078549848943 0.07854984894259819
1 0.7552870090634441 0.9025679758308157 0.028700906344410877 0.08459214501510574
1 0.7847432024169184 0.9074773413897281 0.03474320241691843 0.08685800604229607
1 0.8311933534743202 0.9237160120845922 0.030966767371601207 0.07854984894259819
1 0.8950151057401813 0.9391993957703928 0.022658610271903322 0.07930513595166164
1 0.9305135951661632 0.9327794561933535 0.030211480362537763 0.06948640483383686
1 0.9663897280966768 0.9358006042296072 0.023413897280966767 0.06646525679758308
1 0.9845166163141994 0.9433534743202416 0.02190332326283988 0.0634441087613293
0 0.8655589123867069 0.9199395770392749 0.0256797583081571 0.07099697885196375
