3 0.5219033232628398 0.8413897280966768 0.1933534743202417 0.14350453172205438
0 0.8141993957703928 0.9067220543806647 0.052870090634441085 0.04305135951661632
0 0.8462990936555891 0.949773413897281 0.05664652567975831 0.03700906344410876
0 0.69297583081571 0.870845921450151 0.06117824773413897 0.03625377643504532
0 0.7069486404833837 0.888595166163142 0.04984894259818731 0.03700906344410876
0 0.725453172205438 0.9199395770392749 0.07175226586102719 0.030211480362537763
0 0.7265861027190332 0.9490181268882175 0.055891238670694864 0.035498489425981876
0 0.7424471299093656 0.9762084592145015 0.06646525679758308 0.024924471299093656
0 0.8561178247734139 0.9826283987915407 0.05211480362537765 0.027190332326283987
0 0.3840634441087613 0.9595921450151057 0.04607250755287009 0.04607250755287009
0 0.3734894259818731 0.9373111782477341 0.04305135951661632 0.045317220543806644
0 0.3175981873111782 0.8209969788519638 0.06268882175226587 0.0256797583081571
