1 0.7649402390438247 0.6570996978851964 0.12749003984063745 0.027190332326283987
1 0.7539840637450199 0.6378398791540786 0.15737051792828685 0.0324773413897281
0 0.6294820717131474 0.42938066465256797 0.11952191235059761 0.033987915407854986
0 0.6175298804780877 0.37009063444108764 0.13147410358565736 0.030211480362537763
0 0.5796812749003984 0.3387462235649547 0.09561752988047809 0.04305135951661632
0 0.5507968127490039 0.3266616314199396 0.09362549800796813 0.026435045317220542
1 0.5547808764940239 0.3081570996978852 0.13346613545816732 0.03172205438066465
1 0.5268924302788844 0.2964501510574018 0.10956175298804781 0.027945619335347432
0 0.5976095617529881 0.2669939577039275 0.05976095617529881 0.04154078549848943
0 0.5159362549800797 0.27303625377643503 0.11553784860557768 0.017371601208459216
1 0.3954183266932271 0.09743202416918428 0.1294820717131474 0.028700906344410877
1 0.399402390438247 0.10838368580060423 0.12151394422310757 0.04003021148036254
0 0.5129482071713147 0.15898791540785498 0.08964143426294821 0.0445619335347432
1 0.398406374501992 0.05929003021148036 0.1593625498007968 0.023413897280966767
1 0.3954183266932271 0.0804380664652568 0.14143426294820716 0.02039274924471299
0 0.3844621513944223 0.021148036253776436 0.09561752988047809 0.0377643504531722
0 0.20816733067729085 0.027945619335347432 0.08964143426294821 0.04682779456193353
1 0.24203187250996017 0.01812688821752266 0.053784860557768925 0.03625377643504532
0 0.43326693227091634 0.12726586102719034 0.11354581673306773 0.04003021148036254
1 0.46613545816733065 0.14614803625377643 0.10358565737051792 0.04154078549848943
0 0.9362549800796812 0.20694864048338368 0.10358565737051792 0.0256797583081571
0 0.9083665338645418 0.1574773413897281 0.14741035856573706 0.027945619335347432
0 0.9103585657370518 0.11518126888217523 0.11952191235059761 0.024924471299093656
0 0.8735059760956175 0.09214501510574018 0.11354581673306773 0.028700906344410877
0 0.7420318725099602 0.0634441087613293 0.14940239043824702 0.01661631419939577
0 0.7639442231075697 0.034365558912386705 0.12151394422310757 0.027945619335347432
0 0.8276892430278884 0.016993957703927493 0.13346613545816732 0.0188821752265861
0 0.8306772908366534 0.0755287009063444 0.11553784860557768 0.0256797583081571
