0 0.6850453172205438 0.13202725724020442 0.03625377643504532 0.06132879045996593
3 0.6265105740181269 0.034071550255536626 0.08987915407854985 0.06814310051107325
0 0.7152567975830816 0.12819420783645655 0.0377643504531722 0.07240204429301533
0 0.7345166163141994 0.12095400340715502 0.02945619335347432 0.06473594548551959
0 0.7556646525679759 0.131175468483816 0.0324773413897281 0.054514480408858604
0 0.7666163141993958 0.11925042589437819 0.0256797583081571 0.056218057921635436
0 0.7843655589123867 0.11243611584327087 0.04003021148036254 0.054514480408858604
0 0.8047583081570997 0.10647359454855196 0.027945619335347432 0.06303236797274277
0 0.8172205438066465 0.10008517887563884 0.03172205438066465 0.05536626916524702
1 0.8338368580060423 0.10093696763202725 0.028700906344410877 0.06047700170357751
0 0.8485649546827795 0.08986371379897785 0.035498489425981876 0.05536626916524702
0 0.8617824773413897 0.08006814310051108 0.0377643504531722 0.056218057921635436
0 0.8829305135951662 0.0809199318568995 0.027190332326283987 0.06132879045996593
0 0.8969033232628398 0.06899488926746167 0.024924471299093656 0.054514480408858604
0 0.9063444108761329 0.06260647359454856 0.0256797583081571 0.05366269165247019
0 0.9222054380664653 0.06388415672913117 0.03323262839879154 0.05110732538330494
0 0.9463746223564955 0.05238500851788756 0.0256797583081571 0.058773424190800685
0 0.972809667673716 0.054514480408858604 0.0256797583081571 0.06473594548551959
