2 0.3776435045317221 0.6149914821124361 0.04682779456193353 0.044293015332197615
2 0.37084592145015105 0.6460817717206133 0.04380664652567976 0.03833049403747871
2 0.44561933534743203 0.6920783645655877 0.03474320241691843 0.028109028960817718
2 0.4490181268882175 0.7112436115843271 0.04003021148036254 0.028960817717206135
2 0.5392749244712991 0.7687393526405452 0.03474320241691843 0.036626916524701875
0 0.5320996978851964 0.7666098807495741 0.03700906344410876 0.05792163543441227
0 0.4104984894259819 0.7832197614991482 0.033987915407854986 0.06899488926746167
0 0.3870845921450151 0.7517035775127768 0.02945619335347432 0.07240204429301533
0 0.38104229607250756 0.717206132879046 0.035498489425981876 0.05281090289608177
0 0.36064954682779454 0.7265758091993186 0.027945619335347432 0.06132879045996593
0 0.3455438066465257 0.7035775127768313 0.033987915407854986 0.054514480408858604
0 0.3285498489425982 0.7116695059625213 0.0377643504531722 0.062180579216354344
0 0.2949395770392749 0.7137989778534923 0.0324773413897281 0.05792163543441227
0 0.2590634441087613 0.6984667802385008 0.03625377643504532 0.06303236797274277
0 0.23791540785498488 0.6878194207836457 0.0377643504531722 0.07410562180579217
0 0.21790030211480363 0.6622657580919932 0.035498489425981876 0.06899488926746167
0 0.20732628398791542 0.6954855195911414 0.04154078549848943 0.062180579216354344
1 0.1748489425981873 0.6908006814310051 0.04909365558912387 0.08347529812606473
0 0.12651057401812688 0.7287052810902896 0.04154078549848943 0.06899488926746167
0 0.1061178247734139 0.7431856899488927 0.035498489425981876 0.07240204429301533
1 0.08459214501510574 0.7146507666098808 0.0377643504531722 0.06814310051107325
1 0.06570996978851963 0.75 0.027190332326283987 0.0809199318568995
0 0.0770392749244713 0.7712947189097104 0.03474320241691843 0.06899488926746167
0 0.026057401812688823 0.7934412265758092 0.04154078549848943 0.06899488926746167
0 0.18542296072507553 0.39778534923339015 0.0445619335347432 0.06814310051107325
0 0.15861027190332327 0.3901192504258944 0.030211480362537763 0.06132879045996593
0 0.13141993957703926 0.3862862010221465 0.028700906344410877 0.06047700170357751
0 0.13104229607250756 0.4178023850085179 0.05060422960725076 0.05706984667802385
0 0.10460725075528701 0.41950596252129474 0.0445619335347432 0.05366269165247019
1 0.07854984894259819 0.42078364565587734 0.05740181268882175 0.07325383304940375
0 0.05626888217522659 0.4331345826235094 0.04909365558912387 0.06729131175468483
0 0.03209969788519638 0.43781942078364566 0.03700906344410876 0.06643952299829642
0 0.027945619335347432 0.45911413969335607 0.045317220543806644 0.06814310051107325
2 0.2526435045317221 0.04131175468483816 0.04154078549848943 0.05706984667802385
0 0.4486404833836858 0.7155025553662692 0.03927492447129909 0.06814310051107325
