3 0.08157099697885196 0.9161631419939577 0.13444108761329304 0.15861027190332327
3 0.6295317220543807 0.540785498489426 0.13066465256797583 0.16767371601208458
0 0.47583081570996977 0.81797583081571 0.06948640483383686 0.054380664652567974
2 0.4818731117824773 0.822129909365559 0.030211480362537763 0.035498489425981876
2 0.7503776435045317 0.6891993957703928 0.03700906344410876 0.03700906344410876
0 0.7424471299093656 0.6873111782477341 0.06797583081570997 0.022658610271903322
0 0.7681268882175226 0.5921450151057401 0.030211480362537763 0.061933534743202415
0 0.49509063444108764 0.8761329305135952 0.023413897280966767 0.061933534743202415
0 0.5215256797583081 0.8957703927492447 0.030966767371601207 0.061933534743202415
0 0.5558912386706949 0.8965256797583081 0.0377643504531722 0.061933534743202415
0 0.5740181268882175 0.8840634441087614 0.027190332326283987 0.05966767371601209
0 0.5966767371601208 0.8882175226586103 0.0377643504531722 0.0634441087613293
0 0.6170694864048338 0.8780211480362538 0.030211480362537763 0.05966767371601209
0 0.6355740181268882 0.8580060422960725 0.04154078549848943 0.04984894259818731
0 0.6891993957703928 0.8629154078549849 0.05060422960725076 0.0445619335347432
0 0.8361027190332326 0.8829305135951662 0.028700906344410877 0.04229607250755287
0 0.9569486404833837 0.7911631419939577 0.055891238670694864 0.023413897280966767
0 0.8663141993957704 0.8814199395770392 0.027190332326283987 0.04229607250755287
0 0.9501510574018127 0.8670694864048338 0.04682779456193353 0.04682779456193353
0 0.9792296072507553 0.8564954682779456 0.033987915407854986 0.04833836858006042
3 0.9324018126888217 0.5200151057401813 0.13217522658610273 0.18353474320241692
