0 0.32439577039274925 0.02530211480362538 0.08081570996978851 0.0324773413897281
0 0.3319486404833837 0.04758308157099698 0.08685800604229607 0.030211480362537763
0 0.3330815709969788 0.08157099697885196 0.06948640483383686 0.03323262839879154
0 0.3330815709969788 0.11102719033232629 0.07250755287009064 0.03172205438066465
1 0.35838368580060426 0.13481873111782477 0.07779456193353475 0.02945619335347432
1 0.3568731117824773 0.17673716012084592 0.07779456193353475 0.0377643504531722
0 0.3632930513595166 0.15181268882175228 0.06646525679758308 0.03172205438066465
0 0.37915407854984895 0.1971299093655589 0.07099697885196375 0.03625377643504532
0 0.3904833836858006 0.21487915407854985 0.06948640483383686 0.02945619335347432
1 0.4044561933534743 0.2330060422960725 0.0702416918429003 0.027945619335347432
0 0.41654078549848944 0.25302114803625375 0.07779456193353475 0.03927492447129909
0 0.41389728096676737 0.2998489425981873 0.06948640483383686 0.04380664652567976
0 0.4407099697885196 0.3104229607250755 0.06873111782477341 0.027190332326283987
0 0.43089123867069484 0.327416918429003 0.07326283987915408 0.024924471299093656
1 0.4561933534743202 0.3391238670694864 0.06646525679758308 0.07401812688821752
0 0.45468277945619334 0.3833081570996979 0.07854984894259819 0.02945619335347432
0 0.47205438066465255 0.402190332326284 0.08610271903323263 0.0324773413897281
0 0.4811178247734139 0.42673716012084595 0.08308157099697885 0.027190332326283987
0 0.4788519637462236 0.44826283987915405 0.08157099697885196 0.035498489425981876
0 0.49244712990936557 0.017749244712990938 0.07099697885196375 0.033987915407854986
1 0.5056646525679759 0.03512084592145015 0.04758308157099698 0.05060422960725076
0 0.5147280966767371 0.052870090634441085 0.05664652567975831 0.04380664652567976
0 0.5260574018126888 0.09705438066465256 0.06722054380664652 0.04607250755287009
0 0.5381419939577039 0.1216012084592145 0.06419939577039276 0.045317220543806644
1 0.5506042296072508 0.14803625377643503 0.07854984894259819 0.04229607250755287
0 0.5608006042296072 0.17673716012084592 0.06570996978851963 0.045317220543806644
0 0.5672205438066465 0.22054380664652568 0.0634441087613293 0.03927492447129909
0 0.5902567975830816 0.23527190332326284 0.06570996978851963 0.03851963746223565
0 0.5925226586102719 0.25604229607250756 0.05966767371601209 0.04833836858006042
0 0.6144259818731118 0.27341389728096677 0.05664652567975831 0.04078549848942598
0 0.6185800604229608 0.30966767371601206 0.03474320241691843 0.061933534743202415
0 0.6106495468277946 0.3413897280966767 0.05060422960725076 0.045317220543806644
0 0.6431268882175226 0.3330815709969788 0.04003021148036254 0.05740181268882175
0 0.6302870090634441 0.4150302114803625 0.06268882175226587 0.05060422960725076
0 0.6642749244712991 0.3802870090634441 0.05664652567975831 0.03700906344410876
0 0.677870090634441 0.40823262839879154 0.05060422960725076 0.03851963746223565
0 0.7643504531722054 0.3610271903323263 0.03625377643504532 0.0770392749244713
0 0.7783232628398792 0.34818731117824775 0.02945619335347432 0.05740181268882175
0 0.790785498489426 0.3455438066465257 0.030211480362537763 0.06570996978851963
0 0.8111782477341389 0.341012084592145 0.028700906344410877 0.06570996978851963
0 0.8591389728096677 0.30966767371601206 0.04305135951661632 0.06948640483383686
0 0.888595166163142 0.3066465256797583 0.03851963746223565 0.061933534743202415
0 0.9248489425981873 0.2911631419939577 0.04305135951661632 0.06722054380664652
0 0.9667673716012084 0.26510574018126887 0.03927492447129909 0.07401812688821752
0 0.9867824773413897 0.2590634441087613 0.02039274924471299 0.0649546827794562
1 0.8368580060422961 0.3240181268882175 0.04380664652567976 0.06797583081570997
1 0.8549848942598187 0.3092900302114804 0.0377643504531722 0.06419939577039276
1 0.7224320241691843 0.3651812688821752 0.033987915407854986 0.07779456193353475
1 0.7469788519637462 0.35876132930513593 0.0377643504531722 0.07099697885196375
2 0.6355740181268882 0.6540785498489426 0.04154078549848943 0.04833836858006042
2 0.638595166163142 0.6967522658610272 0.04154078549848943 0.035498489425981876
0 0.5283232628398792 0.5453172205438066 0.0702416918429003 0.03927492447129909
0 0.5328549848942599 0.5657099697885196 0.06873111782477341 0.03625377643504532
1 0.5596676737160121 0.6091389728096677 0.08157099697885196 0.04154078549848943
0 0.5709969788519638 0.648036253776435 0.0634441087613293 0.04078549848942598
0 0.5955438066465257 0.6729607250755287 0.06268882175226587 0.03474320241691843
0 0.601963746223565 0.7077039274924471 0.06797583081570997 0.045317220543806644
0 0.6189577039274925 0.7405589123867069 0.07930513595166164 0.03700906344410876
1 0.6314199395770392 0.7651057401812689 0.07401812688821752 0.03927492447129909
0 0.6408610271903323 0.7938066465256798 0.07175226586102719 0.04682779456193353
0 0.6608761329305136 0.8293051359516617 0.0755287009063444 0.03625377643504532
1 0.677870090634441 0.8583836858006042 0.07930513595166164 0.04003021148036254
0 0.6774924471299094 0.8851963746223565 0.07250755287009064 0.03927492447129909
0 0.679380664652568 0.9108761329305136 0.08534743202416918 0.045317220543806644
1 0.7129909365558912 0.9475075528700906 0.09516616314199396 0.04607250755287009
0 0.6937311178247734 0.5354984894259819 0.05513595166163142 0.0649546827794562
0 0.7005287009063444 0.5698640483383686 0.06268882175226587 0.04154078549848943
0 0.7533987915407855 0.5343655589123867 0.05362537764350453 0.06117824773413897
2 0.7809667673716012 0.5064199395770392 0.04078549848942598 0.03700906344410876
0 0.8164652567975831 0.5351208459214502 0.0770392749244713 0.04758308157099698
0 0.8277945619335347 0.5162386706948641 0.07854984894259819 0.04607250755287009
0 0.8364803625377644 0.48376132930513593 0.06570996978851963 0.04154078549848943
0 0.8810422960725075 0.5207703927492447 0.06419939577039276 0.033987915407854986
0 0.8833081570996979 0.4879154078549849 0.06873111782477341 0.04229607250755287
0 0.9150302114803626 0.4807401812688822 0.06268882175226587 0.06117824773413897
0 0.9573262839879154 0.47016616314199394 0.0445619335347432 0.06722054380664652
0 0.974320241691843 0.459214501510574 0.045317220543806644 0.05740181268882175
1 0.7186555891238671 0.591012084592145 0.0702416918429003 0.05211480362537765
0 0.7341389728096677 0.6106495468277946 0.04984894259818731 0.05060422960725076
0 0.7564199395770392 0.6261329305135952 0.04154078549848943 0.05740181268882175
0 0.7549093655589124 0.6578549848942599 0.04607250755287009 0.03927492447129909
1 0.7605740181268882 0.6790030211480362 0.028700906344410877 0.061933534743202415
1 0.7711480362537765 0.6858006042296072 0.03474320241691843 0.055891238670694864
0 0.7983383685800605 0.7137462235649547 0.05891238670694864 0.03625377643504532
0 0.783987915407855 0.7428247734138973 0.052870090634441085 0.06268882175226587
0 0.8175981873111783 0.7632175226586103 0.05362537764350453 0.0445619335347432
0 0.8259063444108762 0.7892749244712991 0.05362537764350453 0.03474320241691843
0 0.8334592145015106 0.8175981873111783 0.04909365558912387 0.04758308157099698
0 0.8395015105740181 0.8330815709969789 0.04909365558912387 0.04833836858006042
0 0.8466767371601208 0.870845921450151 0.055891238670694864 0.04229607250755287
0 0.8598942598187311 0.8987915407854985 0.0581570996978852 0.03927492447129909
0 0.8648036253776435 0.9206948640483383 0.060422960725075525 0.03927492447129909
0 0.8874622356495468 0.94297583081571 0.060422960725075525 0.03700906344410876
0 0.900679758308157 0.9599697885196374 0.06268882175226587 0.03172205438066465
0 0.9059667673716012 0.9818731117824774 0.06722054380664652 0.030211480362537763
