0 0.2775679758308157 0.43270868824531517 0.05664652567975831 0.034071550255536626
0 0.44108761329305135 0.4791311754684838 0.04078549848942598 0.07410562180579217
0 0.3285498489425982 0.4867972742759796 0.052870090634441085 0.048551959114139696
0 0.09101208459214502 0.40119250425894376 0.06268882175226587 0.04770017035775128
0 0.18126888217522658 0.45229982964224874 0.052870090634441085 0.054514480408858604
0 0.023413897280966767 0.444633730834753 0.045317220543806644 0.059625212947189095
0 0.10083081570996978 0.4659284497444634 0.05664652567975831 0.044293015332197615
2 0.08081570996978851 0.3198466780238501 0.0377643504531722 0.041737649063032366
2 0.13595166163141995 0.3287904599659284 0.04078549848942598 0.04770017035775128
0 0.12348942598187311 0.8884156729131175 0.05966767371601209 0.040885860306643956
2 0.12726586102719034 0.8875638841567292 0.030966767371601207 0.028960817717206135
