0 0.5089641434262948 0.5144628099173554 0.10956175298804781 0.05096418732782369
0 0.5567729083665338 0.48966942148760334 0.08565737051792828 0.048209366391184574
0 0.603585657370518 0.4703856749311295 0.08366533864541832 0.05096418732782369
0 0.6633466135458167 0.43870523415977963 0.07569721115537849 0.06473829201101929
0 0.799800796812749 0.3760330578512397 0.10557768924302789 0.05785123966942149
0 0.8595617529880478 0.33333333333333337 0.10557768924302789 0.06060606060606061
0 0.3605577689243028 0.3236914600550964 0.055776892430278883 0.07162534435261708
0 0.41035856573705176 0.3119834710743802 0.04780876494023904 0.0674931129476584
0 0.3207171314741036 0.3546831955922865 0.05976095617529881 0.05922865013774105
1 0.4402390438247012 0.2892561983471075 0.07171314741035856 0.0743801652892562
1 0.48705179282868527 0.2871900826446281 0.045816733067729085 0.06473829201101929
0 0.5209163346613546 0.2713498622589532 0.061752988047808766 0.06611570247933884
0 0.5647410358565736 0.2630853994490358 0.0697211155378486 0.06887052341597796
1 0.6195219123505976 0.21694214876033058 0.06374501992031872 0.09779614325068871
0 0.6772908366533864 0.2196969696969697 0.05179282868525896 0.08677685950413223
0 0.7270916334661355 0.20110192837465565 0.07171314741035856 0.06336088154269973
0 0.750996015936255 0.16666666666666669 0.04780876494023904 0.07162534435261708
0 0.795816733067729 0.16046831955922866 0.045816733067729085 0.07851239669421488
0 0.852589641434263 0.12052341597796143 0.05976095617529881 0.09779614325068871
0 0.9163346613545816 0.08539944903581267 0.07569721115537849 0.06887052341597796
0 0.948207171314741 0.06611570247933884 0.06374501992031872 0.07713498622589532
