3 0.952416918429003 0.18202416918429004 0.09214501510574018 0.2039274924471299
3 0.7016616314199395 0.49962235649546827 0.1404833836858006 0.1593655589123867
2 0.5641993957703928 0.8787764350453172 0.0755287009063444 0.05060422960725076
2 0.03134441087613293 0.9354229607250756 0.03851963746223565 0.02945619335347432
2 0.035498489425981876 0.9656344410876133 0.04078549848942598 0.030966767371601207
0 0.09856495468277945 0.9807401812688822 0.06268882175226587 0.027945619335347432
0 0.0755287009063444 0.9607250755287009 0.052870090634441085 0.021148036253776436
0 0.07099697885196375 0.9240936555891238 0.06646525679758308 0.026435045317220542
1 0.08006042296072508 0.9433534743202416 0.061933534743202415 0.0256797583081571
0 0.04909365558912387 0.8444108761329305 0.06646525679758308 0.027190332326283987
0 0.07326283987915408 0.8874622356495468 0.052870090634441085 0.030211480362537763
0 0.03134441087613293 0.8334592145015106 0.05664652567975831 0.026435045317220542
0 0.03700906344410876 0.801737160120846 0.0649546827794562 0.023413897280966767
0 0.024924471299093656 0.7352719033232629 0.04984894259818731 0.026435045317220542
1 0.034365558912386705 0.7715256797583081 0.06419939577039276 0.02190332326283988
1 0.060045317220543806 0.8625377643504532 0.07175226586102719 0.027190332326283987
