1 0.6603585657370518 0.43112947658402206 0.1254980079681275 0.09090909090909091
1 0.6703187250996016 0.47520661157024796 0.10956175298804781 0.07713498622589532
1 0.6832669322709163 0.5082644628099173 0.11553784860557768 0.05234159779614325
0 0.7380478087649402 0.6914600550964187 0.09760956175298804 0.0743801652892562
0 0.7101593625498008 0.6721763085399449 0.09760956175298804 0.06336088154269973
0 0.703187250996016 0.6274104683195593 0.09163346613545817 0.0674931129476584
0 0.699203187250996 0.581267217630854 0.11553784860557768 0.05234159779614325
0 0.6792828685258964 0.5454545454545454 0.13545816733067728 0.06611570247933884
0 0.04183266932270916 0.9049586776859504 0.07569721115537849 0.06611570247933884
0 0.04183266932270916 0.8567493112947658 0.0796812749003984 0.049586776859504134
