3 0.42673716012084595 0.1506797583081571 0.17522658610271905 0.09441087613293052
3 0.42900302114803623 0.29342900302114805 0.14954682779456194 0.08081570996978851
1 0.7054380664652568 0.26623867069486407 0.0513595166163142 0.0324773413897281
2 0.8538519637462235 0.5234138972809668 0.05060422960725076 0.04229607250755287
3 0.4380664652567976 0.595166163141994 0.14501510574018128 0.07401812688821752
3 0.4425981873111782 0.7469788519637462 0.1540785498489426 0.08459214501510574
3 0.44448640483383683 0.8836858006042296 0.1336858006042296 0.07854984894259819
2 0.743202416918429 0.7964501510574018 0.0377643504531722 0.035498489425981876
1 0.7330060422960725 0.7953172205438066 0.05966767371601209 0.04078549848942598
0 0.9342900302114804 0.9671450151057401 0.03474320241691843 0.02945619335347432
2 0.32892749244712993 0.7896525679758308 0.04607250755287009 0.03700906344410876
0 0.04758308157099698 0.5468277945619335 0.0634441087613293 0.03474320241691843
2 0.055891238670694864 0.5441842900302115 0.03927492447129909 0.02190332326283988
2 0.010196374622356496 0.5709969788519638 0.02039274924471299 0.0256797583081571
0 0.03512084592145015 0.5830815709969789 0.04909365558912387 0.04078549848942598
1 0.047960725075528704 0.6574773413897281 0.06419939577039276 0.030966767371601207
0 0.046450151057401814 0.6967522658610272 0.06570996978851963 0.027945619335347432
0 0.04758308157099698 0.7326283987915407 0.05891238670694864 0.03323262839879154
0 0.04984894259818731 0.7658610271903323 0.0634441087613293 0.02416918429003021
0 0.04758308157099698 0.7892749244712991 0.055891238670694864 0.0256797583081571
0 0.0513595166163142 0.8398791540785498 0.061933534743202415 0.027190332326283987
0 0.04984894259818731 0.872356495468278 0.060422960725075525 0.027190332326283987
0 0.04682779456193353 0.9018126888217523 0.060422960725075525 0.0256797583081571
1 0.06646525679758308 0.9305135951661632 0.054380664652567974 0.0377643504531722
0 0.05324773413897281 0.9637462235649547 0.06268882175226587 0.0256797583081571
0 0.0547583081570997 0.9848942598187311 0.06268882175226587 0.019637462235649546
