3 0.3066465256797583 0.2926737160120846 0.17522658610271905 0.2122356495468278
3 0.5925226586102719 0.20732628398791542 0.15634441087613293 0.2258308157099698
3 0.775679758308157 0.15823262839879154 0.1555891238670695 0.21676737160120846
3 0.9459969788519638 0.07968277945619336 0.10498489425981873 0.15483383685800603
3 0.5645770392749244 0.5139728096676737 0.17900302114803626 0.2107250755287009
3 0.3904833836858006 0.5709969788519638 0.1661631419939577 0.20241691842900303
2 0.5388972809667674 0.7413141993957704 0.07175226586102719 0.06873111782477341
0 0.7870090634441088 0.7707703927492447 0.045317220543806644 0.07326283987915408
0 0.5861027190332326 0.8413897280966768 0.05891238670694864 0.0770392749244713
1 0.5056646525679759 0.8666918429003021 0.04758308157099698 0.07779456193353475
0 0.4418429003021148 0.8923716012084593 0.05891238670694864 0.06873111782477341
0 0.39916918429003023 0.8931268882175226 0.05362537764350453 0.07477341389728097
0 0.2280966767371601 0.9584592145015106 0.07099697885196375 0.0256797583081571
0 0.20279456193353473 0.9342900302114804 0.06873111782477341 0.03323262839879154
0 0.1642749244712991 0.9112537764350453 0.06873111782477341 0.035498489425981876
0 0.15974320241691842 0.8746223564954683 0.06419939577039276 0.0377643504531722
0 0.13935045317220543 0.8391238670694864 0.06722054380664652 0.027190332326283987
0 0.13821752265861026 0.8134441087613293 0.0755287009063444 0.021148036253776436
0 0.09629909365558913 0.7299848942598187 0.07326283987915408 0.026435045317220542
0 0.10347432024169184 0.754154078549849 0.06797583081570997 0.024924471299093656
0 0.1129154078549849 0.7802114803625377 0.06570996978851963 0.021148036253776436
0 0.118202416918429 0.7990936555891238 0.05664652567975831 0.022658610271903322
0 0.07854984894259819 0.7069486404833837 0.0634441087613293 0.019637462235649546
0 0.07930513595166164 0.6899546827794562 0.08610271903323263 0.027945619335347432
0 0.07250755287009064 0.6669184290030211 0.07401812688821752 0.028700906344410877
0 0.06080060422960725 0.6423716012084593 0.0702416918429003 0.02190332326283988
0 0.04833836858006042 0.6170694864048338 0.08761329305135952 0.03625377643504532
0 0.04229607250755287 0.5808157099697885 0.07099697885196375 0.03172205438066465
0 0.04720543806646526 0.5555135951661632 0.07779456193353475 0.023413897280966767
0 0.18429003021148035 0.3557401812688822 0.052870090634441085 0.06646525679758308
0 0.138595166163142 0.3270392749244713 0.08987915407854985 0.03172205438066465
0 0.14614803625377643 0.2873867069486405 0.07930513595166164 0.02945619335347432
0 0.1438821752265861 0.2556646525679758 0.08081570996978851 0.027945619335347432
3 0.952416918429003 0.3685800604229607 0.09214501510574018 0.2311178247734139
0 0.04154078549848943 0.07477341389728097 0.0755287009063444 0.028700906344410877
0 0.07212990936555891 0.03172205438066465 0.0581570996978852 0.03172205438066465
0 0.10989425981873112 0.0445619335347432 0.02945619335347432 0.07250755287009064
0 0.1336858006042296 0.0324773413897281 0.0377643504531722 0.0634441087613293
0 0.1642749244712991 0.026435045317220542 0.03851963746223565 0.04984894259818731
0 0.032854984894259816 0.038897280966767374 0.06268882175226587 0.024924471299093656
