3 0.5777945619335347 0.38293051359516617 0.14954682779456194 0.1555891238670695
3 0.2556646525679758 0.4240936555891239 0.15634441087613293 0.1593655589123867
3 0.654833836858006 0.7190332326283988 0.2084592145015106 0.1782477341389728
0 0.4637462235649547 0.29531722054380666 0.045317220543806644 0.08157099697885196
0 0.035876132930513595 0.2719033232628399 0.05664652567975831 0.03172205438066465
0 0.061555891238670696 0.2843655589123867 0.04154078549848943 0.05664652567975831
0 0.06910876132930513 0.3221299093655589 0.04003021148036254 0.06117824773413897
0 0.10196374622356495 0.31268882175226587 0.04078549848942598 0.06646525679758308
0 0.11216012084592145 0.32968277945619334 0.04305135951661632 0.05664652567975831
0 0.13481873111782477 0.3455438066465257 0.0581570996978852 0.05060422960725076
0 0.16389728096676737 0.36367069486404835 0.07250755287009064 0.02945619335347432
0 0.1665407854984894 0.3878398791540785 0.0581570996978852 0.033987915407854986
0 0.36027190332326287 0.5181268882175226 0.045317220543806644 0.0513595166163142
0 0.37424471299093653 0.529833836858006 0.05060422960725076 0.04154078549848943
0 0.38935045317220546 0.5513595166163142 0.04305135951661632 0.06797583081570997
0 0.4176737160120846 0.5694864048338368 0.04229607250755287 0.06797583081570997
0 0.44599697885196377 0.5804380664652568 0.03851963746223565 0.06117824773413897
0 0.459214501510574 0.5989425981873112 0.045317220543806644 0.06797583081570997
0 0.4845166163141994 0.6151812688821753 0.04305135951661632 0.06268882175226587
0 0.5456948640483383 0.6268882175226587 0.06722054380664652 0.04229607250755287
1 0.5113293051359517 0.6393504531722054 0.04380664652567976 0.0823262839879154
1 0.5487160120845922 0.6582326283987915 0.06117824773413897 0.05664652567975831
1 0.3387462235649547 0.5109516616314199 0.04909365558912387 0.06570996978851963
0 0.7533987915407855 0.8372356495468278 0.07326283987915408 0.04003021148036254
0 0.7409365558912386 0.8583836858006042 0.0634441087613293 0.02945619335347432
0 0.763595166163142 0.8810422960725075 0.0891238670694864 0.027945619335347432
0 0.7518882175226587 0.9078549848942599 0.07175226586102719 0.03625377643504532
0 0.7258308157099698 0.9154078549848943 0.06948640483383686 0.028700906344410877
0 0.7216767371601208 0.9422205438066465 0.07326283987915408 0.03700906344410876
0 0.724320241691843 0.9633685800604229 0.06948640483383686 0.030966767371601207
0 0.7035498489425982 0.9777190332326284 0.08534743202416918 0.02945619335347432
0 0.6669184290030211 0.4675226586102719 0.04078549848942598 0.0634441087613293
0 0.7016616314199395 0.4814954682779456 0.03474320241691843 0.06117824773413897
0 0.752643504531722 0.5090634441087614 0.035498489425981876 0.06646525679758308
0 0.9493957703927492 0.648036253776435 0.03172205438066465 0.06646525679758308
0 0.9780966767371602 0.677870090634441 0.03172205438066465 0.07628398791540786
0 0.9037009063444109 0.622356495468278 0.03700906344410876 0.0649546827794562
0 0.8836858006042296 0.600453172205438 0.03474320241691843 0.0649546827794562
0 0.8580060422960725 0.5834592145015106 0.0377643504531722 0.06722054380664652
0 0.8368580060422961 0.5743957703927492 0.03625377643504532 0.06570996978851963
0 0.8119335347432024 0.5487160120845922 0.03474320241691843 0.07175226586102719
0 0.7862537764350453 0.5404078549848943 0.0377643504531722 0.07628398791540786
1 0.7307401812688822 0.5015105740181269 0.02945619335347432 0.07401812688821752
1 0.926737160120846 0.6450151057401813 0.03172205438066465 0.0770392749244713
1 0.12122356495468278 0.04607250755287009 0.03851963746223565 0.0634441087613293
1 0.2688821752265861 0.14501510574018128 0.03927492447129909 0.0649546827794562
1 0.31533232628398794 0.1816465256797583 0.04305135951661632 0.0702416918429003
0 0.4297583081570997 0.2590634441087613 0.03474320241691843 0.061933534743202415
0 0.38368580060422963 0.229607250755287 0.028700906344410877 0.0649546827794562
0 0.4040785498489426 0.2416918429003021 0.055891238670694864 0.0513595166163142
0 0.3610271903323263 0.22243202416918428 0.03323262839879154 0.06117824773413897
0 0.33987915407854985 0.19070996978851965 0.03927492447129909 0.06419939577039276
0 0.29531722054380666 0.15634441087613293 0.03323262839879154 0.060422960725075525
0 0.24433534743202417 0.13481873111782477 0.04758308157099698 0.05211480362537765
0 0.22469788519637462 0.12877643504531722 0.04003021148036254 0.05513595166163142
0 0.14803625377643503 0.05777945619335347 0.04380664652567976 0.06117824773413897
0 0.16540785498489427 0.07515105740181269 0.052870090634441085 0.04758308157099698
0 0.17371601208459214 0.08421450151057402 0.04984894259818731 0.03700906344410876
0 0.1865558912386707 0.08723564954682779 0.03474320241691843 0.05362537764350453
