3 0.18919939577039274 0.7873867069486404 0.16691842900302115 0.10649546827794562
0 0.0547583081570997 0.7518882175226587 0.05211480362537765 0.023413897280966767
0 0.04758308157099698 0.7326283987915407 0.060422960725075525 0.0256797583081571
0 0.03361027190332326 0.7043051359516617 0.05211480362537765 0.023413897280966767
0 0.038897280966767374 0.6797583081570997 0.05362537764350453 0.027190332326283987
0 0.02945619335347432 0.652190332326284 0.04833836858006042 0.023413897280966767
0 0.02530211480362538 0.6325528700906344 0.04758308157099698 0.02190332326283988
0 0.32326283987915405 0.6835347432024169 0.03172205438066465 0.04229607250755287
0 0.3270392749244713 0.706570996978852 0.045317220543806644 0.02945619335347432
0 0.37575528700906347 0.9120090634441088 0.05513595166163142 0.024924471299093656
0 0.37462235649546827 0.8814199395770392 0.052870090634441085 0.027190332326283987
0 0.3595166163141994 0.8387462235649547 0.055891238670694864 0.026435045317220542
0 0.35158610271903323 0.8217522658610272 0.05362537764350453 0.01812688821752266
0 0.35196374622356497 0.8062688821752266 0.060422960725075525 0.02039274924471299
0 0.34176737160120846 0.7613293051359517 0.04154078549848943 0.03474320241691843
