0 0.019637462235649546 0.825809199318569 0.0377643504531722 0.065587734241908
0 0.050981873111782476 0.8079216354344123 0.05362537764350453 0.062180579216354344
1 0.07212990936555891 0.793015332197615 0.04758308157099698 0.06132879045996593
1 0.09252265861027191 0.7764054514480409 0.0445619335347432 0.05706984667802385
0 0.11706948640483383 0.7666098807495741 0.03927492447129909 0.059625212947189095
0 0.17447129909365558 0.7363713798977853 0.04229607250755287 0.065587734241908
1 0.1401057401812689 0.7461669505962522 0.05211480362537765 0.07836456558773425
1 0.19939577039274925 0.7227427597955707 0.04833836858006042 0.0809199318568995
1 0.2194108761329305 0.7078364565587735 0.05664652567975831 0.06473594548551959
0 0.2348942598187311 0.7005962521294719 0.04078549848942598 0.065587734241908
0 0.25113293051359514 0.6963373083475298 0.03851963746223565 0.05366269165247019
1 0.2726586102719033 0.690374787052811 0.0513595166163142 0.051959114139693355
0 0.2843655589123867 0.6707836456558773 0.04003021148036254 0.05706984667802385
1 0.3183534743202417 0.674190800681431 0.05060422960725076 0.0706984667802385
0 0.3425226586102719 0.66396933560477 0.05362537764350453 0.0809199318568995
1 0.368202416918429 0.6405451448040886 0.0445619335347432 0.08177172061328791
0 0.3957703927492447 0.6426746166950597 0.04229607250755287 0.07410562180579217
0 0.39841389728096677 0.6154173764906303 0.04758308157099698 0.06388415672913117
0 0.4199395770392749 0.6098807495741057 0.045317220543806644 0.06814310051107325
1 0.4414652567975831 0.6017887563884157 0.03700906344410876 0.0706984667802385
0 0.4626132930513595 0.6120102214650767 0.04758308157099698 0.06899488926746167
1 0.47507552870090636 0.5971039182282794 0.04229607250755287 0.07495741056218058
0 0.4947129909365559 0.5911413969335605 0.04078549848942598 0.06303236797274277
1 0.5064199395770392 0.5702725724020443 0.04909365558912387 0.065587734241908
0 0.5283232628398792 0.5604770017035775 0.04909365558912387 0.07495741056218058
1 0.554380664652568 0.5562180579216355 0.05740181268882175 0.06984667802385008
1 0.5717522658610272 0.5434412265758092 0.0513595166163142 0.06814310051107325
0 0.6204682779456193 0.5936967632027257 0.05211480362537765 0.06643952299829642
0 0.6404833836858006 0.5391822827938672 0.04229607250755287 0.05792163543441227
0 0.6064954682779456 0.520442930153322 0.04078549848942598 0.056218057921635436
1 0.6661631419939577 0.5114991482112436 0.054380664652567974 0.07410562180579217
0 0.6801359516616314 0.4940374787052811 0.04909365558912387 0.054514480408858604
1 0.7054380664652568 0.5004258943781942 0.05740181268882175 0.0706984667802385
1 0.7148791540785498 0.4842419080068143 0.04909365558912387 0.07921635434412266
1 0.7367824773413897 0.4787052810902896 0.0324773413897281 0.07155025553662692
1 0.7658610271903323 0.4867972742759796 0.04078549848942598 0.065587734241908
0 0.7964501510574018 0.4599659284497445 0.03700906344410876 0.059625212947189095
0 0.8055135951661632 0.43824531516183984 0.035498489425981876 0.05536626916524702
0 0.8289274924471299 0.43568994889267465 0.03700906344410876 0.062180579216354344
1 0.8496978851963746 0.42163543441226575 0.0513595166163142 0.06303236797274277
0 0.875 0.42078364565587734 0.05060422960725076 0.059625212947189095
0 0.8987915407854985 0.4182282793867121 0.0377643504531722 0.059625212947189095
0 0.9025679758308157 0.39352640545144807 0.03323262839879154 0.06303236797274277
0 0.9274924471299094 0.3850085178875639 0.03625377643504532 0.07325383304940375
0 0.956570996978852 0.4007666098807496 0.04607250755287009 0.06899488926746167
1 0.4244712990936556 0.9633730834752982 0.04229607250755287 0.054514480408858604
0 0.4588368580060423 0.9480408858603067 0.04003021148036254 0.06132879045996593
0 0.4890483383685801 0.9373935264054515 0.033987915407854986 0.06388415672913117
0 0.5117069486404834 0.9352640545144805 0.03700906344410876 0.059625212947189095
0 0.5192598187311178 0.8982112436115843 0.04003021148036254 0.06899488926746167
0 0.547583081570997 0.9186541737649063 0.04078549848942598 0.065587734241908
0 0.5623111782477341 0.9024701873935265 0.033987915407854986 0.058773424190800685
1 0.5834592145015106 0.9024701873935265 0.04607250755287009 0.0706984667802385
0 0.5932779456193353 0.8756388415672913 0.04154078549848943 0.06473594548551959
0 0.625 0.873083475298126 0.035498489425981876 0.06814310051107325
0 0.6408610271903323 0.8671209540034072 0.04154078549848943 0.06643952299829642
0 0.6661631419939577 0.8500851788756388 0.03323262839879154 0.059625212947189095
0 0.6790030211480362 0.8356047700170358 0.03474320241691843 0.059625212947189095
0 0.6944864048338368 0.8445485519591142 0.0324773413897281 0.058773424190800685
0 0.7148791540785498 0.8292163543441227 0.04154078549848943 0.065587734241908
0 0.736404833836858 0.8109028960817717 0.03927492447129909 0.06303236797274277
0 0.7469788519637462 0.7972742759795571 0.04229607250755287 0.07155025553662692
0 0.7964501510574018 0.7972742759795571 0.04305135951661632 0.06814310051107325
0 0.7726586102719033 0.807495741056218 0.03323262839879154 0.06132879045996593
1 0.8398791540785498 0.7568143100511073 0.03323262839879154 0.06729131175468483
0 0.854607250755287 0.7734241908006815 0.0324773413897281 0.06303236797274277
0 0.8795317220543807 0.7427597955706985 0.033987915407854986 0.06643952299829642
0 0.8984138972809668 0.7342419080068143 0.033987915407854986 0.06643952299829642
1 0.8512084592145015 0.7116695059625213 0.03172205438066465 0.06047700170357751
1 0.952416918429003 0.7018739352640545 0.04833836858006042 0.06814310051107325
0 0.9792296072507553 0.7005962521294719 0.033987915407854986 0.05536626916524702
0 0.9841389728096677 0.6545996592844975 0.028700906344410877 0.05366269165247019
