1 0.2639728096676737 0.1469033232628399 0.04305135951661632 0.0581570996978852
0 0.20506042296072508 0.16691842900302115 0.03700906344410876 0.052870090634441085
1 0.16805135951661632 0.18617824773413896 0.04909365558912387 0.0445619335347432
1 0.13595166163141995 0.2088368580060423 0.03474320241691843 0.04607250755287009
1 0.09667673716012085 0.21185800604229607 0.03323262839879154 0.04909365558912387
1 0.06570996978851963 0.22734138972809667 0.04682779456193353 0.04229607250755287
1 0.04154078549848943 0.23753776435045318 0.03474320241691843 0.05362537764350453
1 0.18693353474320243 0.5630664652567976 0.04305135951661632 0.07930513595166164
1 0.1423716012084592 0.5891238670694864 0.03851963746223565 0.061933534743202415
1 0.12386706948640483 0.601963746223565 0.0377643504531722 0.05740181268882175
1 0.07137462235649547 0.6144259818731118 0.02945619335347432 0.0581570996978852
1 0.017371601208459216 0.6246223564954683 0.03172205438066465 0.0513595166163142
0 0.04380664652567976 0.6283987915407855 0.03323262839879154 0.05891238670694864
