1 0.6827794561933535 0.08496978851963746 0.04229607250755287 0.06722054380664652
1 0.5853474320241692 0.060422960725075525 0.07250755287009064 0.045317220543806644
0 0.5717522658610272 0.030211480362537763 0.0649546827794562 0.03323262839879154
0 0.6340634441087614 0.21110271903323263 0.07477341389728097 0.04607250755287009
0 0.7209214501510574 0.2881419939577039 0.07326283987915408 0.03700906344410876
0 0.8168429003021148 0.26132930513595165 0.06570996978851963 0.04078549848942598
0 0.7416918429003021 0.33081570996978854 0.06646525679758308 0.030211480362537763
0 0.7428247734138973 0.3485649546827795 0.07779456193353475 0.026435045317220542
0 0.7413141993957704 0.3685800604229607 0.07477341389728097 0.030211480362537763
0 0.7533987915407855 0.3961480362537764 0.08383685800604229 0.0324773413897281
1 0.7503776435045317 0.42182779456193353 0.06722054380664652 0.03851963746223565
1 0.7647280966767371 0.4645015105740181 0.05966767371601209 0.054380664652567974
0 0.7858761329305136 0.4788519637462236 0.05664652567975831 0.027190332326283987
1 0.7805891238670695 0.502643504531722 0.07477341389728097 0.030966767371601207
1 0.7960725075528701 0.5275679758308157 0.07250755287009064 0.05664652567975831
0 0.802870090634441 0.5540030211480362 0.0755287009063444 0.030966767371601207
1 0.804380664652568 0.574773413897281 0.0770392749244713 0.03474320241691843
0 0.8172205438066465 0.6000755287009063 0.0649546827794562 0.02945619335347432
0 0.8296827794561934 0.6253776435045317 0.06268882175226587 0.03172205438066465
1 0.834214501510574 0.6518126888217523 0.06570996978851963 0.03323262839879154
0 0.8398791540785498 0.6699395770392749 0.06646525679758308 0.027190332326283987
1 0.8496978851963746 0.7016616314199395 0.06797583081570997 0.03474320241691843
0 0.8651812688821753 0.7386706948640483 0.05362537764350453 0.03625377643504532
1 0.8783987915407855 0.7753021148036254 0.060422960725075525 0.03700906344410876
0 0.8821752265861027 0.820619335347432 0.060422960725075525 0.023413897280966767
0 0.8908610271903323 0.8489425981873112 0.06268882175226587 0.03625377643504532
0 0.9063444108761329 0.8863293051359517 0.07250755287009064 0.027945619335347432
0 0.9116314199395771 0.9165407854984894 0.06948640483383686 0.02945619335347432
0 0.9188066465256798 0.9444864048338368 0.07175226586102719 0.030966767371601207
0 0.9290030211480362 0.9697885196374623 0.07099697885196375 0.03323262839879154
0 0.9705438066465257 0.797583081570997 0.04984894259818731 0.03172205438066465
1 0.9686555891238671 0.75 0.0581570996978852 0.03474320241691843
1 0.9305135951661632 0.6306646525679759 0.0634441087613293 0.03474320241691843
1 0.23376132930513596 0.21638972809667673 0.06570996978851963 0.035498489425981876
1 0.22847432024169184 0.1846676737160121 0.06570996978851963 0.02945619335347432
1 0.2194108761329305 0.15483383685800603 0.06268882175226587 0.03927492447129909
0 0.21299093655589124 0.11216012084592145 0.06646525679758308 0.026435045317220542
0 0.20506042296072508 0.09138972809667674 0.06117824773413897 0.03625377643504532
