1 0.2481117824773414 0.011499148211243612 0.030966767371601207 0.024701873935264056
0 0.22318731117824772 0.0217206132879046 0.02190332326283988 0.0434412265758092
0 0.18617824773413896 0.022572402044293016 0.03700906344410876 0.046848381601362864
0 0.15672205438066467 0.036201022146507666 0.03851963746223565 0.048551959114139696
1 0.12953172205438065 0.056218057921635436 0.0445619335347432 0.054514480408858604
0 0.0804380664652568 0.038756388415672915 0.02945619335347432 0.028109028960817718
0 0.09176737160120846 0.06942078364565588 0.033987915407854986 0.036626916524701875
0 0.05929003021148036 0.06601362862010221 0.033987915407854986 0.041737649063032366
1 0.0411631419939577 0.08177172061328791 0.03700906344410876 0.05281090289608177
1 0.021148036253776436 0.09497444633730835 0.03323262839879154 0.058773424190800685
0 0.007175226586102719 0.10945485519591142 0.015861027190332326 0.03492333901192504
