1 0.028323262839879154 0.11712095400340716 0.04909365558912387 0.051959114139693355
1 0.07137462235649547 0.23509369676320274 0.06570996978851963 0.04599659284497445
1 0.08950151057401813 0.28023850085178875 0.06268882175226587 0.05792163543441227
1 0.10498489425981873 0.3049403747870528 0.052870090634441085 0.059625212947189095
1 0.12462235649546828 0.34497444633730834 0.055891238670694864 0.04599659284497445
1 0.1401057401812689 0.3760647359454855 0.0702416918429003 0.03492333901192504
1 0.14954682779456194 0.4058773424190801 0.06948640483383686 0.0434412265758092
1 0.1695619335347432 0.446763202725724 0.07477341389728097 0.05706984667802385
1 0.18429003021148035 0.4710391822827939 0.05740181268882175 0.04599659284497445
1 0.20052870090634442 0.49148211243611584 0.05966767371601209 0.04258943781942078
1 0.21601208459214502 0.5276831345826235 0.061933534743202415 0.04003407155025554
1 0.22205438066465258 0.5566439522998297 0.0634441087613293 0.041737649063032366
0 0.2239425981873112 0.5834752981260647 0.05664652567975831 0.039182282793867124
0 0.229607250755287 0.6128620102214651 0.060422960725075525 0.04514480408858603
1 0.24018126888217523 0.6401192504258943 0.0770392749244713 0.0434412265758092
1 0.2601963746223565 0.6643952299829642 0.05966767371601209 0.04770017035775128
1 0.2719033232628399 0.696763202725724 0.06797583081570997 0.04770017035775128
1 0.2820996978851964 0.709114139693356 0.05966767371601209 0.046848381601362864
1 0.29003021148036257 0.7248722316865418 0.05891238670694864 0.039182282793867124
0 0.3032477341389728 0.7482964224872232 0.06722054380664652 0.04003407155025554
1 0.34365558912386707 0.866695059625213 0.06646525679758308 0.03321976149914821
0 0.34705438066465255 0.9143952299829642 0.06570996978851963 0.03492333901192504
0 0.34441087613293053 0.9505962521294719 0.0649546827794562 0.027257240204429302
0 0.33799093655589124 0.9799829642248723 0.06873111782477341 0.026405451448040886
3 0.5324773413897281 0.8858603066439523 0.13897280966767372 0.1890971039182283
0 0.5211480362537765 0.30068143100511074 0.05740181268882175 0.04258943781942078
1 0.527190332326284 0.3364565587734242 0.060422960725075525 0.044293015332197615
1 0.5377643504531722 0.379045996592845 0.06948640483383686 0.04940374787052811
0 0.5464501510574018 0.40545144804088584 0.0581570996978852 0.039182282793867124
1 0.5558912386706949 0.4476149914821124 0.0634441087613293 0.05366269165247019
0 0.5687311178247734 0.4846678023850085 0.061933534743202415 0.03747870528109029
1 0.5819486404833837 0.5170357751277683 0.0581570996978852 0.05281090289608177
0 0.6261329305135952 0.5195911413969335 0.04984894259818731 0.05281090289608177
1 0.6408610271903323 0.5834752981260647 0.04909365558912387 0.08177172061328791
1 0.6593655589123867 0.6401192504258943 0.06646525679758308 0.046848381601362864
0 0.6623867069486404 0.6673764906303237 0.05891238670694864 0.0434412265758092
0 0.6876888217522659 0.6746166950596252 0.04154078549848943 0.05792163543441227
0 0.6903323262839879 0.7189097103918228 0.030211480362537763 0.06132879045996593
0 0.709214501510574 0.7197614991482113 0.03625377643504532 0.06303236797274277
0 0.7892749244712991 0.8245315161839863 0.04984894259818731 0.07666098807495741
1 0.8138217522658611 0.7700170357751278 0.030966767371601207 0.0868824531516184
0 0.831570996978852 0.772572402044293 0.03474320241691843 0.07495741056218058
1 0.8496978851963746 0.7759795570698467 0.030211480362537763 0.07325383304940375
1 0.8768882175226587 0.7781090289608177 0.03474320241691843 0.06729131175468483
0 0.7205438066465257 0.7572402044293015 0.045317220543806644 0.06303236797274277
0 0.7605740181268882 0.7870528109028961 0.03625377643504532 0.06473594548551959
1 0.9671450151057401 0.6912265758091993 0.030966767371601207 0.05706984667802385
