0 0.5319420783645656 0.9694108761329305 0.065587734241908 0.0324773413897281
0 0.5238500851788757 0.9312688821752266 0.06473594548551959 0.0377643504531722
0 0.41950596252129474 0.7847432024169184 0.03492333901192504 0.055891238670694864
0 0.3943781942078365 0.7639728096676737 0.05110732538330494 0.04154078549848943
0 0.313458262350937 0.7654833836858006 0.03747870528109029 0.06873111782477341
0 0.28960817717206133 0.7662386706948641 0.02385008517887564 0.0702416918429003
0 0.2563884156729131 0.7564199395770392 0.03236797274275979 0.06873111782477341
0 0.2325383304940375 0.7617069486404834 0.027257240204429302 0.07175226586102719
0 0.20954003407155025 0.7609516616314199 0.04258943781942078 0.0702416918429003
0 0.18824531516183987 0.7651057401812689 0.039182282793867124 0.07250755287009064
0 0.16652470187393525 0.7662386706948641 0.029812606473594547 0.07477341389728097
0 0.15417376490630325 0.7888972809667674 0.03236797274275979 0.05664652567975831
0 0.12521294718909712 0.783987915407855 0.034071550255536626 0.05891238670694864
0 0.08347529812606473 0.7941842900302115 0.03577512776831346 0.0581570996978852
1 0.06388415672913117 0.800226586102719 0.028960817717206135 0.06117824773413897
0 0.018313458262350937 0.8262839879154078 0.02129471890971039 0.06948640483383686
0 0.036626916524701875 0.8036253776435045 0.027257240204429302 0.07250755287009064
