0 0.347809667673716 0.5151515151515151 0.033987915407854986 0.10192837465564739
0 0.31948640483383683 0.5633608815426997 0.04078549848942598 0.11570247933884298
0 0.28965256797583083 0.5943526170798898 0.035498489425981876 0.10881542699724518
0 0.24206948640483383 0.6239669421487604 0.04305135951661632 0.11570247933884298
0 0.21374622356495468 0.6584022038567493 0.0377643504531722 0.12396694214876033
0 0.19259818731117825 0.6701101928374655 0.03474320241691843 0.10606060606060606
0 0.1691842900302115 0.6921487603305785 0.04078549848942598 0.10606060606060606
0 0.145392749244713 0.7196969696969697 0.04003021148036254 0.10881542699724518
1 0.1148036253776435 0.7320936639118457 0.04833836858006042 0.13085399449035812
1 0.09101208459214502 0.743801652892562 0.04607250755287009 0.11019283746556474
0 0.07099697885196375 0.7878787878787878 0.054380664652567974 0.12396694214876033
1 0.041918429003021146 0.8044077134986226 0.04003021148036254 0.11570247933884298
3 0.3851963746223565 0.23484848484848486 0.13293051359516617 0.3181818181818182
3 0.677870090634441 0.7493112947658402 0.08836858006042296 0.2369146005509642
