3 0.36254980079681276 0.05165289256198347 0.3426294820717131 0.10606060606060606
3 0.4352589641434263 0.15426997245179064 0.3565737051792829 0.19834710743801653
3 0.8715139442231076 0.08333333333333334 0.2290836653386454 0.15289256198347106
3 0.901394422310757 0.20110192837465565 0.1852589641434263 0.17079889807162535
3 0.4541832669322709 0.2926997245179063 0.33067729083665337 0.20523415977961434
3 0.5099601593625498 0.5075757575757576 0.3426294820717131 0.2190082644628099
3 0.5428286852589641 0.6122589531680441 0.348605577689243 0.18044077134986225
3 0.6055776892430279 0.7059228650137741 0.3107569721115538 0.1997245179063361
3 0.6254980079681275 0.8615702479338844 0.3346613545816733 0.19696969696969696
3 0.6414342629482072 0.9338842975206612 0.3426294820717131 0.11294765840220386
