0 0.42673716012084595 0.05706984667802385 0.07099697885196375 0.044293015332197615
1 0.4282477341389728 0.09582623509369677 0.06948640483383686 0.048551959114139696
0 0.47205438066465255 0.1563032367972743 0.06797583081570997 0.05706984667802385
0 0.5049093655589124 0.21422487223168654 0.06419939577039276 0.022998296422487224
1 0.5109516616314199 0.24701873935264054 0.06873111782477341 0.034071550255536626
1 0.49244712990936557 0.18739352640545145 0.06646525679758308 0.04258943781942078
0 0.5169939577039275 0.270442930153322 0.06873111782477341 0.026405451448040886
0 0.5449395770392749 0.3245315161839864 0.06419939577039276 0.039182282793867124
0 0.5619335347432024 0.3841567291311755 0.0649546827794562 0.03577512776831346
0 0.5687311178247734 0.43143100511073257 0.06646525679758308 0.04514480408858603
1 0.5883685800604229 0.47061328790459966 0.04078549848942598 0.0434412265758092
0 0.6174471299093656 0.5221465076660988 0.06570996978851963 0.030664395229982964
1 0.6265105740181269 0.5528109028960818 0.0702416918429003 0.040885860306643956
1 0.6329305135951662 0.5783645655877343 0.060422960725075525 0.034071550255536626
0 0.6487915407854985 0.6039182282793867 0.061933534743202415 0.039182282793867124
0 0.6699395770392749 0.6750425894378195 0.07099697885196375 0.048551959114139696
0 0.7171450151057401 0.7832197614991482 0.07326283987915408 0.046848381601362864
0 0.7239425981873112 0.846252129471891 0.06873111782477341 0.029812606473594547
0 0.7677492447129909 0.9442078364565588 0.05966767371601209 0.04514480408858603
