2 0.2858761329305136 0.3036626916524702 0.0324773413897281 0.03492333901192504
1 0.2820996978851964 0.3023850085178876 0.05513595166163142 0.03747870528109029
2 0.5838368580060423 0.3390119250425894 0.04078549848942598 0.040885860306643956
2 0.927870090634441 0.1201022146507666 0.033987915407854986 0.03236797274275979
2 0.94297583081571 0.1511925042589438 0.0324773413897281 0.031516183986371384
3 0.7613293051359517 0.4714650766609881 0.10120845921450151 0.18654173764906304
3 0.888595166163142 0.42163543441226575 0.09743202416918428 0.15502555366269166
3 0.8266616314199395 0.6716354344122658 0.11253776435045318 0.19676320272572403
3 0.9531722054380665 0.6171209540034072 0.0891238670694864 0.20528109028960817
3 0.9161631419939577 0.9071550255536627 0.1027190332326284 0.18057921635434412
