0 0.9501992031872509 0.06388415672913117 0.07569721115537849 0.04599659284497445
0 0.8237051792828685 0.07027257240204429 0.05776892430278884 0.046848381601362864
0 0.7709163346613546 0.07325383304940375 0.06374501992031872 0.056218057921635436
0 0.8774900398406374 0.05323679727427598 0.06573705179282868 0.05025553662691652
0 0.7111553784860558 0.0762350936967632 0.05976095617529881 0.051959114139693355
0 0.25 0.14054514480408858 0.07370517928286853 0.04599659284497445
1 0.2689243027888446 0.12308347529812606 0.099601593625498 0.062180579216354344
0 0.32768924302788843 0.1247870528109029 0.049800796812749 0.05536626916524702
1 0.38745019920318724 0.11626916524701875 0.08167330677290836 0.05536626916524702
0 0.4541832669322709 0.0873083475298126 0.10358565737051792 0.031516183986371384
0 0.4770916334661354 0.11243611584327087 0.10956175298804781 0.040885860306643956
0 0.5378486055776892 0.10562180579216354 0.055776892430278883 0.05281090289608177
0 0.5627490039840637 0.09369676320272573 0.07768924302788845 0.04770017035775128
0 0.5926294820717132 0.09454855195911414 0.08167330677290836 0.05281090289608177
0 0.027888446215139442 0.16098807495741058 0.05179282868525896 0.06473594548551959
0 0.054780876494023904 0.16056218057921637 0.05776892430278884 0.05366269165247019
0 0.07868525896414343 0.15332197614991483 0.05776892430278884 0.054514480408858604
0 0.11553784860557768 0.1567291311754685 0.06772908366533864 0.056218057921635436
0 0.16334661354581673 0.14267461669505963 0.09163346613545817 0.051959114139693355
1 0.20019920318725098 0.14054514480408858 0.08167330677290836 0.04770017035775128
0 0.6245019920318725 0.08517887563884156 0.0697211155378486 0.06132879045996593
0 0.6832669322709163 0.07751277683134583 0.09561752988047809 0.04258943781942078
