0 0.24093655589123866 0.9490181268882175 0.060422960725075525 0.02190332326283988
0 0.18919939577039274 0.8455438066465257 0.06419939577039276 0.04909365558912387
1 0.17069486404833836 0.8074018126888217 0.05740181268882175 0.04984894259818731
1 0.15294561933534742 0.7356495468277946 0.06117824773413897 0.03927492447129909
0 0.15483383685800603 0.7039274924471299 0.04984894259818731 0.028700906344410877
0 0.1491691842900302 0.6812688821752266 0.0581570996978852 0.028700906344410877
0 0.11858006042296072 0.6299093655589124 0.060422960725075525 0.03625377643504532
0 0.10083081570996978 0.6030966767371602 0.05966767371601209 0.03700906344410876
0 0.08874622356495468 0.5532477341389728 0.05362537764350453 0.03700906344410876
1 0.0789274924471299 0.5226586102719033 0.05211480362537765 0.04682779456193353
1 0.131797583081571 0.6604984894259819 0.05664652567975831 0.035498489425981876
1 0.050981873111782476 0.4573262839879154 0.05513595166163142 0.04909365558912387
1 0.04380664652567976 0.4331570996978852 0.052870090634441085 0.04003021148036254
1 0.03323262839879154 0.4123867069486405 0.05740181268882175 0.0513595166163142
1 0.017371601208459216 0.3568731117824773 0.03625377643504532 0.030966767371601207
0 0.06759818731117825 0.49055891238670696 0.05966767371601209 0.03700906344410876
0 0.024924471299093656 0.3867069486404834 0.04984894259818731 0.045317220543806644
