3 0.8576283987915407 0.30777945619335345 0.07779456193353475 0.1351963746223565
3 0.6854229607250756 0.33345921450151056 0.09138972809667674 0.17598187311178248
3 0.5430513595166163 0.33648036253776437 0.09365558912386707 0.17598187311178248
3 0.2764350453172205 0.35083081570996977 0.08308157099697885 0.1714501510574018
3 0.1646525679758308 0.029833836858006044 0.1797583081570997 0.05664652567975831
3 0.14123867069486404 0.11782477341389729 0.16012084592145015 0.09969788519637462
3 0.1506797583081571 0.24244712990936557 0.13972809667673716 0.16012084592145015
0 0.3629154078549849 0.39086102719033233 0.03700906344410876 0.0581570996978852
2 0.672583081570997 0.07175226586102719 0.0445619335347432 0.03474320241691843
2 0.7001510574018127 0.030211480362537763 0.028700906344410877 0.027190332326283987
2 0.6933534743202416 0.052492447129909366 0.03323262839879154 0.0324773413897281
0 0.7216767371601208 0.25075528700906347 0.0445619335347432 0.0649546827794562
0 0.7639728096676737 0.24358006042296074 0.0324773413897281 0.0702416918429003
0 0.793429003021148 0.28512084592145015 0.03851963746223565 0.07326283987915408
