3 0.5887462235649547 0.2692598187311178 0.18353474320241692 0.2107250755287009
3 0.7609516616314199 0.1782477341389728 0.1472809667673716 0.23564954682779457
3 0.8666918429003021 0.16125377643504532 0.15634441087613293 0.20619335347432025
3 0.9259818731117825 0.6125377643504532 0.1404833836858006 0.21148036253776434
3 0.7590634441087614 0.706570996978852 0.1510574018126888 0.21827794561933533
3 0.5793051359516617 0.7579305135951662 0.17522658610271905 0.23036253776435045
3 0.3066465256797583 0.8700906344410876 0.17371601208459214 0.2175226586102719
3 0.9475075528700906 0.898036253776435 0.10196374622356495 0.19637462235649547
0 0.3859516616314199 0.5003776435045317 0.054380664652567974 0.07175226586102719
0 0.3447885196374622 0.5113293051359517 0.0445619335347432 0.0891238670694864
0 0.3021148036253776 0.5392749244712991 0.045317220543806644 0.0891238670694864
0 0.2722809667673716 0.5430513595166163 0.0445619335347432 0.07854984894259819
0 0.24206948640483383 0.552870090634441 0.0445619335347432 0.07401812688821752
0 0.2156344410876133 0.5713746223564955 0.04607250755287009 0.07930513595166164
0 0.18580060422960726 0.572129909365559 0.0513595166163142 0.08383685800604229
0 0.14614803625377643 0.5838368580060423 0.05362537764350453 0.07854984894259819
0 0.12348942598187311 0.5989425981873112 0.04607250755287009 0.06948640483383686
0 0.10045317220543806 0.6049848942598187 0.04229607250755287 0.06948640483383686
0 0.037386706948640484 0.6427492447129909 0.06722054380664652 0.03474320241691843
0 0.05966767371601209 0.604607250755287 0.06948640483383686 0.04607250755287009
0 0.1401057401812689 0.8058912386706949 0.09138972809667674 0.04229607250755287
0 0.15256797583081572 0.8432779456193353 0.08761329305135952 0.03851963746223565
0 0.1438821752265861 0.881797583081571 0.09290030211480363 0.03700906344410876
0 0.19486404833836857 0.895392749244713 0.04833836858006042 0.06722054380664652
