2 0.8398637137989778 0.10234138972809667 0.06643952299829642 0.07175226586102719
1 0.2393526405451448 0.7809667673716012 0.06984667802385008 0.04833836858006042
1 0.3730834752981261 0.7552870090634441 0.03577512776831346 0.052870090634441085
0 0.40417376490630325 0.7390483383685801 0.03321976149914821 0.04909365558912387
1 0.42759795570698467 0.7462235649546828 0.03747870528109029 0.04984894259818731
1 0.44335604770017034 0.7352719033232629 0.036626916524701875 0.05664652567975831
0 0.465076660988075 0.745845921450151 0.03236797274275979 0.04154078549848943
1 0.47402044293015333 0.7250755287009063 0.031516183986371384 0.05891238670694864
0 0.5046848381601363 0.7205438066465257 0.04514480408858603 0.060422960725075525
0 0.5276831345826235 0.6975075528700906 0.03321976149914821 0.04909365558912387
0 0.5626064735945485 0.7171450151057401 0.031516183986371384 0.05966767371601209
0 0.5877342419080068 0.7005287009063444 0.039182282793867124 0.05362537764350453
0 0.6171209540034072 0.7016616314199395 0.05025553662691652 0.055891238670694864
1 0.6448040885860307 0.6831570996978852 0.04599659284497445 0.06419939577039276
1 0.6908006814310051 0.6782477341389728 0.03747870528109029 0.060422960725075525
0 0.7010221465076661 0.6487915407854985 0.040885860306643956 0.05740181268882175
0 0.7367972742759795 0.6654078549848943 0.03577512776831346 0.054380664652567974
0 0.762350936967632 0.6503021148036254 0.034071550255536626 0.0513595166163142
0 0.7857751277683135 0.645392749244713 0.03321976149914821 0.05060422960725076
0 0.8057921635434412 0.6510574018126888 0.04258943781942078 0.045317220543806644
0 0.8449744463373083 0.6389728096676737 0.034071550255536626 0.04682779456193353
0 0.8637137989778535 0.6340634441087614 0.03236797274275979 0.05211480362537765
0 0.8837308347529813 0.6253776435045317 0.03321976149914821 0.052870090634441085
0 0.8206984667802385 0.6367069486404834 0.031516183986371384 0.05740181268882175
0 0.9143952299829642 0.6155589123867069 0.036626916524701875 0.04984894259818731
0 0.9420783645655878 0.6080060422960725 0.039182282793867124 0.05740181268882175
0 0.967206132879046 0.6072507552870091 0.03321976149914821 0.04984894259818731
