0 0.9886706948640483 0.20657099697885195 0.01812688821752266 0.06117824773413897
0 0.03512084592145015 0.6484138972809668 0.05362537764350453 0.06570996978851963
0 0.0649546827794562 0.6351963746223565 0.045317220543806644 0.04984894259818731
1 0.08761329305135952 0.6136706948640483 0.052870090634441085 0.05513595166163142
0 0.13255287009063443 0.5913897280966768 0.05211480362537765 0.05740181268882175
1 0.15861027190332327 0.5751510574018127 0.04682779456193353 0.06117824773413897
0 0.19184290030211482 0.5668429003021148 0.03323262839879154 0.05966767371601209
1 0.21450151057401812 0.5487160120845922 0.04682779456193353 0.06873111782477341
1 0.24282477341389727 0.5305891238670695 0.0445619335347432 0.06268882175226587
0 0.27303625377643503 0.5211480362537765 0.04003021148036254 0.04833836858006042
1 0.29154078549848944 0.5147280966767371 0.04380664652567976 0.05060422960725076
0 0.3066465256797583 0.5 0.03625377643504532 0.04833836858006042
1 0.3338368580060423 0.49962235649546827 0.03927492447129909 0.04607250755287009
0 0.36442598187311176 0.4981117824773414 0.05060422960725076 0.07477341389728097
1 0.3859516616314199 0.47205438066465255 0.03323262839879154 0.061933534743202415
1 0.3580060422960725 0.47318731117824775 0.0377643504531722 0.04909365558912387
0 0.4180513595166163 0.46941087613293053 0.03700906344410876 0.05664652567975831
0 0.6457703927492447 0.415785498489426 0.04682779456193353 0.0581570996978852
1 0.4652567975830816 0.4282477341389728 0.02416918429003021 0.05740181268882175
0 0.44561933534743203 0.4342900302114804 0.0377643504531722 0.054380664652567974
0 0.4271148036253776 0.44448640483383683 0.03700906344410876 0.05060422960725076
0 0.5551359516616314 0.3931268882175227 0.03625377643504532 0.04758308157099698
1 0.5366314199395771 0.40105740181268884 0.03700906344410876 0.052870090634441085
1 0.5827039274924471 0.39086102719033233 0.04003021148036254 0.0445619335347432
1 0.5857250755287009 0.3666918429003021 0.06268882175226587 0.05060422960725076
1 0.5075528700906344 0.43051359516616317 0.028700906344410877 0.0513595166163142
0 0.49206948640483383 0.44108761329305135 0.03700906344410876 0.060422960725075525
0 0.6703172205438066 0.3629154078549849 0.03700906344410876 0.06268882175226587
0 0.6404833836858006 0.34629909365558914 0.03927492447129909 0.0581570996978852
0 0.675226586102719 0.33270392749244715 0.028700906344410877 0.05211480362537765
1 0.7035498489425982 0.3376132930513595 0.05664652567975831 0.0649546827794562
0 0.7145015105740181 0.31986404833836857 0.04682779456193353 0.05362537764350453
1 0.7428247734138973 0.3251510574018127 0.03851963746223565 0.05966767371601209
1 0.7447129909365559 0.3009818731117825 0.03927492447129909 0.06268882175226587
1 0.7654833836858006 0.3009818731117825 0.04154078549848943 0.06117824773413897
1 0.7820996978851964 0.2737915407854985 0.06419939577039276 0.04909365558912387
1 0.7911631419939577 0.30551359516616317 0.04909365558912387 0.05664652567975831
1 0.8047583081570997 0.26774924471299094 0.035498489425981876 0.05966767371601209
0 0.8277945619335347 0.277190332326284 0.03927492447129909 0.0649546827794562
0 0.8383685800604229 0.2556646525679758 0.03172205438066465 0.05664652567975831
0 0.8591389728096677 0.2537764350453172 0.035498489425981876 0.060422960725075525
1 0.8814199395770392 0.24018126888217523 0.0513595166163142 0.0634441087613293
0 0.9135196374622356 0.2398036253776435 0.04154078549848943 0.0445619335347432
0 0.9376888217522659 0.23716012084592145 0.04003021148036254 0.052870090634441085
0 0.9463746223564955 0.20468277945619334 0.022658610271903322 0.05891238670694864
0 0.9671450151057401 0.20657099697885195 0.027945619335347432 0.05966767371601209
1 0.9731873111782477 0.4901812688821752 0.04003021148036254 0.06948640483383686
0 0.9305135951661632 0.5309667673716012 0.03172205438066465 0.06646525679758308
0 0.9063444108761329 0.540785498489426 0.028700906344410877 0.05891238670694864
1 0.8783987915407855 0.5151057401812689 0.030211480362537763 0.0649546827794562
1 0.8727341389728097 0.5494712990936556 0.03851963746223565 0.07175226586102719
0 0.2783232628398791 0.8470543806646526 0.027945619335347432 0.06268882175226587
0 0.3032477341389728 0.8364803625377644 0.03851963746223565 0.05362537764350453
0 0.32968277945619334 0.8289274924471299 0.04909365558912387 0.05362537764350453
1 0.34629909365558914 0.7987160120845922 0.04003021148036254 0.08534743202416918
0 0.37802114803625375 0.8126888217522659 0.0324773413897281 0.05740181268882175
0 0.40294561933534745 0.7930513595166163 0.04154078549848943 0.0513595166163142
0 0.42862537764350456 0.7832326283987915 0.0324773413897281 0.060422960725075525
1 0.44033232628398794 0.7632175226586103 0.04682779456193353 0.06419939577039276
0 0.4641238670694864 0.7681268882175226 0.0324773413897281 0.05740181268882175
0 0.47507552870090636 0.7477341389728097 0.028700906344410877 0.055891238670694864
0 0.5 0.7564199395770392 0.0256797583081571 0.05513595166163142
0 0.5075528700906344 0.7360271903323263 0.03474320241691843 0.05513595166163142
0 0.5275679758308157 0.7314954682779456 0.03851963746223565 0.06268882175226587
0 0.5415407854984894 0.7016616314199395 0.03172205438066465 0.061933534743202415
0 0.56797583081571 0.7186555891238671 0.03927492447129909 0.06117824773413897
0 0.5940332326283988 0.7016616314199395 0.05513595166163142 0.0634441087613293
1 0.604607250755287 0.7016616314199395 0.035498489425981876 0.061933534743202415
0 0.6170694864048338 0.6774924471299094 0.04984894259818731 0.061933534743202415
0 0.6461480362537765 0.6661631419939577 0.024924471299093656 0.060422960725075525
0 0.658987915407855 0.6646525679758308 0.04003021148036254 0.06948640483383686
0 0.6861782477341389 0.648036253776435 0.033987915407854986 0.061933534743202415
0 0.7039274924471299 0.6401057401812689 0.03323262839879154 0.06873111782477341
0 0.7292296072507553 0.6374622356495468 0.0324773413897281 0.061933534743202415
0 0.8187311178247734 0.5876132930513596 0.0377643504531722 0.0770392749244713
0 0.7956948640483383 0.6027190332326284 0.04607250755287009 0.054380664652567974
0 0.7737915407854985 0.5989425981873112 0.02945619335347432 0.05740181268882175
0 0.7639728096676737 0.6087613293051359 0.04909365558912387 0.061933534743202415
0 0.7454682779456193 0.6216012084592145 0.04833836858006042 0.05891238670694864
