0 0.4501510574018127 0.2518882175226586 0.055891238670694864 0.05060422960725076
0 0.43768882175226587 0.26510574018126887 0.04909365558912387 0.03927492447129909
0 0.4569486404833837 0.23791540785498488 0.055891238670694864 0.054380664652567974
0 0.47016616314199394 0.22280966767371602 0.04003021148036254 0.04380664652567976
0 0.35347432024169184 0.3716012084592145 0.027190332326283987 0.061933534743202415
0 0.37273413897280966 0.36555891238670696 0.0324773413897281 0.0649546827794562
0 0.3931268882175227 0.3376132930513595 0.04758308157099698 0.045317220543806644
0 0.4006797583081571 0.28965256797583083 0.06268882175226587 0.04003021148036254
0 0.42938066465256797 0.2862537764350453 0.04909365558912387 0.04682779456193353
0 0.3293051359516616 0.3595166163141994 0.0377643504531722 0.05740181268882175
0 0.32968277945619334 0.3221299093655589 0.035498489425981876 0.05513595166163142
0 0.3032477341389728 0.3368580060422961 0.033987915407854986 0.04984894259818731
0 0.11140483383685801 0.17673716012084592 0.04305135951661632 0.054380664652567974
0 0.14614803625377643 0.20317220543806647 0.04305135951661632 0.04229607250755287
0 0.18240181268882175 0.17560422960725075 0.05362537764350453 0.0445619335347432
0 0.2194108761329305 0.18277945619335348 0.04154078549848943 0.05891238670694864
0 0.2466012084592145 0.1967522658610272 0.0445619335347432 0.05513595166163142
0 0.16314199395770393 0.2243202416918429 0.04380664652567976 0.0377643504531722
0 0.18504531722054382 0.2348942598187311 0.04380664652567976 0.04229607250755287
0 0.2194108761329305 0.24697885196374622 0.05664652567975831 0.03927492447129909
0 0.2243202416918429 0.26435045317220546 0.055891238670694864 0.03927492447129909
0 0.2450906344410876 0.2919184290030212 0.04909365558912387 0.0445619335347432
1 0.27416918429003023 0.2930513595166163 0.04682779456193353 0.04078549848942598
1 0.29682779456193353 0.3013595166163142 0.03927492447129909 0.04984894259818731
0 0.2700151057401813 0.30777945619335345 0.035498489425981876 0.05211480362537765
0 0.48867069486404835 0.20090634441087613 0.055891238670694864 0.04078549848942598
0 0.5109516616314199 0.18353474320241692 0.05664652567975831 0.04078549848942598
0 0.5241691842900302 0.16049848942598188 0.054380664652567974 0.04305135951661632
0 0.5347432024169184 0.14501510574018128 0.054380664652567974 0.03625377643504532
0 0.5377643504531722 0.12273413897280967 0.04833836858006042 0.03700906344410876
0 0.540785498489426 0.10762839879154079 0.04380664652567976 0.035498489425981876
0 0.5672205438066465 0.09629909365558913 0.04380664652567976 0.03700906344410876
0 0.5804380664652568 0.07250755287009064 0.04003021148036254 0.04229607250755287
1 0.5966767371601208 0.054380664652567974 0.054380664652567974 0.03323262839879154
0 0.604607250755287 0.038897280966767374 0.04758308157099698 0.02945619335347432
0 0.39652567975830816 0.027190332326283987 0.052870090634441085 0.03474320241691843
0 0.35989425981873113 0.021148036253776436 0.0445619335347432 0.03172205438066465
0 0.2994712990936556 0.022658610271903322 0.04607250755287009 0.045317220543806644
