1 0.41932270916334663 0.18353474320241692 0.08964143426294821 0.0513595166163142
0 0.46613545816733065 0.1782477341389728 0.0796812749003984 0.0513595166163142
1 0.5438247011952191 0.1559667673716012 0.10358565737051792 0.06117824773413897
0 0.6065737051792829 0.1540785498489426 0.07768924302788845 0.054380664652567974
0 0.6553784860557769 0.14765861027190333 0.08764940239043825 0.05060422960725076
1 0.7649402390438247 0.12386706948640483 0.13147410358565736 0.03625377643504532
0 0.8545816733067729 0.10460725075528701 0.04780876494023904 0.05362537764350453
0 0.9213147410358565 0.09403323262839879 0.06573705179282868 0.05513595166163142
0 0.9611553784860558 0.08345921450151057 0.061752988047808766 0.06268882175226587
1 0.053784860557768925 0.013217522658610271 0.05179282868525896 0.026435045317220542
