0 0.1559667673716012 0.03833049403747871 0.03700906344410876 0.06643952299829642
1 0.12273413897280967 0.030664395229982964 0.04305135951661632 0.05792163543441227
0 0.10007552870090634 0.03492333901192504 0.035498489425981876 0.056218057921635436
1 0.07401812688821752 0.042163543441226574 0.0377643504531722 0.06899488926746167
1 0.06231117824773414 0.046848381601362864 0.04305135951661632 0.05792163543441227
0 0.044939577039274925 0.05494037478705281 0.04003021148036254 0.06047700170357751
0 0.024924471299093656 0.06388415672913117 0.027190332326283987 0.06132879045996593
0 0.015105740181268881 0.30579216354344124 0.027190332326283987 0.06984667802385008
1 0.017371601208459216 0.32836456558773425 0.028700906344410877 0.07921635434412266
0 0.03361027190332326 0.3390119250425894 0.03851963746223565 0.06814310051107325
1 0.04984894259818731 0.35051107325383307 0.03474320241691843 0.07240204429301533
0 0.07250755287009064 0.3526405451448041 0.03927492447129909 0.06473594548551959
0 0.0857250755287009 0.358603066439523 0.04305135951661632 0.05281090289608177
0 0.09705438066465256 0.3841567291311755 0.06722054380664652 0.03747870528109029
0 0.12348942598187311 0.39991482112436116 0.04305135951661632 0.062180579216354344
1 0.13293051359516617 0.4160988074957411 0.0377643504531722 0.06899488926746167
0 0.15332326283987915 0.42972742759795574 0.0513595166163142 0.051959114139693355
0 0.1729607250755287 0.45229982964224874 0.030211480362537763 0.07155025553662692
0 0.19410876132930513 0.465076660988075 0.03172205438066465 0.08006814310051108
0 0.22243202416918428 0.4680579216354344 0.03851963746223565 0.0706984667802385
0 0.22734138972809667 0.5034071550255537 0.07099697885196375 0.03747870528109029
0 0.24697885196374622 0.5251277683134583 0.061933534743202415 0.03321976149914821
0 0.2552870090634441 0.5498296422487223 0.061933534743202415 0.03492333901192504
0 0.2753021148036254 0.5766609880749575 0.06117824773413897 0.030664395229982964
0 0.30060422960725075 0.5932708688245315 0.07250755287009064 0.029812606473594547
0 0.30173716012084595 0.608603066439523 0.07628398791540786 0.029812606473594547
1 0.3130664652567976 0.6362862010221465 0.08987915407854985 0.03747870528109029
1 0.32061933534743203 0.6793015332197615 0.07477341389728097 0.026405451448040886
0 0.33496978851963743 0.702725724020443 0.06570996978851963 0.027257240204429302
0 0.3395015105740181 0.7291311754684838 0.06570996978851963 0.030664395229982964
1 0.3523413897280967 0.7495741056218058 0.07477341389728097 0.03747870528109029
1 0.35838368580060426 0.7751277683134583 0.07175226586102719 0.03747870528109029
0 0.4399546827794562 0.649488926746167 0.05211480362537765 0.05706984667802385
2 0.4350453172205438 0.647359454855196 0.0377643504531722 0.03577512776831346
0 0.35725075528700906 0.13287904599659284 0.04229607250755287 0.06303236797274277
0 0.39161631419939574 0.14224872231686542 0.027945619335347432 0.06814310051107325
0 0.4070996978851964 0.15843270868824533 0.030211480362537763 0.06303236797274277
0 0.42220543806646527 0.19718909710391824 0.03172205438066465 0.06899488926746167
0 0.44108761329305135 0.22487223168654175 0.04078549848942598 0.06814310051107325
0 0.4697885196374622 0.23040885860306645 0.04984894259818731 0.06047700170357751
0 0.4860271903323263 0.34965928449744466 0.0581570996978852 0.062180579216354344
0 0.4973564954682779 0.37776831345826234 0.06117824773413897 0.058773424190800685
0 0.513595166163142 0.41524701873935266 0.0513595166163142 0.05366269165247019
