3 0.5033987915407855 0.7314954682779456 0.20770392749244712 0.11555891238670694
0 0.6340634441087614 0.7035498489425982 0.06570996978851963 0.09290030211480363
0 0.6759818731117825 0.6880664652567976 0.04984894259818731 0.061933534743202415
0 0.7095921450151057 0.6714501510574018 0.03851963746223565 0.08006042296072508
0 0.736404833836858 0.6537009063444109 0.04078549848942598 0.09592145015105741
0 0.7639728096676737 0.6438821752265861 0.04607250755287009 0.10045317220543806
0 0.7847432024169184 0.6446374622356495 0.04078549848942598 0.08836858006042296
0 0.8183534743202416 0.6163141993957704 0.033987915407854986 0.06646525679758308
0 0.8436555891238671 0.6080060422960725 0.045317220543806644 0.07401812688821752
0 0.8712235649546828 0.5876132930513596 0.04003021148036254 0.0649546827794562
0 0.8678247734138973 0.6627643504531722 0.03474320241691843 0.06873111782477341
0 0.902190332326284 0.6446374622356495 0.035498489425981876 0.06268882175226587
0 0.8999244712990937 0.5785498489425982 0.05211480362537765 0.06948640483383686
0 0.9346676737160121 0.6027190332326284 0.0445619335347432 0.06948640483383686
0 0.9543051359516617 0.5853474320241692 0.05513595166163142 0.07401812688821752
0 0.6661631419939577 0.9475075528700906 0.05891238670694864 0.0702416918429003
0 0.7009063444108762 0.9399546827794562 0.0513595166163142 0.06570996978851963
0 0.7239425981873112 0.9301359516616314 0.04003021148036254 0.05664652567975831
0 0.756797583081571 0.9176737160120846 0.04229607250755287 0.0649546827794562
0 0.793429003021148 0.9093655589123867 0.04758308157099698 0.07250755287009064
0 0.8402567975830816 0.8946374622356495 0.04607250755287009 0.07477341389728097
0 0.8757552870090635 0.8931268882175226 0.035498489425981876 0.07477341389728097
0 0.8976586102719033 0.8768882175226587 0.033987915407854986 0.05740181268882175
0 0.9120090634441088 0.8640483383685801 0.04607250755287009 0.060422960725075525
0 0.9237160120845922 0.9667673716012084 0.054380664652567974 0.03927492447129909
0 0.9641238670694864 0.8561178247734139 0.05966767371601209 0.0702416918429003
0 0.04003021148036254 0.9218277945619335 0.04380664652567976 0.05513595166163142
0 0.10536253776435045 0.9123867069486404 0.04305135951661632 0.054380664652567974
1 0.15256797583081572 0.899546827794562 0.052870090634441085 0.0755287009063444
0 0.381797583081571 0.7194108761329305 0.033987915407854986 0.06419939577039276
0 0.3311933534743202 0.7416918429003021 0.04305135951661632 0.0649546827794562
0 0.2964501510574018 0.7511329305135952 0.04607250755287009 0.05966767371601209
0 0.26661631419939574 0.7609516616314199 0.04229607250755287 0.05966767371601209
0 0.1540785498489426 0.7998489425981873 0.045317220543806644 0.0634441087613293
0 0.18089123867069487 0.7994712990936556 0.0445619335347432 0.05966767371601209
0 0.20996978851963746 0.7885196374622356 0.04682779456193353 0.061933534743202415
0 0.1537009063444109 0.8568731117824774 0.04154078549848943 0.06117824773413897
0 0.17900302114803626 0.8462990936555891 0.04380664652567976 0.06117824773413897
0 0.2001510574018127 0.8508308157099698 0.04682779456193353 0.05966767371601209
0 0.2156344410876133 0.8387462235649547 0.0445619335347432 0.05211480362537765
0 0.25 0.8345921450151057 0.03474320241691843 0.06646525679758308
0 0.27152567975830816 0.8304380664652568 0.0324773413897281 0.05966767371601209
0 0.29871601208459214 0.820619335347432 0.033987915407854986 0.0581570996978852
0 0.32099697885196377 0.8108006042296072 0.030211480362537763 0.05664652567975831
0 0.3814199395770393 0.7972054380664653 0.028700906344410877 0.06873111782477341
