2 0.697129909365559 0.2926997245179063 0.03172205438066465 0.08402203856749312
2 0.6627643504531722 0.4104683195592287 0.04154078549848943 0.0881542699724518
2 0.6786253776435045 0.7926997245179064 0.0324773413897281 0.07024793388429752
2 0.6993957703927492 0.8112947658402204 0.03625377643504532 0.0881542699724518
2 0.668429003021148 0.8484848484848485 0.03323262839879154 0.0743801652892562
0 0.6234894259818731 0.662534435261708 0.0324773413897281 0.09641873278236915
0 0.5970543806646526 0.6714876033057852 0.02945619335347432 0.09779614325068871
0 0.5709969788519638 0.6666666666666667 0.0256797583081571 0.07988980716253444
0 0.5641993957703928 0.6432506887052342 0.04380664652567976 0.08539944903581267
1 0.5354984894259819 0.4545454545454546 0.0377643504531722 0.09641873278236915
0 0.5691087613293051 0.46143250688705234 0.035498489425981876 0.09917355371900827
0 0.5962990936555891 0.47176308539944906 0.030966767371601207 0.10055096418732783
0 0.6061178247734139 0.46143250688705234 0.026435045317220542 0.08264462809917356
0 0.6295317220543807 0.4696969696969697 0.04154078549848943 0.09366391184573003
1 0.6110271903323263 0.12878787878787878 0.060422960725075525 0.05922865013774105
0 0.5879909365558912 0.174931129476584 0.06117824773413897 0.05785123966942149
0 0.5932779456193353 0.07851239669421488 0.05664652567975831 0.049586776859504134
1 0.5936555891238671 0.049586776859504134 0.061933534743202415 0.030303030303030304
1 0.5947885196374623 0.025482093663911846 0.05966767371601209 0.0371900826446281
1 0.8591389728096677 0.015151515151515152 0.06268882175226587 0.03305785123966942
0 0.861404833836858 0.048209366391184574 0.05513595166163142 0.03305785123966942
1 0.8629154078549849 0.07162534435261708 0.06570996978851963 0.03305785123966942
1 0.8640483383685801 0.10950413223140495 0.05891238670694864 0.03994490358126722
1 0.8678247734138973 0.12396694214876033 0.061933534743202415 0.046831955922865015
1 0.8648036253776435 0.1831955922865014 0.055891238670694864 0.046831955922865015
0 0.8655589123867069 0.24449035812672176 0.054380664652567974 0.048209366391184574
0 0.8636706948640483 0.2775482093663912 0.05211480362537765 0.0371900826446281
1 0.8768882175226587 0.3415977961432507 0.0513595166163142 0.06060606060606061
1 0.8833081570996979 0.36707988980716255 0.05664652567975831 0.048209366391184574
0 0.8625377643504532 0.46831955922865015 0.04833836858006042 0.0743801652892562
0 0.8761329305135952 0.509641873278237 0.054380664652567974 0.046831955922865015
1 0.8889728096676737 0.5681818181818182 0.0513595166163142 0.06473829201101929
1 0.9018126888217523 0.6274104683195593 0.04984894259818731 0.07575757575757576
1 0.9108761329305136 0.7148760330578513 0.04682779456193353 0.07713498622589532
0 0.9206948640483383 0.772038567493113 0.04984894259818731 0.05371900826446281
1 0.9271148036253777 0.8264462809917356 0.04758308157099698 0.06611570247933884
1 0.9418429003021148 0.859504132231405 0.04078549848942598 0.06887052341597796
