0 0.30792163543441226 0.2262084592145015 0.051959114139693355 0.035498489425981876
0 0.29471890971039183 0.18504531722054382 0.06473594548551959 0.0256797583081571
0 0.29684838160136284 0.1646525679758308 0.06388415672913117 0.030211480362537763
0 0.28960817717206133 0.14803625377643503 0.06984667802385008 0.04078549848942598
0 0.28109028960817717 0.12462235649546828 0.06303236797274277 0.0256797583081571
0 0.2712947189097104 0.10913897280966767 0.051959114139693355 0.033987915407854986
0 0.23083475298126066 0.25037764350453173 0.059625212947189095 0.023413897280966767
0 0.22955706984667804 0.22998489425981872 0.06388415672913117 0.0188821752265861
0 0.21465076660988075 0.21601208459214502 0.05281090289608177 0.028700906344410877
0 0.2167802385008518 0.19070996978851965 0.05025553662691652 0.02190332326283988
0 0.2061328790459966 0.18126888217522658 0.054514480408858604 0.0256797583081571
0 0.2010221465076661 0.1559667673716012 0.054514480408858604 0.024924471299093656
0 0.19080068143100512 0.13255287009063443 0.056218057921635436 0.02190332326283988
0 0.1839863713798978 0.11064954682779456 0.04770017035775128 0.027945619335347432
0 0.17844974446337308 0.09101208459214502 0.05366269165247019 0.04003021148036254
0 0.17206132879045996 0.07288519637462236 0.04770017035775128 0.0324773413897281
1 0.174190800681431 0.0513595166163142 0.051959114139693355 0.03474320241691843
0 0.1626916524701874 0.04569486404833837 0.054514480408858604 0.0324773413897281
0 0.15971039182282795 0.017749244712990938 0.051959114139693355 0.023413897280966767
