2 0.03492333901192504 0.2167802385008518 0.059625212947189095 0.0434412265758092
0 0.28833049403747874 0.7389267461669506 0.029812606473594547 0.05025553662691652
1 0.25340715502555367 0.7436115843270868 0.028109028960817718 0.039182282793867124
0 0.30792163543441226 0.7265758091993186 0.024701873935264056 0.05110732538330494
1 0.3739352640545145 0.7078364565587735 0.03577512776831346 0.06132879045996593
0 0.3526405451448041 0.7189097103918228 0.027257240204429302 0.05792163543441227
0 0.32410562180579217 0.7227427597955707 0.031516183986371384 0.05536626916524702
0 0.38841567291311757 0.6895229982964225 0.034071550255536626 0.05536626916524702
2 0.5093696763202725 0.7955706984667803 0.044293015332197615 0.03236797274275979
0 0.4957410562180579 0.8309199318568995 0.040885860306643956 0.048551959114139696
1 0.4186541737649063 0.6873935264054515 0.03321976149914821 0.04770017035775128
1 0.4288756388415673 0.6784497444633731 0.024701873935264056 0.05025553662691652
0 0.4540034071550256 0.6695059625212947 0.034071550255536626 0.06132879045996593
0 0.4663543441226576 0.6665247018739353 0.03833049403747871 0.051959114139693355
0 0.4855195911413969 0.6648211243611585 0.039182282793867124 0.041737649063032366
0 0.5068143100511073 0.6511925042589438 0.039182282793867124 0.05366269165247019
0 0.969335604770017 0.8466780238500852 0.04770017035775128 0.039182282793867124
0 0.9680579216354345 0.8070698466780238 0.048551959114139696 0.048551959114139696
1 0.9748722316865418 0.9275979557069847 0.03321976149914821 0.05110732538330494
1 0.784923339011925 0.323679727427598 0.03492333901192504 0.06303236797274277
2 0.9850936967632027 0.27810902896081774 0.024701873935264056 0.019591141396933562
2 0.985519591141397 0.30281090289608176 0.02555366269165247 0.031516183986371384
1 0.7921635434412266 0.016609880749574105 0.06132879045996593 0.029812606473594547
1 0.7942930153321976 0.03833049403747871 0.06899488926746167 0.030664395229982964
0 0.801107325383305 0.07708688245315162 0.046848381601362864 0.041737649063032366
0 0.520442930153322 0.6350085178875639 0.030664395229982964 0.05366269165247019
0 0.5379045996592845 0.6222316865417377 0.03321976149914821 0.0706984667802385
0 0.5609028960817717 0.620954003407155 0.026405451448040886 0.054514480408858604
0 0.575809199318569 0.6149914821124361 0.030664395229982964 0.06643952299829642
1 0.5988074957410562 0.6090289608177172 0.04770017035775128 0.039182282793867124
1 0.6341567291311755 0.5434412265758092 0.0434412265758092 0.05792163543441227
1 0.6396933560477002 0.5949744463373083 0.03747870528109029 0.05025553662691652
0 0.6222316865417377 0.6034923339011925 0.04514480408858603 0.05536626916524702
0 0.6669505962521295 0.5919931856899489 0.030664395229982964 0.06132879045996593
0 0.6831345826235093 0.5664395229982965 0.034071550255536626 0.05110732538330494
0 0.7074105621805792 0.5626064735945485 0.046848381601362864 0.05536626916524702
0 0.7329642248722317 0.5540885860306644 0.0434412265758092 0.05366269165247019
0 0.7517035775127768 0.5344974446337308 0.041737649063032366 0.048551959114139696
1 0.780664395229983 0.543015332197615 0.028109028960817718 0.05536626916524702
0 0.84412265758092 0.5153321976149915 0.03747870528109029 0.05110732538330494
0 0.8189948892674617 0.5217206132879046 0.03321976149914821 0.058773424190800685
0 0.798977853492334 0.5425894378194208 0.03577512776831346 0.05281090289608177
0 0.8160136286201022 0.10817717206132879 0.06303236797274277 0.03747870528109029
0 0.8100511073253833 0.14224872231686542 0.056218057921635436 0.04258943781942078
0 0.8253833049403748 0.161839863713799 0.06643952299829642 0.039182282793867124
0 0.8373083475298126 0.18185689948892675 0.06643952299829642 0.03833049403747871
0 0.8334752981260648 0.2120954003407155 0.05706984667802385 0.03747870528109029
0 0.8500851788756388 0.25212947189097107 0.06132879045996593 0.044293015332197615
1 0.8594548551959115 0.2776831345826235 0.07325383304940375 0.04258943781942078
1 0.8577512776831346 0.30792163543441226 0.04599659284497445 0.04003407155025554
0 0.8603066439522998 0.3411413969335605 0.07325383304940375 0.048551959114139696
1 0.8594548551959115 0.3760647359454855 0.06643952299829642 0.029812606473594547
0 0.8675468483816013 0.3905451448040886 0.062180579216354344 0.04003407155025554
0 0.8781942078364565 0.4109880749574106 0.07325383304940375 0.04003407155025554
0 0.8760647359454855 0.44335604770017034 0.06047700170357751 0.05025553662691652
