3 0.8172205438066465 0.35178875638841567 0.12386706948640483 0.20272572402044292
0 0.622356495468278 0.487649063032368 0.060422960725075525 0.041737649063032366
0 0.677870090634441 0.6115843270868825 0.07326283987915408 0.039182282793867124
1 0.6959969788519638 0.6592844974446337 0.06419939577039276 0.05281090289608177
1 0.7194108761329305 0.7363713798977853 0.06570996978851963 0.036626916524701875
0 0.7175226586102719 0.774701873935264 0.055891238670694864 0.03321976149914821
0 0.7231873111782477 0.803236797274276 0.06117824773413897 0.034071550255536626
1 0.7398036253776435 0.8253833049403748 0.06419939577039276 0.04258943781942078
0 0.7583081570996979 0.8649914821124361 0.06646525679758308 0.03833049403747871
0 0.7681268882175226 0.8905451448040886 0.061933534743202415 0.03492333901192504
0 0.7866314199395771 0.9429301533219762 0.05664652567975831 0.040885860306643956
1 0.7919184290030211 0.977427597955707 0.05211480362537765 0.04003407155025554
