0 0.18013595166163143 0.5247933884297521 0.05060422960725076 0.06336088154269973
0 0.19184290030211482 0.6033057851239669 0.04078549848942598 0.07162534435261708
0 0.19826283987915408 0.6418732782369146 0.04305135951661632 0.0743801652892562
0 0.21676737160120846 0.7307162534435262 0.0513595166163142 0.07024793388429752
0 0.22545317220543806 0.7768595041322315 0.04607250755287009 0.06887052341597796
0 0.2330060422960725 0.837465564738292 0.04909365558912387 0.07162534435261708
0 0.24358006042296074 0.878099173553719 0.05513595166163142 0.0674931129476584
1 0.2518882175226586 0.9331955922865014 0.04758308157099698 0.03168044077134986
2 0.09025679758308157 0.9228650137741047 0.035498489425981876 0.0743801652892562
2 0.07099697885196375 0.9511019283746557 0.03927492447129909 0.08402203856749312
