0 0.7721465076660988 0.19373111782477342 0.08262350936967632 0.04305135951661632
0 0.7244463373083475 0.2190332326283988 0.07751277683134583 0.04078549848942598
0 0.7879045996592845 0.229607250755287 0.07836456558773425 0.028700906344410877
0 0.7815161839863713 0.24735649546827795 0.062180579216354344 0.030966767371601207
0 0.7959965928449745 0.26586102719033233 0.06388415672913117 0.03323262839879154
0 0.8083475298126065 0.2949395770392749 0.07325383304940375 0.03851963746223565
0 0.8232538330494038 0.3270392749244713 0.06047700170357751 0.0377643504531722
0 0.8347529812606473 0.3632930513595166 0.056218057921635436 0.04984894259818731
0 0.8445485519591142 0.3935045317220544 0.07410562180579217 0.04078549848942598
0 0.8241056218057922 0.472809667673716 0.062180579216354344 0.04380664652567976
0 0.8151618398637138 0.4580815709969788 0.06814310051107325 0.033987915407854986
0 0.8100511073253833 0.4437311178247734 0.06473594548551959 0.04909365558912387
0 0.7959965928449745 0.4297583081570997 0.06729131175468483 0.045317220543806644
0 0.7883304940374787 0.4044561933534743 0.06047700170357751 0.033987915407854986
0 0.7857751277683135 0.3889728096676737 0.06899488926746167 0.0377643504531722
0 0.7772572402044293 0.37424471299093653 0.06899488926746167 0.03700906344410876
0 0.7708688245315162 0.35913897280966767 0.06473594548551959 0.04003021148036254
0 0.7610732538330495 0.3429003021148036 0.065587734241908 0.04984894259818731
0 0.7568143100511073 0.32326283987915405 0.06047700170357751 0.045317220543806644
1 0.7465928449744463 0.2990936555891239 0.06388415672913117 0.0377643504531722
0 0.7380749574105622 0.28172205438066467 0.05536626916524702 0.03172205438066465
1 0.7244463373083475 0.24282477341389727 0.05706984667802385 0.04305135951661632
1 0.7321124361158433 0.2515105740181269 0.062180579216354344 0.0377643504531722
0 0.7061328790459966 0.19410876132930513 0.06132879045996593 0.030211480362537763
0 0.9229131175468483 0.49131419939577037 0.036626916524701875 0.06117824773413897
0 0.9429301533219762 0.4898036253776435 0.03236797274275979 0.0581570996978852
0 0.9599659284497445 0.4845166163141994 0.040885860306643956 0.06117824773413897
0 0.9804088586030665 0.48564954682779454 0.034071550255536626 0.05740181268882175
