1 0.3270392749244713 0.06090289608177172 0.052870090634441085 0.075809199318569
0 0.29607250755287007 0.07410562180579217 0.0377643504531722 0.07495741056218058
1 0.2753021148036254 0.0821976149914821 0.04607250755287009 0.07751277683134583
0 0.24471299093655588 0.09625212947189098 0.04078549848942598 0.06814310051107325
0 0.2156344410876133 0.10562180579216354 0.04607250755287009 0.07155025553662692
0 0.19901812688821752 0.12180579216354344 0.04909365558912387 0.06643952299829642
0 0.1884441087613293 0.14735945485519591 0.05060422960725076 0.07666098807495741
0 0.1578549848942598 0.14395229982964225 0.03625377643504532 0.059625212947189095
1 0.14161631419939577 0.17078364565587734 0.0445619335347432 0.06729131175468483
0 0.1163141993957704 0.174190800681431 0.03474320241691843 0.07240204429301533
0 0.08383685800604229 0.1695059625212947 0.04078549848942598 0.06984667802385008
0 0.0581570996978852 0.18143100511073254 0.028700906344410877 0.06643952299829642
0 0.03663141993957704 0.18781942078364566 0.03851963746223565 0.062180579216354344
0 0.0804380664652568 0.3965076660988075 0.04607250755287009 0.07751277683134583
0 0.11367069486404834 0.38245315161839866 0.035498489425981876 0.06984667802385008
0 0.14954682779456194 0.3718057921635434 0.04229607250755287 0.0706984667802385
0 0.17371601208459214 0.3624361158432709 0.04229607250755287 0.06729131175468483
0 0.19410876132930513 0.3543441226575809 0.04078549848942598 0.06303236797274277
0 0.22734138972809667 0.33560477001703576 0.05891238670694864 0.06303236797274277
1 0.33345921450151056 0.2819420783645656 0.0445619335347432 0.06643952299829642
