1 0.2278534923339012 0.2930513595166163 0.05706984667802385 0.04682779456193353
1 0.3743611584327087 0.24886706948640483 0.022998296422487224 0.06117824773413897
0 0.40119250425894376 0.23036253776435045 0.03747870528109029 0.0513595166163142
0 0.9633730834752982 0.0649546827794562 0.03747870528109029 0.04984894259818731
0 0.9310051107325383 0.06910876132930513 0.04770017035775128 0.05362537764350453
0 0.9071550255536627 0.08723564954682779 0.027257240204429302 0.04909365558912387
0 0.8854344122657581 0.09516616314199396 0.029812606473594547 0.052870090634441085
0 0.8654173764906303 0.0993202416918429 0.030664395229982964 0.04758308157099698
0 0.8411413969335605 0.09629909365558913 0.03833049403747871 0.04758308157099698
0 0.8266609880749575 0.1129154078549849 0.04514480408858603 0.04909365558912387
0 0.8006814310051107 0.10913897280966767 0.03236797274275979 0.05211480362537765
0 0.7768313458262351 0.11858006042296072 0.028960817717206135 0.055891238670694864
0 0.7568143100511073 0.131797583081571 0.03321976149914821 0.04909365558912387
0 0.7223168654173765 0.12084592145015105 0.044293015332197615 0.052870090634441085
1 0.7040034071550255 0.1487915407854985 0.05536626916524702 0.04682779456193353
1 0.6575809199318569 0.1574773413897281 0.034071550255536626 0.04909365558912387
0 0.6222316865417377 0.17900302114803626 0.05536626916524702 0.05740181268882175
0 0.5979557069846678 0.17711480362537765 0.039182282793867124 0.0581570996978852
0 0.5728279386712095 0.1971299093655589 0.04003407155025554 0.06797583081570997
0 0.5396081771720613 0.17711480362537765 0.028109028960817718 0.05513595166163142
0 0.505962521294719 0.20241691842900303 0.04770017035775128 0.0634441087613293
1 0.4846678023850085 0.2171450151057402 0.04770017035775128 0.06117824773413897
1 0.4731686541737649 0.23376132930513596 0.0434412265758092 0.05966767371601209
1 0.4437819420783646 0.23074018126888218 0.040885860306643956 0.05664652567975831
1 0.43185689948892675 0.2466012084592145 0.04258943781942078 0.05966767371601209
