0 0.5234138972809668 0.5753833049403748 0.03927492447129909 0.07410562180579217
0 0.5018882175226587 0.5813458262350937 0.03851963746223565 0.06388415672913117
1 0.47658610271903323 0.5864565587734242 0.03927492447129909 0.07751277683134583
0 0.4588368580060423 0.5971039182282794 0.035498489425981876 0.06473594548551959
0 0.4437311178247734 0.6111584327086883 0.03700906344410876 0.062180579216354344
0 0.42900302114803623 0.6243611584327087 0.03625377643504532 0.07325383304940375
0 0.40634441087613293 0.6192504258943782 0.0377643504531722 0.07325383304940375
0 0.3859516616314199 0.6418228279386712 0.03927492447129909 0.06729131175468483
0 0.36706948640483383 0.647359454855196 0.0377643504531722 0.06814310051107325
1 0.35725075528700906 0.6490630323679728 0.03927492447129909 0.07325383304940375
1 0.3429003021148036 0.6528960817717206 0.0377643504531722 0.075809199318569
0 0.32439577039274925 0.6729131175468483 0.035498489425981876 0.06984667802385008
0 0.3074018126888218 0.6780238500851788 0.03172205438066465 0.06303236797274277
0 0.2843655589123867 0.6784497444633731 0.03851963746223565 0.05536626916524702
0 0.277190332326284 0.7099659284497445 0.04229607250755287 0.06729131175468483
0 0.25302114803625375 0.6971890971039182 0.04229607250755287 0.065587734241908
0 0.23564954682779457 0.7112436115843271 0.045317220543806644 0.06643952299829642
0 0.2156344410876133 0.717206132879046 0.04305135951661632 0.06473594548551959
0 0.04569486404833837 0.8109028960817717 0.0445619335347432 0.07666098807495741
0 0.07099697885196375 0.8245315161839863 0.045317220543806644 0.07666098807495741
1 0.08496978851963746 0.7789608177172062 0.04154078549848943 0.062180579216354344
0 0.10649546827794562 0.7802385008517888 0.03625377643504532 0.06473594548551959
0 0.11858006042296072 0.7614991482112436 0.02416918429003021 0.05792163543441227
0 0.1404833836858006 0.7695911413969335 0.04380664652567976 0.065587734241908
0 0.15861027190332327 0.7555366269165247 0.03927492447129909 0.06643952299829642
0 0.16351963746223566 0.7393526405451448 0.033987915407854986 0.059625212947189095
0 0.18013595166163143 0.7414821124361158 0.03851963746223565 0.06729131175468483
0 0.19977341389728095 0.7350936967632027 0.05060422960725076 0.054514480408858604
0 0.6287764350453172 0.5890119250425895 0.0581570996978852 0.05366269165247019
0 0.6416163141993958 0.6068994889267462 0.05513595166163142 0.03833049403747871
0 0.6423716012084593 0.6281942078364565 0.06117824773413897 0.04514480408858603
0 0.6442598187311178 0.6431005110732538 0.054380664652567974 0.044293015332197615
0 0.5996978851963746 0.6861158432708688 0.06797583081570997 0.04514480408858603
0 0.6189577039274925 0.7210391822827938 0.06268882175226587 0.046848381601362864
0 0.629154078549849 0.7572402044293015 0.06948640483383686 0.05110732538330494
0 0.6416163141993958 0.7959965928449745 0.06873111782477341 0.036626916524701875
0 0.6601208459214502 0.8313458262350937 0.07401812688821752 0.03577512776831346
0 0.6722054380664653 0.8517887563884157 0.07099697885196375 0.03236797274275979
0 0.668429003021148 0.8722316865417377 0.06646525679758308 0.034071550255536626
0 0.6850453172205438 0.9045996592844975 0.05891238670694864 0.044293015332197615
0 0.6748489425981873 0.674190800681431 0.0581570996978852 0.041737649063032366
0 0.6763595166163142 0.7082623509369677 0.05966767371601209 0.029812606473594547
0 0.6824018126888217 0.729557069846678 0.06117824773413897 0.036626916524701875
0 0.6891993957703928 0.7367972742759795 0.0445619335347432 0.04599659284497445
0 0.7016616314199395 0.7606473594548552 0.04833836858006042 0.04940374787052811
1 0.7058157099697885 0.7870528109028961 0.07175226586102719 0.04599659284497445
0 0.7171450151057401 0.8100511073253833 0.06570996978851963 0.040885860306643956
1 0.7409365558912386 0.854344122657581 0.061933534743202415 0.03747870528109029
0 0.7371601208459214 0.8837308347529813 0.0634441087613293 0.041737649063032366
