3 0.7141238670694864 0.7107250755287009 0.11706948640483383 0.18429003021148035
1 0.8209969788519638 0.7401812688821753 0.07099697885196375 0.10876132930513595
2 0.8145770392749244 0.7288519637462235 0.04003021148036254 0.0377643504531722
0 0.9686555891238671 0.024924471299093656 0.04607250755287009 0.03172205438066465
1 0.8765105740181269 0.010574018126888218 0.05966767371601209 0.01812688821752266
0 0.8833081570996979 0.04871601208459214 0.07175226586102719 0.033987915407854986
0 0.8916163141993958 0.0789274924471299 0.07175226586102719 0.03700906344410876
0 0.9067220543806647 0.11555891238670694 0.0823262839879154 0.03927492447129909
0 0.9169184290030211 0.14123867069486404 0.060422960725075525 0.03172205438066465
0 0.9214501510574018 0.1691842900302115 0.061933534743202415 0.0377643504531722
0 0.929380664652568 0.19901812688821752 0.05664652567975831 0.033987915407854986
0 0.9441087613293051 0.2258308157099698 0.05891238670694864 0.028700906344410877
1 0.9459969788519638 0.25075528700906347 0.05966767371601209 0.028700906344410877
1 0.9535498489425982 0.27152567975830816 0.05513595166163142 0.027945619335347432
1 0.9663897280966768 0.3300604229607251 0.04909365558912387 0.0256797583081571
0 0.9679003021148036 0.2990936555891239 0.05513595166163142 0.027190332326283987
0 0.972809667673716 0.3564954682779456 0.04078549848942598 0.03474320241691843
1 0.9750755287009063 0.3814199395770393 0.04229607250755287 0.0256797583081571
0 0.035498489425981876 0.5460725075528701 0.055891238670694864 0.04078549848942598
0 0.06910876132930513 0.5283232628398792 0.04909365558912387 0.04154078549848943
0 0.1404833836858006 0.5120845921450151 0.03927492447129909 0.04833836858006042
0 0.16880664652567975 0.5 0.0324773413897281 0.04078549848942598
0 0.1952416918429003 0.5018882175226587 0.035498489425981876 0.03851963746223565
0 0.21601208459214502 0.4799848942598187 0.045317220543806644 0.0324773413897281
1 0.18240181268882175 0.6646525679758308 0.02039274924471299 0.04984894259818731
0 0.02152567975830816 0.7126132930513596 0.023413897280966767 0.05513595166163142
0 0.03625377643504532 0.7009063444108762 0.01812688821752266 0.061933534743202415
0 0.0634441087613293 0.6895770392749244 0.02416918429003021 0.05740181268882175
0 0.09403323262839879 0.6771148036253777 0.0188821752265861 0.04607250755287009
0 0.118202416918429 0.6756042296072508 0.0188821752265861 0.06117824773413897
0 0.1491691842900302 0.665785498489426 0.024924471299093656 0.0581570996978852
1 0.1627643504531722 0.6601208459214502 0.027945619335347432 0.07099697885196375
0 0.19977341389728095 0.6525679758308157 0.026435045317220542 0.054380664652567974
0 0.22318731117824772 0.654833836858006 0.02039274924471299 0.055891238670694864
0 0.638595166163142 0.5472054380664653 0.035498489425981876 0.0581570996978852
0 0.6068731117824774 0.5540030211480362 0.026435045317220542 0.05664652567975831
0 0.584214501510574 0.5611782477341389 0.02190332326283988 0.0513595166163142
0 0.5649546827794562 0.5664652567975831 0.022658610271903322 0.05740181268882175
0 0.5234138972809668 0.5687311178247734 0.021148036253776436 0.052870090634441085
0 0.5453172205438066 0.5581570996978852 0.030211480362537763 0.05891238670694864
0 0.24546827794561935 0.652190332326284 0.027190332326283987 0.06570996978851963
1 0.2711480362537764 0.6514350453172205 0.027190332326283987 0.05513595166163142
0 0.2892749244712991 0.6457703927492447 0.030211480362537763 0.055891238670694864
0 0.3119335347432024 0.6419939577039275 0.0256797583081571 0.054380664652567974
1 0.3228851963746224 0.6299093655589124 0.0188821752265861 0.05740181268882175
0 0.3440332326283988 0.6144259818731118 0.024924471299093656 0.0581570996978852
0 0.3697129909365559 0.6212235649546828 0.023413897280966767 0.06268882175226587
0 0.39652567975830816 0.6072507552870091 0.027190332326283987 0.061933534743202415
0 0.4195619335347432 0.6163141993957704 0.026435045317220542 0.04682779456193353
1 0.4324018126888218 0.5989425981873112 0.03700906344410876 0.0634441087613293
0 0.44750755287009064 0.5947885196374623 0.0324773413897281 0.05966767371601209
0 0.47016616314199394 0.5861027190332326 0.024924471299093656 0.05891238670694864
0 0.49584592145015105 0.5781722054380665 0.0324773413897281 0.06117824773413897
