0 0.7579681274900398 0.43051359516616317 0.1693227091633466 0.03323262839879154
0 0.8147410358565736 0.4112537764350453 0.12749003984063745 0.04305135951661632
0 0.8874501992031872 0.3931268882175227 0.1294820717131474 0.05211480362537765
1 0.34561752988047806 0.34365558912386707 0.07768924302788845 0.05891238670694864
1 0.8117529880478087 0.270392749244713 0.07768924302788845 0.060422960725075525
0 0.21314741035856574 0.3648036253776435 0.08366533864541832 0.045317220543806644
0 0.2689243027888446 0.3542296072507553 0.08764940239043825 0.0649546827794562
0 0.13745019920318724 0.38821752265861026 0.08764940239043825 0.0649546827794562
0 0.05976095617529881 0.3931268882175227 0.06772908366533864 0.06117824773413897
0 0.08964143426294821 0.3802870090634441 0.06374501992031872 0.06268882175226587
0 0.03187250996015936 0.3995468277945619 0.06772908366533864 0.061933534743202415
0 0.4043824701195219 0.32817220543806647 0.08764940239043825 0.06268882175226587
0 0.5129482071713147 0.3157099697885196 0.06573705179282868 0.0634441087613293
0 0.5537848605577689 0.29003021148036257 0.07569721115537849 0.055891238670694864
0 0.5976095617529881 0.2873867069486405 0.0796812749003984 0.0581570996978852
1 0.6354581673306773 0.27870090634441086 0.06772908366533864 0.055891238670694864
0 0.6882470119521912 0.2737915407854985 0.07768924302788845 0.06419939577039276
0 0.7191235059760956 0.2673716012084592 0.06772908366533864 0.0649546827794562
0 0.7699203187250996 0.27152567975830816 0.05776892430278884 0.0581570996978852
