2 0.7413141993957704 0.29720543806646527 0.0445619335347432 0.02945619335347432
2 0.7288519637462235 0.327416918429003 0.045317220543806644 0.02945619335347432
2 0.69297583081571 0.311178247734139 0.0445619335347432 0.0377643504531722
2 0.6393504531722054 0.2990936555891239 0.03851963746223565 0.03323262839879154
2 0.5294561933534743 0.31419939577039274 0.03625377643504532 0.027190332326283987
2 0.2058157099697885 0.30777945619335345 0.035498489425981876 0.0324773413897281
2 0.1510574018126888 0.46299093655589124 0.0377643504531722 0.03927492447129909
2 0.1665407854984894 0.31797583081570996 0.04154078549848943 0.030211480362537763
2 0.15483383685800603 0.2930513595166163 0.03927492447129909 0.03323262839879154
2 0.10989425981873112 0.24584592145015105 0.03851963746223565 0.03700906344410876
2 0.07061933534743202 0.2413141993957704 0.04607250755287009 0.0324773413897281
3 0.4229607250755287 0.14652567975830816 0.17069486404833836 0.07099697885196375
3 0.6382175226586103 0.14992447129909364 0.1782477341389728 0.08081570996978851
3 0.8330815709969789 0.14765861027190333 0.12386706948640483 0.07477341389728097
