0 0.0813458262350937 0.590289608177172 0.048551959114139696 0.030664395229982964
0 0.06856899488926746 0.6060477001703578 0.05366269165247019 0.0434412265758092
0 0.04301533219761499 0.6183986371379898 0.046848381601362864 0.040885860306643956
0 0.027257240204429302 0.618824531516184 0.040885860306643956 0.04514480408858603
0 0.019591141396933562 0.6503407155025553 0.040885860306643956 0.031516183986371384
0 0.07240204429301533 0.4301533219761499 0.04258943781942078 0.030664395229982964
0 0.05536626916524702 0.45229982964224874 0.039182282793867124 0.05110732538330494
0 0.020868824531516183 0.4787052810902896 0.0434412265758092 0.05281090289608177
1 0.04258943781942078 0.4680579216354344 0.040885860306643956 0.046848381601362864
0 0.9493185689948893 0.9246166950596252 0.0434412265758092 0.05536626916524702
0 0.9267461669505963 0.942504258943782 0.04258943781942078 0.065587734241908
0 0.9003407155025553 0.9531516183986372 0.04258943781942078 0.059625212947189095
0 0.8662691652470188 0.9586882453151618 0.03747870528109029 0.06047700170357751
0 0.8309199318568995 0.9765758091993186 0.036626916524701875 0.0434412265758092
0 0.7942930153321976 0.9808347529812607 0.03492333901192504 0.03492333901192504
0 0.9821124361158433 0.9041737649063033 0.03236797274275979 0.04514480408858603
