1 0.31948640483383683 0.16735537190082644 0.06797583081570997 0.05371900826446281
0 0.31344410876132933 0.13292011019283748 0.0770392749244713 0.05096418732782369
0 0.2956948640483384 0.03443526170798898 0.0702416918429003 0.046831955922865015
1 0.31419939577039274 0.087465564738292 0.054380664652567974 0.048209366391184574
1 0.4916918429003021 0.07506887052341599 0.05891238670694864 0.045454545454545456
0 0.4898036253776435 0.03787878787878788 0.06117824773413897 0.05096418732782369
0 0.4754531722054381 0.4393939393939394 0.05664652567975831 0.049586776859504134
0 0.4607250755287009 0.4793388429752066 0.04682779456193353 0.04132231404958678
0 0.4773413897280967 0.5034435261707989 0.04984894259818731 0.048209366391184574
0 0.49244712990936557 0.5633608815426997 0.07401812688821752 0.05785123966942149
0 0.4966012084592145 0.6205234159779615 0.0581570996978852 0.045454545454545456
0 0.5037764350453172 0.6659779614325069 0.055891238670694864 0.05371900826446281
0 0.5007552870090635 0.7038567493112948 0.06646525679758308 0.04132231404958678
0 0.5094410876132931 0.7389807162534435 0.04758308157099698 0.05371900826446281
0 0.5317220543806647 0.759641873278237 0.0513595166163142 0.05371900826446281
0 0.5249244712990937 0.8147382920110193 0.052870090634441085 0.03994490358126722
0 0.5275679758308157 0.849862258953168 0.05513595166163142 0.046831955922865015
0 0.5377643504531722 0.8842975206611571 0.04833836858006042 0.03305785123966942
0 0.5328549848942599 0.9166666666666667 0.0445619335347432 0.048209366391184574
0 0.5453172205438066 0.9449035812672176 0.0513595166163142 0.06060606060606061
0 0.45279456193353473 0.9641873278236914 0.06268882175226587 0.049586776859504134
1 0.4467522658610272 0.9297520661157025 0.06268882175226587 0.04132231404958678
0 0.4354229607250755 0.8842975206611571 0.05211480362537765 0.046831955922865015
0 0.41654078549848944 0.8305785123966942 0.04758308157099698 0.04132231404958678
1 0.4259818731117825 0.7982093663911846 0.06646525679758308 0.0371900826446281
0 0.4282477341389728 0.7699724517906337 0.04833836858006042 0.03581267217630854
0 0.39916918429003023 0.721763085399449 0.05211480362537765 0.0440771349862259
0 0.4112537764350453 0.7341597796143251 0.05060422960725076 0.04132231404958678
0 0.41200906344410876 0.6756198347107438 0.05966767371601209 0.05647382920110193
0 0.4044561933534743 0.6391184573002755 0.04305135951661632 0.0440771349862259
0 0.3795317220543807 0.6267217630853995 0.05211480362537765 0.04132231404958678
0 0.35876132930513593 0.5847107438016529 0.052870090634441085 0.03994490358126722
0 0.388595166163142 0.5929752066115702 0.04909365558912387 0.03443526170798898
0 0.38104229607250756 0.5571625344352618 0.05664652567975831 0.03994490358126722
0 0.3697129909365559 0.4497245179063361 0.06419939577039276 0.0674931129476584
0 0.3776435045317221 0.4931129476584022 0.055891238670694864 0.049586776859504134
0 0.3768882175226586 0.5234159779614325 0.060422960725075525 0.04132231404958678
