3 0.09667802385008518 0.15034071550255537 0.07921635434412266 0.15076660988074958
3 0.13458262350936967 0.4505962521294719 0.06814310051107325 0.13287904599659284
3 0.16354344122657583 0.1626916524701874 0.09880749574105623 0.16695059625212946
3 0.239778534923339 0.15459965928449745 0.10647359454855196 0.1695059625212947
3 0.3040885860306644 0.161839863713799 0.0919931856899489 0.16354344122657583
1 0.618824531516184 0.06090289608177172 0.041737649063032366 0.06899488926746167
0 0.6746166950596252 0.04386712095400341 0.039182282793867124 0.06047700170357751
0 0.7044293015332198 0.04940374787052811 0.03577512776831346 0.04599659284497445
0 0.7764054514480409 0.05494037478705281 0.04514480408858603 0.06047700170357751
1 0.8040885860306644 0.0651618398637138 0.04258943781942078 0.06899488926746167
0 0.8304940374787053 0.07240204429301533 0.040885860306643956 0.06473594548551959
1 0.8598807495741057 0.065587734241908 0.031516183986371384 0.06303236797274277
0 0.8896933560477002 0.05238500851788756 0.03833049403747871 0.065587734241908
0 0.8632879045996593 0.1950596252129472 0.03492333901192504 0.056218057921635436
0 0.8309199318568995 0.19378194207836458 0.04514480408858603 0.06047700170357751
1 0.8015332197614992 0.1890971039182283 0.04599659284497445 0.06643952299829642
0 0.7755536626916525 0.19889267461669508 0.04003407155025554 0.05706984667802385
0 0.7406303236797275 0.20826235093696763 0.046848381601362864 0.05536626916524702
1 0.7040034071550255 0.2167802385008518 0.04003407155025554 0.06388415672913117
0 0.6848381601362862 0.2167802385008518 0.044293015332197615 0.06388415672913117
0 0.6503407155025553 0.22657580919931858 0.04003407155025554 0.06473594548551959
0 0.610732538330494 0.21848381601362862 0.034071550255536626 0.062180579216354344
0 0.5826235093696763 0.22529812606473595 0.040885860306643956 0.07410562180579217
1 0.8347529812606473 0.3202725724020443 0.04599659284497445 0.06814310051107325
0 0.7959965928449745 0.31303236797274275 0.03321976149914821 0.062180579216354344
1 0.774701873935264 0.31899488926746167 0.036626916524701875 0.06899488926746167
0 0.7448892674616695 0.32410562180579217 0.046848381601362864 0.06047700170357751
0 0.7125212947189097 0.32921635434412266 0.041737649063032366 0.06388415672913117
0 0.6729131175468483 0.3202725724020443 0.03747870528109029 0.06303236797274277
0 0.6963373083475298 0.315587734241908 0.041737649063032366 0.06388415672913117
0 0.6418228279386712 0.32751277683134583 0.048551959114139696 0.058773424190800685
0 0.6222316865417377 0.3249574105621806 0.041737649063032366 0.06388415672913117
0 0.8449744463373083 0.4109880749574106 0.040885860306643956 0.058773424190800685
1 0.815587734241908 0.41013628620102216 0.026405451448040886 0.06388415672913117
0 0.7815161839863713 0.4178023850085179 0.04514480408858603 0.06899488926746167
0 0.7555366269165247 0.4084327086882453 0.030664395229982964 0.06388415672913117
0 0.7227427597955707 0.4212095400340716 0.046848381601362864 0.06047700170357751
1 0.6976149914821125 0.41652470187393525 0.039182282793867124 0.06473594548551959
0 0.8385860306643952 0.47614991482112434 0.0434412265758092 0.06132879045996593
0 0.8130323679727428 0.4846678023850085 0.03492333901192504 0.06303236797274277
0 0.7942930153321976 0.4816865417376491 0.031516183986371384 0.06388415672913117
0 0.7798126064735945 0.479557069846678 0.029812606473594547 0.06303236797274277
0 0.5919931856899489 0.4178023850085179 0.03747870528109029 0.05366269165247019
0 0.7632027257240205 0.4940374787052811 0.03236797274275979 0.059625212947189095
0 0.7393526405451448 0.4940374787052811 0.030664395229982964 0.059625212947189095
0 0.706984667802385 0.4906303236797274 0.03236797274275979 0.06303236797274277
1 0.6793015332197615 0.49318568994889267 0.04003407155025554 0.059625212947189095
0 0.6541737649063033 0.4919080068143101 0.027257240204429302 0.065587734241908
0 0.6264906303236797 0.487649063032368 0.036626916524701875 0.06388415672913117
0 0.6132879045996593 0.4944633730834753 0.03236797274275979 0.051959114139693355
0 0.59412265758092 0.4893526405451448 0.03321976149914821 0.065587734241908
0 0.5698466780238501 0.48637137989778534 0.039182282793867124 0.06473594548551959
0 0.5425894378194208 0.4936115843270869 0.040885860306643956 0.058773424190800685
0 0.7197614991482113 0.6094548551959115 0.039182282793867124 0.06388415672913117
0 0.7423339011925043 0.610732538330494 0.041737649063032366 0.06132879045996593
1 0.7712947189097104 0.6124361158432708 0.046848381601362864 0.06643952299829642
0 0.7959965928449745 0.6252129471890971 0.03321976149914821 0.06303236797274277
0 0.8160136286201022 0.616695059625213 0.034071550255536626 0.07325383304940375
2 0.8407155025553663 0.6286201022146508 0.027257240204429302 0.030664395229982964
2 0.8722316865417377 0.626916524701874 0.04770017035775128 0.03236797274275979
