2 0.797583081570997 0.22245179063360881 0.060422960725075525 0.10055096418732783
0 0.20770392749244712 0.15495867768595042 0.028700906344410877 0.10055096418732783
0 0.1695619335347432 0.18870523415977963 0.04305135951661632 0.06060606060606061
0 0.1351963746223565 0.05785123966942149 0.04078549848942598 0.09090909090909091
1 0.17711480362537765 0.24449035812672176 0.06117824773413897 0.07575757575757576
0 0.1903323262839879 0.29338842975206614 0.05740181268882175 0.07162534435261708
0 0.2141238670694864 0.4056473829201102 0.05966767371601209 0.05922865013774105
0 0.2058157099697885 0.3684573002754821 0.05060422960725076 0.05096418732782369
0 0.19939577039274925 0.34090909090909094 0.060422960725075525 0.05096418732782369
1 0.30702416918429004 0.6012396694214877 0.0445619335347432 0.12534435261707988
0 0.41654078549848944 0.1349862258953168 0.04909365558912387 0.09090909090909091
0 0.4395770392749245 0.22865013774104684 0.055891238670694864 0.09090909090909091
1 0.34365558912386707 0.10606060606060606 0.054380664652567974 0.09090909090909091
0 0.3145770392749245 0.03305785123966942 0.05362537764350453 0.049586776859504134
0 0.354607250755287 0.16115702479338845 0.04758308157099698 0.08264462809917356
0 0.3697129909365559 0.209366391184573 0.04607250755287009 0.07162534435261708
0 0.36744712990936557 0.26584022038567495 0.05664652567975831 0.0440771349862259
0 0.39161631419939574 0.30303030303030304 0.07175226586102719 0.0440771349862259
0 0.39123867069486407 0.36707988980716255 0.0649546827794562 0.05647382920110193
0 0.4123867069486405 0.4297520661157025 0.0634441087613293 0.046831955922865015
0 0.2103474320241692 0.518595041322314 0.035498489425981876 0.0674931129476584
0 0.3632930513595166 0.5482093663911846 0.04380664652567976 0.10743801652892562
0 0.40672205438066467 0.5399449035812672 0.030966767371601207 0.10743801652892562
1 0.8357250755287009 0.8140495867768596 0.030966767371601207 0.08264462809917356
0 0.8202416918429003 0.8581267217630855 0.03323262839879154 0.08264462809917356
0 0.7960725075528701 0.859504132231405 0.03625377643504532 0.07988980716253444
0 0.773036253776435 0.8932506887052342 0.035498489425981876 0.07575757575757576
0 0.7560422960725075 0.9345730027548209 0.04380664652567976 0.09228650137741047
0 0.7190332326283988 0.9490358126721763 0.03172205438066465 0.09090909090909091
0 0.908987915407855 0.8829201101928374 0.04154078549848943 0.06336088154269973
0 0.9271148036253777 0.8367768595041323 0.0581570996978852 0.08677685950413223
0 0.8991691842900302 0.912534435261708 0.0445619335347432 0.06473829201101929
0 0.8734894259818731 0.912534435261708 0.04003021148036254 0.07575757575757576
1 0.8549848942598187 0.9269972451790633 0.04078549848942598 0.06336088154269973
0 0.841012084592145 0.9648760330578513 0.0324773413897281 0.06473829201101929
0 0.8153323262839879 0.9634986225895317 0.023413897280966767 0.05371900826446281
1 0.5487160120845922 0.04269972451790634 0.06268882175226587 0.06887052341597796
0 0.5600453172205438 0.09090909090909091 0.05362537764350453 0.07162534435261708
0 0.6351963746223565 0.08608815426997246 0.0634441087613293 0.048209366391184574
0 0.6185800604229608 0.044765840220385676 0.05891238670694864 0.03443526170798898
0 0.6382175226586103 0.13774104683195593 0.0649546827794562 0.0440771349862259
0 0.6438821752265861 0.18801652892561985 0.04909365558912387 0.045454545454545456
1 0.6710725075528701 0.23553719008264462 0.06722054380664652 0.05785123966942149
0 0.7941842900302115 0.3615702479338843 0.04154078549848943 0.081267217630854
0 0.7737915407854985 0.3877410468319559 0.0445619335347432 0.08677685950413223
0 0.7564199395770392 0.3994490358126722 0.04305135951661632 0.0881542699724518
1 0.729607250755287 0.41460055096418735 0.04833836858006042 0.09366391184573003
0 0.7163897280966768 0.45385674931129477 0.0445619335347432 0.09228650137741047
0 0.6782477341389728 0.38980716253443526 0.04078549848942598 0.09090909090909091
0 0.6574773413897281 0.4084022038567493 0.0324773413897281 0.07851239669421488
1 0.6348187311178247 0.4228650137741047 0.030966767371601207 0.07988980716253444
1 0.5845921450151057 0.34917355371900827 0.04229607250755287 0.10606060606060606
1 0.631797583081571 0.31267217630853994 0.023413897280966767 0.09090909090909091
0 0.6163141993957704 0.34297520661157027 0.03927492447129909 0.09090909090909091
0 0.652190332326284 0.30578512396694213 0.02945619335347432 0.07162534435261708
0 0.574773413897281 0.1859504132231405 0.0513595166163142 0.07988980716253444
1 0.5808157099697885 0.22589531680440772 0.054380664652567974 0.07162534435261708
0 0.5962990936555891 0.2582644628099174 0.06268882175226587 0.07024793388429752
0 0.6756042296072508 0.509641873278237 0.04154078549848943 0.08264462809917356
0 0.6283987915407855 0.5633608815426997 0.04380664652567976 0.0881542699724518
0 0.6095166163141994 0.4634986225895317 0.03927492447129909 0.09504132231404959
0 0.5785498489425982 0.4634986225895317 0.04380664652567976 0.08953168044077135
0 0.5558912386706949 0.4772727272727273 0.0377643504531722 0.07851239669421488
0 0.5351208459214502 0.5110192837465565 0.03851963746223565 0.1046831955922865
0 0.5086858006042296 0.5254820936639119 0.035498489425981876 0.081267217630854
0 0.5959214501510574 0.5819559228650137 0.02416918429003021 0.0674931129476584
0 0.5789274924471299 0.5950413223140496 0.03700906344410876 0.07988980716253444
0 0.5540030211480362 0.5991735537190083 0.030966767371601207 0.09366391184573003
0 0.28323262839879154 0.8415977961432507 0.04380664652567976 0.10192837465564739
0 0.31231117824773413 0.831267217630854 0.04154078549848943 0.11432506887052342
0 0.33459214501510576 0.8016528925619835 0.03927492447129909 0.11019283746556474
0 0.36631419939577037 0.6914600550964187 0.03172205438066465 0.08264462809917356
0 0.3919939577039275 0.6756198347107438 0.03474320241691843 0.08402203856749312
0 0.43466767371601206 0.768595041322314 0.033987915407854986 0.0881542699724518
0 0.4188066465256798 0.7761707988980716 0.04909365558912387 0.08677685950413223
0 0.38632930513595165 0.7679063360881543 0.04154078549848943 0.08677685950413223
0 0.4679003021148036 0.587465564738292 0.04154078549848943 0.08677685950413223
0 0.15483383685800603 0.13085399449035812 0.0649546827794562 0.11570247933884298
1 0.5113293051359517 0.6549586776859504 0.04984894259818731 0.08402203856749312
1 0.4679003021148036 0.7045454545454546 0.0581570996978852 0.07300275482093664
