0 0.3641396933560477 0.030991735537190084 0.04514480408858603 0.05096418732782369
1 0.3833049403747871 0.0674931129476584 0.05110732538330494 0.05234159779614325
0 0.3858603066439523 0.11225895316804407 0.06132879045996593 0.05371900826446281
0 0.401618398637138 0.17286501377410468 0.051959114139693355 0.07024793388429752
0 0.4190800681431005 0.24104683195592286 0.05281090289608177 0.07162534435261708
0 0.44420783645655876 0.278236914600551 0.0434412265758092 0.08264462809917356
0 0.4527257240204429 0.3367768595041322 0.04514480408858603 0.048209366391184574
0 0.467206132879046 0.37052341597796146 0.05536626916524702 0.05509641873278237
2 0.5110732538330494 0.3119834710743802 0.04258943781942078 0.05096418732782369
0 0.4787052810902896 0.41460055096418735 0.04258943781942078 0.08264462809917356
0 0.497870528109029 0.49242424242424243 0.058773424190800685 0.06198347107438017
1 0.510221465076661 0.5378787878787878 0.04599659284497445 0.028925619834710745
0 0.514480408858603 0.5771349862258953 0.05110732538330494 0.06060606060606061
0 0.5404599659284498 0.6363636363636364 0.03833049403747871 0.07988980716253444
1 0.5549403747870528 0.6955922865013774 0.04003407155025554 0.08539944903581267
0 0.5711243611584327 0.7451790633608816 0.05706984667802385 0.04132231404958678
1 0.5830494037478705 0.7830578512396694 0.03833049403747871 0.045454545454545456
0 0.5928449744463373 0.8168044077134986 0.05281090289608177 0.05785123966942149
0 0.6026405451448041 0.8705234159779615 0.028109028960817718 0.08539944903581267
0 0.616695059625213 0.8925619834710744 0.04258943781942078 0.09641873278236915
0 0.6350085178875639 0.9455922865013774 0.0434412265758092 0.07851239669421488
0 0.6588586030664395 0.9703856749311295 0.036626916524701875 0.05096418732782369
0 0.8023850085178875 0.9793388429752067 0.056218057921635436 0.027548209366391185
0 0.7666098807495741 0.9531680440771351 0.05792163543441227 0.027548209366391185
0 0.7678875638841567 0.9146005509641874 0.058773424190800685 0.03856749311294766
0 0.7491482112436116 0.8629476584022039 0.058773424190800685 0.03168044077134986
0 0.7402044293015332 0.8326446280991736 0.05110732538330494 0.045454545454545456
0 0.7282793867120954 0.8030303030303031 0.04599659284497445 0.04132231404958678
0 0.7227427597955707 0.7713498622589532 0.0434412265758092 0.05785123966942149
0 0.6993185689948893 0.727961432506887 0.05110732538330494 0.03994490358126722
0 0.6878194207836457 0.6852617079889808 0.05536626916524702 0.026170798898071626
0 0.6754684838160137 0.6549586776859504 0.05792163543441227 0.023415977961432508
0 0.6827086882453152 0.6184573002754821 0.05706984667802385 0.04132231404958678
0 0.6524701873935265 0.5681818181818182 0.07155025553662692 0.05096418732782369
0 0.6367120954003407 0.5241046831955923 0.04514480408858603 0.05371900826446281
0 0.631175468483816 0.47176308539944906 0.06473594548551959 0.03994490358126722
0 0.614565587734242 0.4035812672176309 0.062180579216354344 0.03856749311294766
0 0.5890119250425895 0.3353994490358127 0.058773424190800685 0.06198347107438017
0 0.5566439522998297 0.21418732782369146 0.05706984667802385 0.03994490358126722
0 0.538756388415673 0.14807162534435261 0.06047700170357751 0.045454545454545456
0 0.518313458262351 0.09641873278236915 0.05366269165247019 0.03856749311294766
0 0.5114991482112436 0.048898071625344354 0.05025553662691652 0.048209366391184574
0 0.5732538330494038 0.2727272727272727 0.059625212947189095 0.04132231404958678
0 0.9582623509369677 0.015151515151515152 0.044293015332197615 0.03305785123966942
0 0.9706132879045997 0.05371900826446281 0.05366269165247019 0.06060606060606061
0 0.9821124361158433 0.09848484848484848 0.030664395229982964 0.04269972451790634
0 0.985519591141397 0.15013774104683197 0.02385008517887564 0.046831955922865015
