0 0.5902567975830816 0.014350453172205438 0.04758308157099698 0.0256797583081571
0 0.5891238670694864 0.026057401812688823 0.0513595166163142 0.03851963746223565
0 0.6023413897280967 0.0377643504531722 0.05966767371601209 0.03625377643504532
0 0.697129909365559 0.01472809667673716 0.05740181268882175 0.024924471299093656
0 0.6340634441087614 0.10649546827794562 0.0581570996978852 0.03474320241691843
1 0.6514350453172205 0.12651057401812688 0.05664652567975831 0.05060422960725076
0 0.7126132930513596 0.02945619335347432 0.0581570996978852 0.028700906344410877
0 0.7099697885196374 0.04569486404833837 0.05740181268882175 0.0324773413897281
0 0.724320241691843 0.05664652567975831 0.05891238670694864 0.03625377643504532
0 0.7322507552870091 0.07288519637462236 0.06873111782477341 0.0324773413897281
0 0.7273413897280967 0.09290030211480363 0.0634441087613293 0.0256797583081571
0 0.7466012084592145 0.09743202416918428 0.05513595166163142 0.027190332326283987
0 0.7462235649546828 0.12009063444108761 0.055891238670694864 0.028700906344410877
0 0.7617069486404834 0.13935045317220543 0.06722054380664652 0.02945619335347432
0 0.7598187311178247 0.1646525679758308 0.06797583081570997 0.028700906344410877
0 0.770392749244713 0.18768882175226587 0.0649546827794562 0.027945619335347432
0 0.7809667673716012 0.21638972809667673 0.052870090634441085 0.03700906344410876
0 0.80702416918429 0.25113293051359514 0.05664652567975831 0.0324773413897281
0 0.8108006042296072 0.2685045317220544 0.05362537764350453 0.027945619335347432
0 0.8243957703927492 0.2964501510574018 0.0581570996978852 0.04003021148036254
0 0.827416918429003 0.31797583081570996 0.05362537764350453 0.03474320241691843
0 0.8447885196374623 0.3527190332326284 0.06117824773413897 0.03474320241691843
0 0.8640483383685801 0.3851963746223565 0.0634441087613293 0.03172205438066465
1 0.8851963746223565 0.4395770392749245 0.060422960725075525 0.03172205438066465
0 0.8927492447129909 0.4645015105740181 0.04984894259818731 0.03172205438066465
0 0.9138972809667674 0.49962235649546827 0.05740181268882175 0.030966767371601207
0 0.9218277945619335 0.5260574018126888 0.06117824773413897 0.017371601208459216
0 0.9694108761329305 0.6608761329305136 0.05664652567975831 0.030211480362537763
1 0.9493957703927492 0.5845921450151057 0.060422960725075525 0.03625377643504532
0 0.956570996978852 0.5955438066465257 0.05664652567975831 0.0324773413897281
0 0.6627643504531722 0.14803625377643503 0.06268882175226587 0.0377643504531722
1 0.6669184290030211 0.1710725075528701 0.054380664652567974 0.03851963746223565
0 0.6691842900302115 0.2035498489425982 0.07099697885196375 0.03700906344410876
0 0.6691842900302115 0.18617824773413896 0.052870090634441085 0.03851963746223565
1 0.6842900302114804 0.21676737160120846 0.052870090634441085 0.052870090634441085
1 0.6922205438066465 0.2330060422960725 0.0581570996978852 0.035498489425981876
0 0.69297583081571 0.2590634441087613 0.06722054380664652 0.028700906344410877
0 0.7171450151057401 0.27152567975830816 0.0581570996978852 0.033987915407854986
0 0.7133685800604229 0.2892749244712991 0.05060422960725076 0.03625377643504532
0 0.7231873111782477 0.29871601208459214 0.05513595166163142 0.035498489425981876
0 0.7258308157099698 0.3187311178247734 0.060422960725075525 0.03474320241691843
0 0.745845921450151 0.3323262839879154 0.05513595166163142 0.03927492447129909
0 0.7515105740181269 0.35196374622356497 0.05891238670694864 0.0377643504531722
0 0.7515105740181269 0.37613293051359514 0.0513595166163142 0.04380664652567976
0 0.7673716012084593 0.38368580060422963 0.07250755287009064 0.030211480362537763
0 0.7552870090634441 0.4078549848942598 0.0649546827794562 0.03625377643504532
0 0.7726586102719033 0.4169184290030212 0.052870090634441085 0.03323262839879154
0 0.775679758308157 0.43919939577039274 0.04682779456193353 0.05211480362537765
1 0.7877643504531722 0.452416918429003 0.04078549848942598 0.04682779456193353
0 0.7983383685800605 0.4675226586102719 0.055891238670694864 0.03927492447129909
1 0.802870090634441 0.48942598187311176 0.060422960725075525 0.04380664652567976
1 0.7972054380664653 0.5030211480362538 0.06117824773413897 0.03927492447129909
0 0.8262839879154078 0.5362537764350453 0.06948640483383686 0.03172205438066465
1 0.8213746223564955 0.5490936555891238 0.06873111782477341 0.030211480362537763
0 0.827416918429003 0.5713746223564955 0.06419939577039276 0.033987915407854986
0 0.8338368580060423 0.5819486404833837 0.060422960725075525 0.04003021148036254
0 0.8515861027190332 0.6095166163141994 0.06419939577039276 0.0377643504531722
1 0.8610271903323263 0.6329305135951662 0.0649546827794562 0.0377643504531722
0 0.8629154078549849 0.6631419939577039 0.04607250755287009 0.04984894259818731
0 0.8757552870090635 0.6831570996978852 0.05362537764350453 0.04909365558912387
0 0.8957703927492447 0.6952416918429003 0.04078549848942598 0.04607250755287009
0 0.9104984894259819 0.7190332326283988 0.06117824773413897 0.03927492447129909
0 0.16012084592145015 0.019259818731117824 0.06948640483383686 0.023413897280966767
0 0.16729607250755288 0.03625377643504532 0.06570996978851963 0.03474320241691843
0 0.17031722054380666 0.05664652567975831 0.07326283987915408 0.030211480362537763
0 0.18089123867069487 0.07477341389728097 0.0702416918429003 0.03323262839879154
0 0.04569486404833837 0.030966767371601207 0.06722054380664652 0.030211480362537763
0 0.0377643504531722 0.013972809667673716 0.0649546827794562 0.02190332326283988
1 0.05513595166163142 0.06117824773413897 0.0634441087613293 0.03927492447129909
0 0.06835347432024169 0.07741691842900301 0.07477341389728097 0.030966767371601207
1 0.07628398791540786 0.1042296072507553 0.06646525679758308 0.03927492447129909
0 0.0823262839879154 0.13028700906344412 0.061933534743202415 0.03851963746223565
0 0.09969788519637462 0.14954682779456194 0.061933534743202415 0.03323262839879154
0 0.1061178247734139 0.17182779456193353 0.0581570996978852 0.033987915407854986
0 0.12311178247734139 0.19373111782477342 0.052870090634441085 0.03851963746223565
0 0.14086102719033233 0.1952416918429003 0.05362537764350453 0.035498489425981876
0 0.1336858006042296 0.2209214501510574 0.0634441087613293 0.027945619335347432
0 0.14992447129909364 0.23904833836858005 0.06117824773413897 0.03700906344410876
0 0.1506797583081571 0.26321752265861026 0.0581570996978852 0.023413897280966767
0 0.1623867069486405 0.2836102719033233 0.0634441087613293 0.0324773413897281
0 0.16729607250755288 0.30551359516616317 0.0581570996978852 0.02039274924471299
0 0.17409365558912387 0.3429003021148036 0.05060422960725076 0.03323262839879154
0 0.19788519637462235 0.3576283987915408 0.0634441087613293 0.030966767371601207
0 0.20506042296072508 0.381797583081571 0.06873111782477341 0.026435045317220542
0 0.21299093655589124 0.41012084592145015 0.061933534743202415 0.03625377643504532
0 0.22243202416918428 0.4369335347432024 0.06419939577039276 0.026435045317220542
0 0.23602719033232628 0.472809667673716 0.05966767371601209 0.03323262839879154
0 0.26057401812688824 0.5154833836858006 0.061933534743202415 0.033987915407854986
0 0.2753021148036254 0.5260574018126888 0.05966767371601209 0.030966767371601207
0 0.26963746223564955 0.550226586102719 0.060422960725075525 0.027945619335347432
0 0.2212990936555891 0.1559667673716012 0.06948640483383686 0.04003021148036254
0 0.2280966767371601 0.18542296072507553 0.05891238670694864 0.030966767371601207
0 0.23527190332326284 0.2103474320241692 0.06570996978851963 0.03851963746223565
0 0.23867069486404835 0.22847432024169184 0.061933534743202415 0.030966767371601207
1 0.25075528700906347 0.23791540785498488 0.0513595166163142 0.045317220543806644
1 0.25415407854984895 0.25415407854984895 0.05211480362537765 0.04154078549848943
0 0.26321752265861026 0.2681268882175227 0.05664652567975831 0.03172205438066465
0 0.2669939577039275 0.28512084592145015 0.05664652567975831 0.026435045317220542
0 0.2862537764350453 0.2994712990936556 0.05740181268882175 0.02945619335347432
1 0.28512084592145015 0.31986404833836857 0.06570996978851963 0.024924471299093656
0 0.2858761329305136 0.3413897280966767 0.06873111782477341 0.022658610271903322
0 0.30249244712990936 0.36253776435045315 0.0702416918429003 0.03474320241691843
0 0.3187311178247734 0.37424471299093653 0.054380664652567974 0.03700906344410876
0 0.3074018126888218 0.4006797583081571 0.06797583081570997 0.0324773413897281
0 0.324773413897281 0.4214501510574018 0.060422960725075525 0.030211480362537763
0 0.33799093655589124 0.4335347432024169 0.06722054380664652 0.04078549848942598
0 0.3666918429003021 0.45581570996978854 0.07175226586102719 0.026435045317220542
0 0.3523413897280967 0.472809667673716 0.06268882175226587 0.02416918429003021
0 0.3632930513595166 0.4981117824773414 0.061933534743202415 0.026435045317220542
0 0.35989425981873113 0.513595166163142 0.06722054380664652 0.027190332326283987
0 0.37424471299093653 0.5388972809667674 0.0581570996978852 0.0324773413897281
1 0.44410876132930516 0.7152567975830816 0.07250755287009064 0.030211480362537763
0 0.4588368580060423 0.7424471299093656 0.05664652567975831 0.03172205438066465
1 0.4641238670694864 0.7628398791540786 0.07175226586102719 0.03323262839879154
0 0.48036253776435045 0.7930513595166163 0.0755287009063444 0.027190332326283987
0 0.5558912386706949 0.8209969788519638 0.05740181268882175 0.028700906344410877
0 0.48489425981873113 0.8172205438066465 0.05891238670694864 0.0256797583081571
0 0.5045317220543807 0.8466767371601208 0.05891238670694864 0.0256797583081571
0 0.5120845921450151 0.877643504531722 0.0634441087613293 0.0256797583081571
0 0.5872356495468278 0.8908610271903323 0.06722054380664652 0.030966767371601207
0 0.6110271903323263 0.9663897280966768 0.052870090634441085 0.033987915407854986
1 0.5343655589123867 0.9274924471299094 0.05966767371601209 0.0513595166163142
1 0.5404078549848943 0.9467522658610272 0.06268882175226587 0.03700906344410876
0 0.31722054380664655 0.8802870090634441 0.05891238670694864 0.0324773413897281
0 0.32439577039274925 0.8923716012084593 0.05513595166163142 0.030966767371601207
0 0.2719033232628399 0.9248489425981873 0.05740181268882175 0.0324773413897281
1 0.28058912386706947 0.9448640483383686 0.0702416918429003 0.03474320241691843
0 0.3391238670694864 0.9248489425981873 0.052870090634441085 0.033987915407854986
0 0.297583081570997 0.9739425981873112 0.060422960725075525 0.026435045317220542
0 0.3504531722054381 0.9422205438066465 0.054380664652567974 0.035498489425981876
0 0.3712235649546828 0.959214501510574 0.05966767371601209 0.03474320241691843
0 0.3889728096676737 0.9814954682779456 0.060422960725075525 0.026435045317220542
