0 0.09403323262839879 0.8799093655589124 0.05362537764350453 0.0377643504531722
0 0.10838368580060423 0.8961480362537765 0.04909365558912387 0.030966767371601207
0 0.10234138972809667 0.9131419939577039 0.04909365558912387 0.03172205438066465
0 0.11329305135951662 0.9324018126888217 0.04833836858006042 0.04154078549848943
0 0.11858006042296072 0.945619335347432 0.061933534743202415 0.03172205438066465
0 0.13783987915407855 0.9580815709969789 0.05966767371601209 0.023413897280966767
0 0.08799093655589124 0.8549848942598187 0.05211480362537765 0.030211480362537763
0 0.09176737160120846 0.8345921450151057 0.05060422960725076 0.03323262839879154
0 0.07175226586102719 0.8236404833836858 0.054380664652567974 0.026435045317220542
0 0.0891238670694864 0.8009818731117825 0.0634441087613293 0.030966767371601207
0 0.06608761329305136 0.7896525679758308 0.0581570996978852 0.024924471299093656
0 0.0702416918429003 0.7620845921450151 0.03625377643504532 0.03474320241691843
1 0.05626888217522659 0.7552870090634441 0.05664652567975831 0.04380664652567976
0 0.054380664652567974 0.7360271903323263 0.04984894259818731 0.02945619335347432
1 0.03512084592145015 0.6790030211480362 0.04607250755287009 0.04380664652567976
1 0.045317220543806644 0.7129909365558912 0.05740181268882175 0.03927492447129909
0 0.6695619335347432 0.9467522658610272 0.05966767371601209 0.030966767371601207
0 0.6763595166163142 0.9697885196374623 0.05664652567975831 0.0256797583081571
0 0.6714501510574018 0.9104984894259819 0.04833836858006042 0.027945619335347432
0 0.6499244712990937 0.8969033232628398 0.05362537764350453 0.026435045317220542
0 0.6416163141993958 0.8738670694864048 0.07326283987915408 0.027190332326283987
0 0.6340634441087614 0.8459214501510574 0.05513595166163142 0.030211480362537763
0 0.6348187311178247 0.8157099697885196 0.06268882175226587 0.0256797583081571
0 0.625 0.775679758308157 0.07326283987915408 0.03323262839879154
0 0.5049093655589124 0.7643504531722054 0.06722054380664652 0.028700906344410877
0 0.49924471299093653 0.7836102719033232 0.054380664652567974 0.023413897280966767
0 0.5290785498489426 0.7938066465256798 0.035498489425981876 0.03172205438066465
0 0.5343655589123867 0.8183534743202416 0.05513595166163142 0.02945619335347432
0 0.5400302114803626 0.845166163141994 0.07099697885196375 0.030211480362537763
0 0.529833836858006 0.8678247734138973 0.05966767371601209 0.030211480362537763
0 0.5649546827794562 0.900679758308157 0.05891238670694864 0.030966767371601207
1 0.5592900302114804 0.9259818731117825 0.06117824773413897 0.019637462235649546
0 0.5536253776435045 0.9433534743202416 0.04833836858006042 0.022658610271903322
0 0.5736404833836858 0.9573262839879154 0.04758308157099698 0.02039274924471299
0 0.5713746223564955 0.9788519637462235 0.05362537764350453 0.03172205438066465
0 0.5989425981873112 0.6963746223564955 0.061933534743202415 0.028700906344410877
0 0.5906344410876133 0.7205438066465257 0.04833836858006042 0.021148036253776436
1 0.6091389728096677 0.7337613293051359 0.05362537764350453 0.024924471299093656
0 0.5083081570996979 0.7420694864048338 0.04833836858006042 0.023413897280966767
0 0.5060422960725075 0.725453172205438 0.06797583081570997 0.02190332326283988
0 0.49773413897280966 0.699773413897281 0.0513595166163142 0.03700906344410876
0 0.6110271903323263 0.47658610271903323 0.055891238670694864 0.030211480362537763
0 0.6102719033232629 0.45392749244712993 0.052870090634441085 0.02416918429003021
0 0.5981873111782477 0.40294561933534745 0.06948640483383686 0.033987915407854986
0 0.5898791540785498 0.42560422960725075 0.061933534743202415 0.024924471299093656
0 0.529833836858006 0.03927492447129909 0.06722054380664652 0.04078549848942598
0 0.7035498489425982 0.043429003021148035 0.05664652567975831 0.030966767371601207
0 0.7148791540785498 0.06797583081570997 0.05966767371601209 0.028700906344410877
0 0.7216767371601208 0.08950151057401813 0.05362537764350453 0.02945619335347432
0 0.7262084592145015 0.11744712990936555 0.07628398791540786 0.035498489425981876
1 0.7390483383685801 0.14614803625377643 0.04305135951661632 0.0324773413897281
0 0.7046827794561934 0.19297583081570996 0.03323262839879154 0.05362537764350453
0 0.7416918429003021 0.18126888217522658 0.03625377643504532 0.04380664652567976
0 0.7586858006042296 0.20996978851963746 0.04758308157099698 0.04682779456193353
0 0.747356495468278 0.23338368580060423 0.0581570996978852 0.04380664652567976
0 0.7692598187311178 0.26510574018126887 0.04003021148036254 0.03927492447129909
0 0.7711480362537765 0.3485649546827795 0.045317220543806644 0.0445619335347432
0 0.7956948640483383 0.3632930513595166 0.04154078549848943 0.04984894259818731
0 0.7677492447129909 0.311178247734139 0.04154078549848943 0.030211480362537763
0 0.6310422960725075 0.3402567975830816 0.05362537764350453 0.035498489425981876
1 0.6261329305135952 0.3157099697885196 0.0513595166163142 0.03323262839879154
0 0.6132930513595166 0.2847432024169184 0.055891238670694864 0.0256797583081571
0 0.6012084592145015 0.2552870090634441 0.05740181268882175 0.030211480362537763
0 0.5823262839879154 0.22998489425981872 0.045317220543806644 0.033987915407854986
1 0.5683534743202416 0.19826283987915408 0.04154078549848943 0.04154078549848943
0 0.5558912386706949 0.1661631419939577 0.060422960725075525 0.03474320241691843
0 0.5483383685800605 0.13293051359516617 0.060422960725075525 0.027190332326283987
0 0.5506042296072508 0.1027190332326284 0.060422960725075525 0.02416918429003021
0 0.5313444108761329 0.07137462235649547 0.05060422960725076 0.0324773413897281
0 0.4799848942598187 0.10800604229607251 0.04758308157099698 0.04078549848942598
1 0.44033232628398794 0.5196374622356495 0.07250755287009064 0.0256797583081571
0 0.5834592145015106 0.37084592145015105 0.04758308157099698 0.03625377643504532
0 0.5672205438066465 0.35347432024169184 0.052870090634441085 0.03474320241691843
0 0.5683534743202416 0.32628398791540786 0.05060422960725076 0.028700906344410877
0 0.5558912386706949 0.3062688821752266 0.04682779456193353 0.033987915407854986
0 0.543429003021148 0.28058912386706947 0.06722054380664652 0.04003021148036254
0 0.5324773413897281 0.26246223564954685 0.06646525679758308 0.04003021148036254
0 0.5101963746223565 0.23338368580060423 0.07779456193353475 0.04380664652567976
0 0.5101963746223565 0.18768882175226587 0.04154078549848943 0.04758308157099698
0 0.49131419939577037 0.16767371601208458 0.04758308157099698 0.0513595166163142
1 0.324773413897281 0.017749244712990938 0.027190332326283987 0.0324773413897281
1 0.27681268882175225 0.026812688821752265 0.023413897280966767 0.0445619335347432
0 0.256797583081571 0.026057401812688823 0.03323262839879154 0.04003021148036254
1 0.22998489425981872 0.055891238670694864 0.0702416918429003 0.03323262839879154
0 0.30551359516616317 0.0581570996978852 0.05664652567975831 0.03625377643504532
0 0.25490936555891236 0.08459214501510574 0.05362537764350453 0.03474320241691843
1 0.3202416918429003 0.07779456193353475 0.052870090634441085 0.04078549848942598
0 0.3285498489425982 0.1042296072507553 0.05891238670694864 0.04229607250755287
0 0.25793051359516617 0.12348942598187311 0.06268882175226587 0.0445619335347432
0 0.26435045317220546 0.15521148036253776 0.0649546827794562 0.03851963746223565
0 0.2828549848942598 0.18391238670694865 0.05966767371601209 0.027945619335347432
0 0.3447885196374622 0.16314199395770393 0.06419939577039276 0.04229607250755287
1 0.3530966767371601 0.1952416918429003 0.06419939577039276 0.03700906344410876
0 0.3527190332326284 0.21185800604229607 0.0513595166163142 0.03700906344410876
0 0.30249244712990936 0.24395770392749244 0.03851963746223565 0.03474320241691843
0 0.37009063444108764 0.22356495468277945 0.054380664652567974 0.04078549848942598
0 0.3783987915407855 0.2564199395770393 0.060422960725075525 0.02945619335347432
1 0.3716012084592145 0.2843655589123867 0.0649546827794562 0.0324773413897281
0 0.3145770392749245 0.3304380664652568 0.06419939577039276 0.0445619335347432
0 0.3931268882175227 0.3474320241691843 0.07175226586102719 0.03323262839879154
0 0.395392749244713 0.375 0.06117824773413897 0.02945619335347432
0 0.34327794561933533 0.4014350453172205 0.0581570996978852 0.033987915407854986
0 0.4108761329305136 0.4097432024169184 0.04833836858006042 0.04154078549848943
0 0.415785498489426 0.44033232628398794 0.08383685800604229 0.03323262839879154
1 0.4324018126888218 0.466012084592145 0.05362537764350453 0.04078549848942598
0 0.43768882175226587 0.4898036253776435 0.06268882175226587 0.027945619335347432
