3 0.25212947189097107 0.3285498489425982 0.1839863713798978 0.0755287009063444
3 0.35093696763202725 0.4195619335347432 0.1737649063032368 0.08836858006042296
3 0.07708688245315162 0.27492447129909364 0.09965928449744464 0.08006042296072508
0 0.1563032367972743 0.1623867069486405 0.10477001703577513 0.05740181268882175
0 0.29471890971039183 0.49962235649546827 0.06473594548551959 0.024924471299093656
0 0.3049403747870528 0.5385196374622356 0.056218057921635436 0.0256797583081571
0 0.3645655877342419 0.5653323262839879 0.05281090289608177 0.0581570996978852
1 0.3862862010221465 0.5336102719033232 0.03833049403747871 0.05060422960725076
0 0.4182282793867121 0.5260574018126888 0.03236797274275979 0.06117824773413897
0 0.4408006814310051 0.5237915407854985 0.041737649063032366 0.05060422960725076
0 0.4659284497444634 0.4898036253776435 0.03236797274275979 0.04758308157099698
0 0.4927597955706985 0.5003776435045317 0.019591141396933562 0.05513595166163142
0 0.5178875638841567 0.5109516616314199 0.02555366269165247 0.05966767371601209
0 0.5417376490630323 0.49962235649546827 0.018739352640545145 0.06117824773413897
0 0.573679727427598 0.4909365558912387 0.026405451448040886 0.05891238670694864
0 0.5843270868824532 0.5336102719033232 0.030664395229982964 0.0581570996978852
0 0.5936967632027257 0.5494712990936556 0.06814310051107325 0.030966767371601207
0 0.6128620102214651 0.5683534743202416 0.06047700170357751 0.024924471299093656
0 0.65587734241908 0.6178247734138973 0.028960817717206135 0.05891238670694864
0 0.6937819420783645 0.8942598187311178 0.075809199318569 0.03323262839879154
0 0.5800681431005111 0.9331570996978852 0.07836456558773425 0.026435045317220542
0 0.7840715502555367 0.7979607250755287 0.024701873935264056 0.05211480362537765
0 0.780664395229983 0.7749244712990937 0.029812606473594547 0.04984894259818731
0 0.7619250425894378 0.7401812688821753 0.028109028960817718 0.06646525679758308
0 0.7555366269165247 0.8538519637462235 0.06643952299829642 0.030966767371601207
0 0.7044293015332198 0.7280966767371602 0.054514480408858604 0.03474320241691843
0 0.7385008517887564 0.8138217522658611 0.06132879045996593 0.033987915407854986
0 0.7235945485519591 0.6525679758308157 0.06899488926746167 0.027190332326283987
0 0.795144804088586 0.9792296072507553 0.07751277683134583 0.0324773413897281
1 0.6384156729131175 0.9199395770392749 0.05536626916524702 0.022658610271903322
0 0.8956558773424191 0.37386706948640486 0.051959114139693355 0.03172205438066465
0 0.8931005110732538 0.41200906344410876 0.05536626916524702 0.023413897280966767
0 0.8939522998296423 0.4395770392749245 0.05366269165247019 0.03172205438066465
0 0.8884156729131175 0.48376132930513593 0.06303236797274277 0.03700906344410876
0 0.881175468483816 0.5207703927492447 0.065587734241908 0.030966767371601207
0 0.8824531516183987 0.5551359516616314 0.054514480408858604 0.022658610271903322
0 0.8824531516183987 0.5827039274924471 0.07495741056218058 0.027945619335347432
0 0.8837308347529813 0.6110271903323263 0.065587734241908 0.02416918429003021
0 0.8867120954003407 0.6510574018126888 0.059625212947189095 0.01812688821752266
0 0.8965076660988075 0.6740936555891238 0.04514480408858603 0.0188821752265861
