2 0.024924471299093656 0.23140495867768596 0.04078549848942598 0.08539944903581267
0 0.024546827794561934 0.36707988980716255 0.04003021148036254 0.09228650137741047
0 0.15709969788519637 0.8464187327823691 0.055891238670694864 0.0674931129476584
1 0.06080060422960725 0.8209366391184574 0.026435045317220542 0.09366391184573003
0 0.04569486404833837 0.8601928374655647 0.033987915407854986 0.10330578512396695
1 0.021148036253776436 0.8684573002754821 0.03172205438066465 0.08953168044077135
0 0.12197885196374622 0.7796143250688705 0.05362537764350453 0.0743801652892562
0 0.13708459214501512 0.8842975206611571 0.03851963746223565 0.06611570247933884
0 0.09743202416918428 0.9173553719008265 0.03323262839879154 0.07713498622589532
0 0.12348942598187311 0.9132231404958678 0.03700906344410876 0.07162534435261708
0 0.043429003021148035 0.9641873278236914 0.015861027190332326 0.05785123966942149
0 0.06797583081570997 0.9628099173553719 0.028700906344410877 0.06336088154269973
0 0.3512084592145015 0.34435261707988984 0.04380664652567976 0.08539944903581267
0 0.3576283987915408 0.26170798898071623 0.05362537764350453 0.06887052341597796
0 0.3995468277945619 0.2231404958677686 0.05740181268882175 0.07713498622589532
1 0.4335347432024169 0.1893939393939394 0.03927492447129909 0.09779614325068871
1 0.4788519637462236 0.12672176308539945 0.03474320241691843 0.09917355371900827
0 0.45996978851963743 0.14393939393939395 0.04229607250755287 0.081267217630854
0 0.5064199395770392 0.09710743801652894 0.04909365558912387 0.09228650137741047
1 0.5279456193353474 0.07506887052341599 0.0377643504531722 0.09228650137741047
