2 0.4543051359516616 0.7753021148036254 0.05060422960725076 0.04305135951661632
0 0.5143504531722054 0.8209969788519638 0.04984894259818731 0.0770392749244713
2 0.5086858006042296 0.8157099697885196 0.030966767371601207 0.045317220543806644
2 0.5657099697885196 0.5615558912386707 0.03474320241691843 0.05362537764350453
2 0.5996978851963746 0.5691087613293051 0.02416918429003021 0.05211480362537765
2 0.6348187311178247 0.5725075528700906 0.04758308157099698 0.055891238670694864
2 0.5249244712990937 0.48867069486404835 0.0513595166163142 0.04380664652567976
2 0.5664652567975831 0.44033232628398794 0.04380664652567976 0.04682779456193353
0 0.42371601208459214 0.026812688821752265 0.021148036253776436 0.04607250755287009
0 0.43655589123867067 0.060045317220543806 0.021148036253776436 0.05362537764350453
0 0.45845921450151056 0.050981873111782476 0.021148036253776436 0.0581570996978852
0 0.4754531722054381 0.07137462235649547 0.02039274924471299 0.05362537764350453
0 0.4981117824773414 0.07061933534743202 0.02945619335347432 0.06117824773413897
0 0.5328549848942599 0.06382175226586102 0.04003021148036254 0.06873111782477341
0 0.6068731117824774 0.37462235649546827 0.03851963746223565 0.0649546827794562
0 0.6518126888217523 0.3859516616314199 0.022658610271903322 0.055891238670694864
0 0.6786253776435045 0.388595166163142 0.0324773413897281 0.05664652567975831
0 0.6869335347432024 0.3561178247734139 0.033987915407854986 0.05966767371601209
0 0.7156344410876133 0.3527190332326284 0.05211480362537765 0.04380664652567976
1 0.752643504531722 0.3512084592145015 0.04305135951661632 0.04984894259818731
0 0.7764350453172205 0.3459214501510574 0.04229607250755287 0.0634441087613293
0 0.8074018126888217 0.34327794561933533 0.03625377643504532 0.05060422960725076
0 0.820619335347432 0.32137462235649544 0.03700906344410876 0.05060422960725076
0 0.5581570996978852 0.08006042296072508 0.019637462235649546 0.0513595166163142
0 0.5793051359516617 0.08685800604229607 0.028700906344410877 0.054380664652567974
0 0.6064954682779456 0.08874622356495468 0.0256797583081571 0.05362537764350453
0 0.6234894259818731 0.12424471299093656 0.02190332326283988 0.05664652567975831
0 0.6408610271903323 0.08157099697885196 0.02945619335347432 0.052870090634441085
1 0.6570996978851964 0.09138972809667674 0.03625377643504532 0.061933534743202415
1 0.677870090634441 0.08383685800604229 0.04154078549848943 0.05740181268882175
1 0.7360271903323263 0.05664652567975831 0.024924471299093656 0.0634441087613293
1 0.7643504531722054 0.05022658610271903 0.02416918429003021 0.06419939577039276
1 0.7873867069486404 0.07515105740181269 0.02039274924471299 0.0581570996978852
0 0.7998489425981873 0.0188821752265861 0.01812688821752266 0.03927492447129909
1 0.8119335347432024 0.032854984894259816 0.027190332326283987 0.05362537764350453
0 0.8640483383685801 0.020770392749244714 0.030211480362537763 0.04154078549848943
1 0.8625377643504532 0.2911631419939577 0.045317220543806644 0.04154078549848943
1 0.915785498489426 0.29607250755287007 0.0324773413897281 0.054380664652567974
1 0.9237160120845922 0.2745468277945619 0.04984894259818731 0.05060422960725076
1 0.8444108761329305 0.33270392749244715 0.03323262839879154 0.05966767371601209
1 0.8916163141993958 0.30249244712990936 0.0324773413897281 0.05513595166163142
0 0.9543051359516617 0.28889728096676737 0.0445619335347432 0.05211480362537765
1 0.9648791540785498 0.2685045317220544 0.04909365558912387 0.05513595166163142
