2 0.5626064735945485 0.6978851963746223 0.075809199318569 0.05740181268882175
2 0.6196763202725724 0.7231873111782477 0.065587734241908 0.0324773413897281
0 0.8385860306643952 0.020770392749244714 0.051959114139693355 0.033987915407854986
0 0.3530664395229983 0.1748489425981873 0.031516183986371384 0.05060422960725076
0 0.31218057921635434 0.16880664652567975 0.03833049403747871 0.04003021148036254
1 0.28492333901192507 0.17900302114803626 0.03492333901192504 0.04682779456193353
0 0.262350936967632 0.18957703927492447 0.028960817717206135 0.04229607250755287
0 0.23807495741056217 0.1971299093655589 0.03321976149914821 0.04984894259818731
0 0.21592844974446337 0.2020392749244713 0.036626916524701875 0.04758308157099698
0 0.18356047700170358 0.20996978851963746 0.03492333901192504 0.04229607250755287
0 0.012776831345826235 0.2711480362537764 0.022146507666098807 0.045317220543806644
0 0.03705281090289608 0.2601963746223565 0.031516183986371384 0.0445619335347432
0 0.06090289608177172 0.25755287009063443 0.029812606473594547 0.04229607250755287
0 0.07197614991482112 0.2526435045317221 0.036626916524701875 0.05211480362537765
0 0.09625212947189098 0.24395770392749244 0.03747870528109029 0.04833836858006042
0 0.12862010221465076 0.23187311178247735 0.03236797274275979 0.04833836858006042
0 0.1520442930153322 0.21450151057401812 0.03492333901192504 0.04833836858006042
0 0.014906303236797274 0.43277945619335345 0.022998296422487224 0.052870090634441085
0 0.03236797274275979 0.425226586102719 0.030664395229982964 0.0377643504531722
0 0.04557069846678024 0.4086102719033233 0.022998296422487224 0.0377643504531722
1 0.065587734241908 0.4003021148036254 0.02555366269165247 0.05891238670694864
0 0.08901192504258944 0.40294561933534745 0.022998296422487224 0.0445619335347432
0 0.11115843270868825 0.4044561933534743 0.029812606473594547 0.05211480362537765
0 0.13330494037478705 0.39123867069486407 0.029812606473594547 0.052870090634441085
0 0.1737649063032368 0.37537764350453173 0.02555366269165247 0.055891238670694864
0 0.15034071550255537 0.3723564954682779 0.022998296422487224 0.04229607250755287
0 0.1626916524701874 0.4014350453172205 0.03236797274275979 0.03851963746223565
0 0.19207836456558774 0.3878398791540785 0.022998296422487224 0.04758308157099698
0 0.20911413969335604 0.37613293051359514 0.03321976149914821 0.05891238670694864
0 0.22913117546848383 0.3678247734138973 0.03236797274275979 0.055891238670694864
0 0.25894378194207834 0.37915407854984895 0.02385008517887564 0.045317220543806644
0 0.2614991482112436 0.3459214501510574 0.028960817717206135 0.05740181268882175
1 0.282793867120954 0.3455438066465257 0.027257240204429302 0.05362537764350453
0 0.3002555366269165 0.3338368580060423 0.02129471890971039 0.060422960725075525
0 0.32325383304940375 0.31910876132930516 0.031516183986371384 0.07779456193353475
0 0.3534923339011925 0.3338368580060423 0.022146507666098807 0.054380664652567974
0 0.37776831345826234 0.30249244712990936 0.03321976149914821 0.05060422960725076
1 0.4182282793867121 0.2919184290030212 0.040885860306643956 0.05513595166163142
0 0.4071550255536627 0.30891238670694865 0.030664395229982964 0.04833836858006042
0 0.4408006814310051 0.29682779456193353 0.028109028960817718 0.05891238670694864
0 0.46039182282793867 0.28134441087613293 0.022998296422487224 0.05060422960725076
0 0.47614991482112434 0.2930513595166163 0.02385008517887564 0.060422960725075525
0 0.502129471890971 0.2775679758308157 0.04003407155025554 0.06873111782477341
0 0.530664395229983 0.26586102719033233 0.03236797274275979 0.0634441087613293
0 0.5557921635434412 0.270392749244713 0.024701873935264056 0.05891238670694864
1 0.6098807495741057 0.24886706948640483 0.020442930153321978 0.05211480362537765
0 0.573679727427598 0.2556646525679758 0.024701873935264056 0.05211480362537765
1 0.5936967632027257 0.2552870090634441 0.03236797274275979 0.0634441087613293
0 0.6358603066439523 0.2398036253776435 0.028109028960817718 0.0581570996978852
0 0.6554514480408858 0.23338368580060423 0.01788756388415673 0.04229607250755287
0 0.6712095400340715 0.23225075528700906 0.030664395229982964 0.06117824773413897
0 0.9646507666098808 0.1336858006042296 0.026405451448040886 0.04682779456193353
0 0.9352640545144805 0.145392749244713 0.030664395229982964 0.06570996978851963
0 0.9156729131175468 0.13670694864048338 0.027257240204429302 0.055891238670694864
0 0.8939522998296423 0.14765861027190333 0.02129471890971039 0.06117824773413897
0 0.8615843270868825 0.16842900302114805 0.03321976149914821 0.06646525679758308
0 0.8292163543441227 0.18202416918429004 0.02129471890971039 0.06646525679758308
1 0.694633730834753 0.22658610271903323 0.026405451448040886 0.054380664652567974
0 0.7137989778534923 0.2001510574018127 0.030664395229982964 0.052870090634441085
0 0.7338160136286201 0.20468277945619334 0.03833049403747871 0.0513595166163142
0 0.7542589437819421 0.19599697885196374 0.03321976149914821 0.05513595166163142
0 0.780664395229983 0.1903323262839879 0.031516183986371384 0.052870090634441085
0 0.8096252129471891 0.1986404833836858 0.031516183986371384 0.060422960725075525
