0 0.675226586102719 0.8066439522998297 0.052870090634441085 0.06473594548551959
2 0.6831570996978852 0.8070698466780238 0.02945619335347432 0.03321976149914821
0 0.32817220543806647 0.16737649063032367 0.03700906344410876 0.065587734241908
0 0.3387462235649547 0.20570698466780238 0.033987915407854986 0.051959114139693355
0 0.35913897280966767 0.22018739352640546 0.033987915407854986 0.05536626916524702
0 0.3104229607250755 0.16695059625212946 0.03474320241691843 0.054514480408858604
0 0.29229607250755285 0.14778534923339012 0.0256797583081571 0.05536626916524702
0 0.27870090634441086 0.1567291311754685 0.03172205438066465 0.06132879045996593
0 0.2450906344410876 0.1567291311754685 0.03851963746223565 0.059625212947189095
0 0.2088368580060423 0.13841567291311754 0.035498489425981876 0.06388415672913117
0 0.18504531722054382 0.1358603066439523 0.03927492447129909 0.058773424190800685
0 0.16880664652567975 0.09880749574105623 0.035498489425981876 0.056218057921635436
0 0.1540785498489426 0.12862010221465076 0.03625377643504532 0.059625212947189095
1 0.1283987915407855 0.12862010221465076 0.05891238670694864 0.08177172061328791
0 0.08421450151057402 0.1626916524701874 0.03700906344410876 0.06473594548551959
0 0.061555891238670696 0.17206132879045996 0.024924471299093656 0.06303236797274277
1 0.022658610271903322 0.1695059625212947 0.027190332326283987 0.08858603066439523
1 0.03663141993957704 0.14821124361158433 0.02945619335347432 0.07495741056218058
0 0.03663141993957704 0.19761499148211245 0.033987915407854986 0.06473594548551959
