0 0.3931268882175227 0.41842900302114805 0.05966767371601209 0.07854984894259819
0 0.4259818731117825 0.3923716012084592 0.04078549848942598 0.07175226586102719
0 0.4709214501510574 0.32779456193353473 0.06570996978851963 0.028700906344410877
0 0.5045317220543807 0.34705438066465255 0.07401812688821752 0.0324773413897281
0 0.46676737160120846 0.37990936555891236 0.04229607250755287 0.07250755287009064
0 0.5052870090634441 0.368202416918429 0.07250755287009064 0.04154078549848943
1 0.0649546827794562 0.5366314199395771 0.061933534743202415 0.0823262839879154
1 0.14765861027190333 0.5124622356495468 0.05211480362537765 0.08081570996978851
1 0.17031722054380666 0.4901812688821752 0.05362537764350453 0.08308157099697885
1 0.2054380664652568 0.48376132930513593 0.061933534743202415 0.09894259818731117
1 0.026057401812688823 0.5404078549848943 0.05362537764350453 0.09138972809667674
1 0.5237915407854985 0.402190332326284 0.07175226586102719 0.04305135951661632
0 0.5324773413897281 0.4259818731117825 0.0649546827794562 0.03172205438066465
0 0.5479607250755287 0.4561933534743202 0.07628398791540786 0.02416918429003021
0 0.5547583081570997 0.48376132930513593 0.07779456193353475 0.027945619335347432
0 0.5668429003021148 0.49886706948640486 0.07779456193353475 0.033987915407854986
0 0.581570996978852 0.5151057401812689 0.07401812688821752 0.03172205438066465
0 0.5845921450151057 0.5430513595166163 0.08459214501510574 0.03323262839879154
0 0.5913897280966768 0.5664652567975831 0.06948640483383686 0.0256797583081571
1 0.6008308157099698 0.5781722054380665 0.07175226586102719 0.033987915407854986
0 0.600453172205438 0.6015861027190332 0.08308157099697885 0.033987915407854986
0 0.6087613293051359 0.6246223564954683 0.07401812688821752 0.028700906344410877
0 0.6212235649546828 0.650679758308157 0.07779456193353475 0.026435045317220542
0 0.6351963746223565 0.6699395770392749 0.07099697885196375 0.027190332326283987
0 0.7477341389728097 0.9274924471299094 0.08157099697885196 0.028700906344410877
0 0.7571752265861027 0.9626132930513596 0.07930513595166164 0.03851963746223565
0 0.7787009063444109 0.9818731117824774 0.08610271903323263 0.0256797583081571
0 0.7307401812688822 0.900679758308157 0.0823262839879154 0.0324773413897281
0 0.7163897280966768 0.8836858006042296 0.07175226586102719 0.022658610271903322
0 0.7171450151057401 0.8549848942598187 0.06268882175226587 0.030211480362537763
0 0.7054380664652568 0.8338368580060423 0.0755287009063444 0.027190332326283987
0 0.6993957703927492 0.8074018126888217 0.07250755287009064 0.027190332326283987
0 0.6861782477341389 0.7843655589123867 0.07477341389728097 0.02945619335347432
0 0.6680513595166163 0.7647280966767371 0.08534743202416918 0.02945619335347432
0 0.6937311178247734 0.7481117824773413 0.06570996978851963 0.026435045317220542
0 0.6472809667673716 0.7152567975830816 0.07854984894259819 0.027190332326283987
1 0.6654078549848943 0.7356495468277946 0.06646525679758308 0.03474320241691843
0 0.6858006042296072 0.22016616314199397 0.09214501510574018 0.033987915407854986
0 0.6691842900302115 0.24773413897280966 0.0755287009063444 0.027190332326283987
0 0.6601208459214502 0.270392749244713 0.10876132930513595 0.030211480362537763
0 0.6616314199395771 0.28512084592145015 0.08006042296072508 0.02190332326283988
0 0.6438821752265861 0.29682779456193353 0.08081570996978851 0.0256797583081571
0 0.6722054380664653 0.31419939577039274 0.08157099697885196 0.022658610271903322
0 0.6691842900302115 0.3368580060422961 0.06797583081570997 0.027190332326283987
0 0.6805135951661632 0.35838368580060426 0.0755287009063444 0.026435045317220542
0 0.6858006042296072 0.37802114803625375 0.07250755287009064 0.026435045317220542
0 0.7012839879154078 0.3976586102719033 0.08081570996978851 0.023413897280966767
0 0.7073262839879154 0.43202416918429004 0.08383685800604229 0.01661631419939577
0 0.7405589123867069 0.4471299093655589 0.08383685800604229 0.022658610271903322
0 0.7303625377643505 0.46865558912386707 0.07099697885196375 0.030966767371601207
0 0.7413141993957704 0.49244712990936557 0.06722054380664652 0.022658610271903322
0 0.7386706948640483 0.5098187311178247 0.06948640483383686 0.03323262839879154
0 0.7560422960725075 0.523036253776435 0.0770392749244713 0.035498489425981876
0 0.7802114803625377 0.5487160120845922 0.07854984894259819 0.026435045317220542
0 0.7749244712990937 0.5740181268882175 0.06797583081570997 0.03172205438066465
0 0.7983383685800605 0.6012084592145015 0.06797583081570997 0.03323262839879154
0 0.8058912386706949 0.6325528700906344 0.0649546827794562 0.026435045317220542
0 0.8425226586102719 0.6023413897280967 0.04909365558912387 0.033987915407854986
0 0.877643504531722 0.6080060422960725 0.0256797583081571 0.060422960725075525
0 0.8957703927492447 0.6038519637462235 0.03323262839879154 0.0702416918429003
0 0.03323262839879154 0.052870090634441085 0.06646525679758308 0.028700906344410877
0 0.0823262839879154 0.04984894259818731 0.06797583081570997 0.0256797583081571
0 0.9176737160120846 0.8051359516616314 0.08157099697885196 0.04682779456193353
0 0.9297583081570997 0.8462990936555891 0.08157099697885196 0.035498489425981876
0 0.9188066465256798 0.8783987915407855 0.07326283987915408 0.03625377643504532
0 0.9652567975830816 0.9018126888217523 0.04078549848942598 0.0755287009063444
0 0.925226586102719 0.5838368580060423 0.04078549848942598 0.07854984894259819
0 0.9603474320241692 0.5743957703927492 0.04305135951661632 0.07930513595166164
0 0.9845166163141994 0.5645770392749244 0.027945619335347432 0.07930513595166164
