0 0.5494712990936556 0.08761329305135952 0.05966767371601209 0.04078549848942598
0 0.527190332326284 0.04871601208459214 0.061933534743202415 0.03851963746223565
0 0.5169939577039275 0.02039274924471299 0.06268882175226587 0.03927492447129909
0 0.07628398791540786 0.02152567975830816 0.02416918429003021 0.0445619335347432
0 0.1095166163141994 0.04267371601208459 0.06948640483383686 0.0324773413897281
1 0.14086102719033233 0.06306646525679759 0.04909365558912387 0.04909365558912387
1 0.15143504531722055 0.07288519637462236 0.04305135951661632 0.0581570996978852
0 0.1714501510574018 0.09025679758308157 0.054380664652567974 0.04607250755287009
0 0.1971299093655589 0.10725075528700906 0.03323262839879154 0.07401812688821752
0 0.21638972809667673 0.125 0.033987915407854986 0.06873111782477341
0 0.24018126888217523 0.13066465256797583 0.03323262839879154 0.06948640483383686
0 0.25490936555891236 0.16163141993957703 0.08383685800604229 0.030211480362537763
0 0.27416918429003023 0.18580060422960726 0.061933534743202415 0.030211480362537763
0 0.2820996978851964 0.2107250755287009 0.06268882175226587 0.028700906344410877
0 0.3074018126888218 0.23602719033232628 0.07401812688821752 0.02945619335347432
0 0.32892749244712993 0.2518882175226586 0.0702416918429003 0.023413897280966767
0 0.32250755287009064 0.26661631419939574 0.0634441087613293 0.022658610271903322
1 0.34327794561933533 0.29154078549848944 0.0702416918429003 0.030211480362537763
1 0.3512084592145015 0.31608761329305135 0.08157099697885196 0.024924471299093656
1 0.35347432024169184 0.3323262839879154 0.07250755287009064 0.022658610271903322
0 0.36555891238670696 0.35007552870090636 0.0634441087613293 0.026435045317220542
0 0.37613293051359514 0.37386706948640486 0.06646525679758308 0.028700906344410877
1 0.38444108761329304 0.39992447129909364 0.061933534743202415 0.0445619335347432
1 0.3972809667673716 0.41540785498489424 0.0755287009063444 0.04078549848942598
1 0.408987915407855 0.43580060422960726 0.07326283987915408 0.04682779456193353
