1 0.702416918429003 0.027548209366391185 0.04229607250755287 0.05785123966942149
1 0.7152567975830816 0.03787878787878788 0.045317220543806644 0.07851239669421488
1 0.729607250755287 0.08195592286501377 0.0649546827794562 0.05371900826446281
1 0.7382930513595166 0.12947658402203857 0.05966767371601209 0.07162534435261708
1 0.7484894259818731 0.1652892561983471 0.055891238670694864 0.06060606060606061
0 0.7590634441087614 0.19490358126721763 0.061933534743202415 0.05647382920110193
1 0.7613293051359517 0.24793388429752067 0.054380664652567974 0.07713498622589532
0 0.7817220543806647 0.29338842975206614 0.04984894259818731 0.07988980716253444
1 0.7911631419939577 0.33333333333333337 0.05060422960725076 0.09090909090909091
1 0.8009818731117825 0.3677685950413223 0.0445619335347432 0.07713498622589532
1 0.8074018126888217 0.41115702479338845 0.04833836858006042 0.081267217630854
1 0.8353474320241692 0.5137741046831956 0.04833836858006042 0.07713498622589532
1 0.8893504531722054 0.7396694214876033 0.04909365558912387 0.07713498622589532
1 0.9063444108761329 0.8588154269972452 0.05891238670694864 0.07024793388429752
1 0.925226586102719 0.9628099173553719 0.05891238670694864 0.06611570247933884
0 0.8228851963746223 0.4634986225895317 0.06268882175226587 0.0674931129476584
0 0.845166163141994 0.568870523415978 0.054380664652567974 0.06887052341597796
0 0.8602719033232629 0.6480716253443526 0.05740181268882175 0.05647382920110193
0 0.8727341389728097 0.6845730027548209 0.06268882175226587 0.05234159779614325
0 0.9037009063444109 0.8078512396694215 0.05664652567975831 0.048209366391184574
0 0.8991691842900302 0.7665289256198348 0.0581570996978852 0.048209366391184574
