3 0.18739352640545145 0.361404833836858 0.141396933560477 0.1578549848942598
3 0.33049403747870526 0.3009818731117825 0.15843270868824533 0.16540785498489427
3 0.4663543441226576 0.2330060422960725 0.1746166950596252 0.19259818731117825
3 0.6183986371379898 0.16163141993957703 0.161839863713799 0.18882175226586104
3 0.041737649063032366 0.44448640483383683 0.08517887563884156 0.17900302114803626
3 0.07751277683134583 0.8474320241691843 0.14310051107325383 0.1691842900302115
3 0.25766609880749575 0.7979607250755287 0.17632027257240204 0.18957703927492447
3 0.4237649063032368 0.6907099697885196 0.14906303236797275 0.1608761329305136
3 0.5208688245315162 0.6646525679758308 0.13884156729131175 0.16767371601208458
3 0.6588586030664395 0.6189577039274925 0.12350936967632027 0.1336858006042296
3 0.7227427597955707 0.5604229607250756 0.1524701873935264 0.16314199395770393
3 0.8189948892674617 0.5309667673716012 0.1575809199318569 0.18277945619335348
3 0.24063032367972742 0.9750755287009063 0.11328790459965929 0.03474320241691843
3 0.5063884156729132 0.9403323262839879 0.1746166950596252 0.11329305135951662
