0 0.008308157099697885 0.278236914600551 0.01661631419939577 0.09917355371900827
0 0.01850453172205438 0.25413223140495866 0.02190332326283988 0.09228650137741047
0 0.0411631419939577 0.24517906336088155 0.026435045317220542 0.09090909090909091
0 0.05929003021148036 0.20385674931129477 0.026435045317220542 0.09917355371900827
0 0.08421450151057402 0.2238292011019284 0.024924471299093656 0.10881542699724518
0 0.09743202416918428 0.19765840220385675 0.0256797583081571 0.10881542699724518
0 0.1268882175226586 0.18112947658402204 0.028700906344410877 0.11432506887052342
0 0.14425981873111782 0.17011019283746556 0.022658610271903322 0.09779614325068871
0 0.1714501510574018 0.18457300275482094 0.0377643504531722 0.09090909090909091
0 0.1748489425981873 0.1391184573002755 0.03700906344410876 0.08264462809917356
1 0.18995468277945618 0.12258953168044077 0.026435045317220542 0.11019283746556474
0 0.2141238670694864 0.13705234159779614 0.023413897280966767 0.09504132231404959
0 0.32628398791540786 0.05785123966942149 0.019637462235649546 0.09090909090909091
0 0.3074018126888218 0.05027548209366391 0.01812688821752266 0.09779614325068871
0 0.29342900302114805 0.07575757575757576 0.027945619335347432 0.09366391184573003
1 0.354607250755287 0.05716253443526171 0.027945619335347432 0.11432506887052342
0 0.270392749244713 0.07369146005509641 0.0256797583081571 0.08953168044077135
0 0.2545317220543807 0.12121212121212122 0.02416918429003021 0.12121212121212122
0 0.22885196374622357 0.08953168044077135 0.0256797583081571 0.11019283746556474
0 0.9180513595166163 0.13360881542699726 0.0324773413897281 0.08539944903581267
1 0.8821752265861027 0.1487603305785124 0.03172205438066465 0.10192837465564739
0 0.8564954682779456 0.1825068870523416 0.03172205438066465 0.09504132231404959
0 0.8134441087613293 0.1921487603305785 0.04682779456193353 0.09228650137741047
0 0.7862537764350453 0.23553719008264462 0.04833836858006042 0.08264462809917356
1 0.756797583081571 0.2665289256198347 0.0377643504531722 0.07851239669421488
0 0.7163897280966768 0.26170798898071623 0.04003021148036254 0.10192837465564739
0 0.6786253776435045 0.2775482093663912 0.04003021148036254 0.08953168044077135
1 0.6627643504531722 0.3119834710743802 0.03851963746223565 0.09779614325068871
1 0.6397280966767371 0.32644628099173556 0.03172205438066465 0.09366391184573003
0 0.6155589123867069 0.3484848484848485 0.03625377643504532 0.07988980716253444
1 0.5917673716012085 0.36363636363636365 0.027945619335347432 0.09641873278236915
0 0.5619335347432024 0.3808539944903581 0.030211480362537763 0.08677685950413223
1 0.5415407854984894 0.3973829201101928 0.03172205438066465 0.10330578512396695
1 0.5117069486404834 0.42148760330578516 0.030966767371601207 0.09090909090909091
0 0.49886706948640486 0.43457300275482097 0.024924471299093656 0.08953168044077135
0 0.48376132930513593 0.43870523415977963 0.027945619335347432 0.07300275482093664
1 0.4663897280966767 0.4545454545454546 0.03851963746223565 0.07988980716253444
0 0.4505287009063444 0.47796143250688705 0.033987915407854986 0.10192837465564739
1 0.3685800604229607 0.5158402203856749 0.028700906344410877 0.10055096418732783
0 0.3923716012084592 0.4807162534435262 0.03700906344410876 0.10743801652892562
1 0.4195619335347432 0.47107438016528924 0.035498489425981876 0.07988980716253444
0 0.03323262839879154 0.7369146005509642 0.03927492447129909 0.07713498622589532
1 0.040407854984894256 0.7011019283746557 0.0324773413897281 0.08264462809917356
0 0.07326283987915408 0.7272727272727273 0.028700906344410877 0.09641873278236915
0 0.10725075528700906 0.5881542699724518 0.03474320241691843 0.08539944903581267
0 0.08157099697885196 0.6639118457300276 0.03474320241691843 0.09090909090909091
0 0.10913897280966767 0.6962809917355373 0.026435045317220542 0.10330578512396695
1 0.12613293051359517 0.6742424242424243 0.0256797583081571 0.081267217630854
1 0.15332326283987915 0.6646005509641874 0.04078549848942598 0.09504132231404959
1 0.1691842900302115 0.6425619834710744 0.04078549848942598 0.08953168044077135
0 0.19826283987915408 0.6329201101928374 0.0324773413897281 0.08953168044077135
1 0.21790030211480363 0.6212121212121212 0.030966767371601207 0.09641873278236915
0 0.2330060422960725 0.5950413223140496 0.033987915407854986 0.10192837465564739
1 0.25793051359516617 0.5826446280991736 0.0324773413897281 0.09090909090909091
0 0.26586102719033233 0.5578512396694215 0.0256797583081571 0.09090909090909091
1 0.2873867069486405 0.5860881542699725 0.02190332326283988 0.10606060606060606
0 0.3092900302114804 0.5626721763085399 0.0324773413897281 0.10606060606060606
0 0.33081570996978854 0.5599173553719008 0.03474320241691843 0.08953168044077135
0 0.341012084592145 0.5130853994490359 0.0324773413897281 0.08677685950413223
