1 0.16767371601208458 0.8850085178875639 0.04984894259818731 0.06984667802385008
1 0.2171450151057402 0.8270868824531517 0.05362537764350453 0.06303236797274277
1 0.2794561933534743 0.7555366269165247 0.04833836858006042 0.06303236797274277
1 0.31910876132930516 0.7010221465076661 0.05362537764350453 0.05792163543441227
1 0.49886706948640486 0.5195911413969335 0.05513595166163142 0.05281090289608177
0 0.6283987915407855 0.4160988074957411 0.045317220543806644 0.0434412265758092
0 0.5713746223564955 0.6320272572402045 0.05664652567975831 0.039182282793867124
0 0.6359516616314199 0.5689948892674617 0.060422960725075525 0.040885860306643956
1 0.4966012084592145 0.7312606473594548 0.0581570996978852 0.05025553662691652
0 0.45996978851963743 0.770442930153322 0.04229607250755287 0.05025553662691652
0 0.44108761329305135 0.7776831345826235 0.03172205438066465 0.06132879045996593
0 0.40370090634441086 0.8253833049403748 0.05060422960725076 0.04770017035775128
0 0.3833081570996979 0.8526405451448041 0.05060422960725076 0.04599659284497445
0 0.3251510574018127 0.924190800681431 0.05060422960725076 0.059625212947189095
1 0.2858761329305136 0.9727427597955707 0.03851963746223565 0.039182282793867124
0 0.7424471299093656 0.4399488926746167 0.04984894259818731 0.046848381601362864
1 0.7552870090634441 0.4182282793867121 0.05740181268882175 0.044293015332197615
1 0.7904078549848943 0.37776831345826234 0.05211480362537765 0.051959114139693355
0 0.8066465256797583 0.3577512776831346 0.052870090634441085 0.054514480408858604
1 0.824773413897281 0.33475298126064734 0.05740181268882175 0.040885860306643956
0 0.8353474320241692 0.30153321976149916 0.03323262839879154 0.054514480408858604
0 0.8700906344410876 0.2734241908006814 0.04078549848942598 0.05281090289608177
1 0.8931268882175226 0.27810902896081774 0.05362537764350453 0.058773424190800685
1 0.899546827794562 0.2572402044293015 0.04833836858006042 0.05110732538330494
1 0.9350453172205438 0.21422487223168654 0.055891238670694864 0.03833049403747871
1 0.9218277945619335 0.2389267461669506 0.04305135951661632 0.04514480408858603
0 0.8455438066465257 0.13500851788756388 0.05664652567975831 0.026405451448040886
0 0.6774924471299094 0.5396081771720613 0.04984894259818731 0.041737649063032366
1 0.6427492447129909 0.5353492333901193 0.0377643504531722 0.048551959114139696
1 0.9490181268882175 0.041737649063032366 0.05211480362537765 0.04599659284497445
0 0.9739425981873112 0.01746166950596252 0.0445619335347432 0.036626916524701875
