0 0.6490630323679728 0.23040885860306645 0.039182282793867124 0.058773424190800685
0 0.5949744463373083 0.27001703577512776 0.01788756388415673 0.06303236797274277
0 0.6132879045996593 0.2866269165247019 0.022146507666098807 0.05536626916524702
0 0.6337308347529813 0.2981260647359455 0.027257240204429302 0.06303236797274277
1 0.6545996592844975 0.3091993185689949 0.028109028960817718 0.06303236797274277
0 0.6771720613287905 0.31601362862010224 0.03236797274275979 0.059625212947189095
0 0.7001703577512777 0.3368824531516184 0.02555366269165247 0.05536626916524702
0 0.7142248722316865 0.3526405451448041 0.026405451448040886 0.05110732538330494
1 0.735519591141397 0.3594548551959114 0.026405451448040886 0.06303236797274277
1 0.7487223168654173 0.368824531516184 0.02555366269165247 0.06132879045996593
0 0.7695911413969335 0.389267461669506 0.029812606473594547 0.06132879045996593
0 0.7891822827938672 0.41056218057921634 0.026405451448040886 0.06303236797274277
0 0.8198466780238501 0.4233390119250426 0.028109028960817718 0.05792163543441227
0 0.833901192504259 0.43696763202725725 0.03236797274275979 0.039182282793867124
0 0.8500851788756388 0.4620954003407155 0.05792163543441227 0.026405451448040886
0 0.8824531516183987 0.4744463373083475 0.027257240204429302 0.054514480408858604
0 0.893526405451448 0.5072402044293015 0.027257240204429302 0.06047700170357751
0 0.919931856899489 0.5004258943781942 0.03747870528109029 0.06388415672913117
0 0.9420783645655878 0.5153321976149915 0.030664395229982964 0.044293015332197615
0 0.967206132879046 0.5238500851788757 0.036626916524701875 0.059625212947189095
0 0.9744463373083475 0.5587734241908007 0.04599659284497445 0.018739352640545145
1 0.9625212947189097 0.21592844974446337 0.022146507666098807 0.058773424190800685
1 0.944633730834753 0.20059625212947188 0.013628620102214651 0.046848381601362864
1 0.4944633730834753 0.16013628620102216 0.065587734241908 0.015332197614991482
0 0.9829642248722317 0.23211243611584328 0.018739352640545145 0.05536626916524702
1 0.907580919931857 0.17546848381601363 0.028109028960817718 0.056218057921635436
0 0.9284497444633731 0.1903747870528109 0.02555366269165247 0.06047700170357751
0 0.8999148211243612 0.16354344122657583 0.01788756388415673 0.059625212947189095
0 0.8824531516183987 0.15332197614991483 0.02385008517887564 0.04770017035775128
0 0.8356047700170358 0.11839863713798977 0.02385008517887564 0.054514480408858604
0 0.8598807495741057 0.13798977853492334 0.029812606473594547 0.056218057921635436
0 0.8126064735945485 0.1030664395229983 0.022146507666098807 0.056218057921635436
0 0.7900340715502555 0.0873083475298126 0.029812606473594547 0.051959114139693355
0 0.7759795570698467 0.07921635434412266 0.02555366269165247 0.04770017035775128
1 0.7495741056218058 0.07282793867120954 0.02555366269165247 0.065587734241908
0 0.7176320272572402 0.04727427597955707 0.028109028960817718 0.06047700170357751
0 0.7333901192504259 0.05834752981260648 0.02385008517887564 0.05706984667802385
0 0.6933560477001703 0.031516183986371384 0.028960817717206135 0.04940374787052811
0 0.6686541737649063 0.05749574105621806 0.030664395229982964 0.04514480408858603
0 0.6805792163543442 0.014054514480408859 0.04599659284497445 0.024701873935264056
0 0.6056218057921635 0.2116695059625213 0.07495741056218058 0.029812606473594547
0 0.5745315161839863 0.19335604770017037 0.0706984667802385 0.02555366269165247
0 0.557495741056218 0.18185689948892675 0.0706984667802385 0.02129471890971039
0 0.553236797274276 0.24787052810902896 0.05706984667802385 0.02385008517887564
0 0.5796422487223168 0.26873935264054516 0.05366269165247019 0.022998296422487224
0 0.4816865417376491 0.1196763202725724 0.05706984667802385 0.029812606473594547
0 0.49659284497444633 0.13245315161839863 0.05110732538330494 0.019591141396933562
0 0.5234241908006815 0.14011925042589438 0.062180579216354344 0.022998296422487224
0 0.37734241908006816 0.03833049403747871 0.04940374787052811 0.015332197614991482
0 0.4565587734241908 0.07793867120954004 0.05792163543441227 0.024701873935264056
0 0.46039182282793867 0.1034923339011925 0.06047700170357751 0.031516183986371384
0 0.4301533219761499 0.1465076660988075 0.054514480408858604 0.028960817717206135
0 0.4497444633730835 0.16737649063032367 0.05281090289608177 0.03321976149914821
0 0.4616695059625213 0.17759795570698467 0.05281090289608177 0.029812606473594547
0 0.5276831345826235 0.21550255536626917 0.05536626916524702 0.03747870528109029
1 0.4957410562180579 0.20357751277683134 0.040885860306643956 0.04770017035775128
0 0.41652470187393525 0.06303236797274277 0.06643952299829642 0.02555366269165247
1 0.38671209540034074 0.11201022146507666 0.05110732538330494 0.03321976149914821
1 0.27512776831345825 0.04982964224872232 0.05792163543441227 0.036626916524701875
0 0.3441226575809199 0.018313458262350937 0.06132879045996593 0.022998296422487224
0 0.338160136286201 0.06643952299829642 0.05792163543441227 0.03577512776831346
0 0.31388415672913117 0.04386712095400341 0.05536626916524702 0.022998296422487224
