2 0.3351788756388416 0.24206948640483383 0.031516183986371384 0.027945619335347432
0 0.3492333901192504 0.23716012084592145 0.039182282793867124 0.0513595166163142
0 0.27427597955706984 0.11744712990936555 0.06132879045996593 0.02190332326283988
0 0.26873935264054516 0.10460725075528701 0.062180579216354344 0.02039274924471299
0 0.26788756388415674 0.09327794561933535 0.06899488926746167 0.017371601208459216
0 0.26490630323679726 0.08383685800604229 0.06473594548551959 0.015105740181268881
0 0.2606473594548552 0.07250755287009064 0.06473594548551959 0.015105740181268881
0 0.25894378194207834 0.0634441087613293 0.06473594548551959 0.01661631419939577
2 0.2538330494037479 0.04267371601208459 0.03236797274275979 0.023413897280966767
2 0.3594548551959114 0.09478851963746224 0.05281090289608177 0.02039274924471299
2 0.3402896081771721 0.11669184290030211 0.046848381601362864 0.02945619335347432
