1 0.3549848942598187 0.444633730834753 0.045317220543806644 0.08006814310051108
1 0.6665407854984894 0.4007666098807496 0.04758308157099698 0.07410562180579217
1 0.9595921450151057 0.29642248722316866 0.023413897280966767 0.0868824531516184
1 0.8391238670694864 0.19761499148211245 0.0377643504531722 0.08177172061328791
1 0.8738670694864048 0.18739352640545145 0.0377643504531722 0.08517887563884156
1 0.9316465256797583 0.16311754684838162 0.04154078549848943 0.07240204429301533
0 0.3976586102719033 0.4280238500851789 0.04305135951661632 0.07240204429301533
0 0.43919939577039274 0.39821124361158433 0.0324773413897281 0.05706984667802385
0 0.4735649546827795 0.39182282793867124 0.03625377643504532 0.06984667802385008
0 0.5007552870090635 0.3747870528109029 0.0377643504531722 0.06814310051107325
0 0.550226586102719 0.34582623509369675 0.0324773413897281 0.06984667802385008
0 0.6570996978851964 0.2819420783645656 0.03927492447129909 0.07836456558773425
0 0.7326283987915407 0.24744463373083475 0.03927492447129909 0.06899488926746167
0 0.7605740181268882 0.24105621805792163 0.03172205438066465 0.06984667802385008
0 0.7820996978851964 0.21976149914821125 0.023413897280966767 0.06984667802385008
0 0.8100453172205438 0.21890971039182283 0.024924471299093656 0.07495741056218058
0 0.802870090634441 0.3696763202725724 0.045317220543806644 0.06814310051107325
0 0.8432779456193353 0.35391822827938674 0.0445619335347432 0.07240204429301533
0 0.9014350453172205 0.3454003407155026 0.035498489425981876 0.06047700170357751
0 0.9059667673716012 0.16737649063032367 0.03700906344410876 0.07240204429301533
0 0.9580815709969789 0.15800681431005112 0.033987915407854986 0.065587734241908
0 0.9312688821752266 0.29684838160136284 0.028700906344410877 0.07240204429301533
0 0.9833836858006042 0.2836456558773424 0.022658610271903322 0.08177172061328791
