1 0.887137989778535 0.47658610271903323 0.05536626916524702 0.052870090634441085
1 0.8057921635434412 0.5279456193353474 0.06643952299829642 0.027190332326283987
1 0.7082623509369677 0.5438066465256798 0.058773424190800685 0.0377643504531722
1 0.573679727427598 0.5929003021148036 0.058773424190800685 0.04078549848942598
1 0.5400340715502555 0.6382175226586103 0.039182282793867124 0.04078549848942598
1 0.4885008517887564 0.6578549848942599 0.046848381601362864 0.04380664652567976
1 0.47061328790459966 0.6722054380664653 0.058773424190800685 0.04380664652567976
1 0.3752129471890971 0.720166163141994 0.041737649063032366 0.05966767371601209
1 0.42972742759795574 0.7043051359516617 0.05366269165247019 0.05211480362537765
0 0.6750425894378195 0.5709969788519638 0.051959114139693355 0.04833836858006042
0 0.6218057921635435 0.5785498489425982 0.03577512776831346 0.05740181268882175
0 0.4301533219761499 0.648036253776435 0.04258943781942078 0.0377643504531722
0 0.40417376490630325 0.6574773413897281 0.03833049403747871 0.033987915407854986
1 0.32836456558773425 0.7197885196374623 0.0434412265758092 0.04682779456193353
0 0.32836456558773425 0.6884441087613293 0.03492333901192504 0.0445619335347432
0 0.30579216354344124 0.7186555891238671 0.03747870528109029 0.0445619335347432
0 0.2870528109028961 0.7386706948640483 0.03236797274275979 0.0377643504531722
0 0.25212947189097107 0.7454682779456193 0.02385008517887564 0.05740181268882175
0 0.07027257240204429 0.827416918429003 0.036626916524701875 0.03851963746223565
1 0.22359454855195912 0.756797583081571 0.031516183986371384 0.0513595166163142
1 0.1839863713798978 0.7654833836858006 0.040885860306643956 0.0445619335347432
0 0.19804088586030666 0.7598187311178247 0.028109028960817718 0.04380664652567976
0 0.15971039182282795 0.7805891238670695 0.046848381601362864 0.04154078549848943
0 0.15034071550255537 0.7953172205438066 0.04514480408858603 0.0377643504531722
0 0.12947189097103917 0.800226586102719 0.04770017035775128 0.04305135951661632
0 0.12095400340715502 0.8115558912386707 0.05281090289608177 0.03851963746223565
1 0.0868824531516184 0.8089123867069486 0.03577512776831346 0.04984894259818731
0 0.4084327086882453 0.6861782477341389 0.03492333901192504 0.04154078549848943
0 0.3858603066439523 0.6771148036253777 0.020442930153321978 0.033987915407854986
0 0.9782793867120955 0.13897280966767372 0.03492333901192504 0.04229607250755287
0 0.952725724020443 0.16012084592145015 0.04003407155025554 0.052870090634441085
0 0.9229131175468483 0.17409365558912387 0.04003407155025554 0.0581570996978852
0 0.8999148211243612 0.18429003021148035 0.04514480408858603 0.0513595166163142
0 0.866695059625213 0.1884441087613293 0.03492333901192504 0.05211480362537765
0 0.8351788756388416 0.20694864048338368 0.04003407155025554 0.052870090634441085
0 0.7959965928449745 0.2175226586102719 0.041737649063032366 0.052870090634441085
0 0.7372231686541738 0.2552870090634441 0.0434412265758092 0.04984894259818731
0 0.7125212947189097 0.26586102719033233 0.026405451448040886 0.05740181268882175
1 0.760221465076661 0.2450906344410876 0.036626916524701875 0.05664652567975831
1 0.653747870528109 0.2843655589123867 0.05536626916524702 0.05211480362537765
1 0.6567291311754685 0.25755287009063443 0.054514480408858604 0.04078549848942598
1 0.5847529812606473 0.31948640483383683 0.046848381601362864 0.0513595166163142
1 0.49020442930153324 0.33610271903323263 0.06729131175468483 0.03474320241691843
1 0.5004258943781942 0.3651812688821752 0.0434412265758092 0.0324773413897281
1 0.4408006814310051 0.36555891238670696 0.05536626916524702 0.04984894259818731
1 0.44122657580919933 0.4188066465256798 0.04940374787052811 0.05211480362537765
0 0.5366269165247018 0.3425226586102719 0.030664395229982964 0.05966767371601209
0 0.44293015332197616 0.49584592145015105 0.04599659284497445 0.06268882175226587
0 0.41652470187393525 0.5060422960725075 0.027257240204429302 0.054380664652567974
0 0.3901192504258944 0.5196374622356495 0.040885860306643956 0.04229607250755287
0 0.3781942078364566 0.5317220543806647 0.040885860306643956 0.04682779456193353
0 0.3428449744463373 0.5464501510574018 0.03833049403747871 0.05211480362537765
0 0.32410562180579217 0.5623111782477341 0.031516183986371384 0.04909365558912387
1 0.3113287904599659 0.5645770392749244 0.031516183986371384 0.05966767371601209
1 0.29173764906303234 0.5725075528700906 0.041737649063032366 0.05891238670694864
0 0.2657580919931857 0.5781722054380665 0.027257240204429302 0.0581570996978852
0 0.2389267461669506 0.5895015105740181 0.031516183986371384 0.06268882175226587
0 0.2218909710391823 0.5811933534743202 0.0434412265758092 0.05362537764350453
1 0.20059625212947188 0.574773413897281 0.04003407155025554 0.060422960725075525
1 0.19207836456558774 0.5691087613293051 0.04003407155025554 0.05060422960725076
0 0.17759795570698467 0.5649546827794562 0.028109028960817718 0.04984894259818731
0 0.16567291311754684 0.5626888217522659 0.0434412265758092 0.04833836858006042
0 0.1511925042589438 0.5456948640483383 0.048551959114139696 0.04909365558912387
0 0.1469335604770017 0.5370090634441088 0.036626916524701875 0.04229607250755287
0 0.12606473594548553 0.5388972809667674 0.04940374787052811 0.04305135951661632
0 0.12691652470187395 0.5181268882175226 0.04940374787052811 0.03474320241691843
0 0.12137989778534923 0.5147280966767371 0.062180579216354344 0.033987915407854986
0 0.10732538330494037 0.5064199395770392 0.05281090289608177 0.027945619335347432
0 0.10008517887563884 0.49697885196374625 0.05536626916524702 0.02416918429003021
0 0.09454855195911414 0.4773413897280967 0.056218057921635436 0.022658610271903322
1 0.09114139693356048 0.4645015105740181 0.04940374787052811 0.04682779456193353
1 0.09284497444633731 0.44826283987915405 0.06814310051107325 0.017371601208459216
1 0.07538330494037479 0.4418429003021148 0.06899488926746167 0.019637462235649546
1 0.07282793867120954 0.4229607250755287 0.058773424190800685 0.021148036253776436
1 0.07666098807495741 0.4112537764350453 0.04940374787052811 0.03700906344410876
0 0.06771720613287904 0.3942598187311178 0.05706984667802385 0.030211480362537763
0 0.06047700170357751 0.38444108761329304 0.05281090289608177 0.019637462235649546
0 0.04982964224872232 0.35989425981873113 0.036626916524701875 0.04003021148036254
0 0.05494037478705281 0.33345921450151056 0.036626916524701875 0.0324773413897281
0 0.038756388415672915 0.3104229607250755 0.05025553662691652 0.03927492447129909
0 0.03577512776831346 0.29154078549848944 0.059625212947189095 0.01812688821752266
0 0.02512776831345826 0.2707703927492447 0.051959114139693355 0.024924471299093656
0 0.027257240204429302 0.24018126888217523 0.056218057921635436 0.028700906344410877
0 0.013202725724020443 0.20770392749244712 0.028109028960817718 0.03927492447129909
0 0.019165247018739354 0.6642749244712991 0.04003407155025554 0.023413897280966767
0 0.018313458262350937 0.6412386706948641 0.036626916524701875 0.015105740181268881
