0 0.05891238670694864 0.02756797583081571 0.055891238670694864 0.035498489425981876
0 0.06570996978851963 0.04682779456193353 0.05740181268882175 0.03474320241691843
0 0.13255287009063443 0.015861027190332326 0.06419939577039276 0.030211480362537763
0 0.13481873111782477 0.035498489425981876 0.06419939577039276 0.04833836858006042
0 0.14161631419939577 0.061555891238670696 0.06873111782477341 0.04003021148036254
0 0.15143504531722055 0.08119335347432025 0.06419939577039276 0.04003021148036254
0 0.07288519637462236 0.0634441087613293 0.06117824773413897 0.03625377643504532
0 0.08308157099697885 0.08421450151057402 0.06646525679758308 0.03851963746223565
0 0.08648036253776435 0.10196374622356495 0.06268882175226587 0.04229607250755287
1 0.11404833836858005 0.1574773413897281 0.061933534743202415 0.05060422960725076
0 0.17371601208459214 0.12046827794561933 0.0634441087613293 0.04305135951661632
0 0.18202416918429004 0.13935045317220543 0.052870090634441085 0.05060422960725076
0 0.18542296072507553 0.1646525679758308 0.06570996978851963 0.04078549848942598
1 0.12009063444108761 0.17711480362537765 0.06646525679758308 0.04154078549848943
0 0.19561933534743203 0.19108761329305135 0.0634441087613293 0.04229607250755287
0 0.20770392749244712 0.2156344410876133 0.060422960725075525 0.04154078549848943
0 0.22318731117824772 0.23678247734138974 0.05966767371601209 0.04305135951661632
0 0.23074018126888218 0.26057401812688824 0.06268882175226587 0.04833836858006042
0 0.25113293051359514 0.2700151057401813 0.05513595166163142 0.04607250755287009
0 0.2537764350453172 0.2854984894259819 0.06646525679758308 0.03625377643504532
1 0.15483383685800603 0.2601963746223565 0.0634441087613293 0.04909365558912387
1 0.16389728096676737 0.270392749244713 0.055891238670694864 0.04833836858006042
1 0.1733383685800604 0.2790785498489426 0.0581570996978852 0.04758308157099698
0 0.1797583081570997 0.29682779456193353 0.06646525679758308 0.04078549848942598
0 0.2556646525679758 0.327416918429003 0.05966767371601209 0.05362537764350453
0 0.19750755287009064 0.3406344410876133 0.05966767371601209 0.04229607250755287
0 0.19826283987915408 0.3610271903323263 0.06268882175226587 0.04682779456193353
1 0.2058157099697885 0.37802114803625375 0.06722054380664652 0.0445619335347432
0 0.20996978851963746 0.39841389728096677 0.060422960725075525 0.0445619335347432
0 0.2688821752265861 0.3648036253776435 0.060422960725075525 0.054380664652567974
0 0.27303625377643503 0.3889728096676737 0.05211480362537765 0.05891238670694864
0 0.297583081570997 0.3821752265861027 0.061933534743202415 0.04380664652567976
0 0.28700906344410876 0.4240936555891239 0.04984894259818731 0.06268882175226587
1 0.22054380664652568 0.42182779456193353 0.055891238670694864 0.04003021148036254
0 0.229607250755287 0.43731117824773413 0.052870090634441085 0.030211480362537763
0 0.23753776435045318 0.45317220543806647 0.0581570996978852 0.03323262839879154
0 0.24433534743202417 0.47394259818731116 0.06419939577039276 0.03851963746223565
0 0.29871601208459214 0.47507552870090636 0.05966767371601209 0.0513595166163142
1 0.2571752265861027 0.5169939577039275 0.06117824773413897 0.0445619335347432
1 0.26661631419939574 0.524546827794562 0.055891238670694864 0.03851963746223565
0 0.3175981873111782 0.4833836858006042 0.05211480362537765 0.0513595166163142
0 0.27605740181268884 0.5619335347432024 0.05513595166163142 0.03927492447129909
0 0.286631419939577 0.5876132930513596 0.0581570996978852 0.04078549848942598
0 0.3270392749244713 0.5234138972809668 0.05740181268882175 0.04682779456193353
0 0.3474320241691843 0.5490936555891238 0.055891238670694864 0.03927492447129909
0 0.3496978851963746 0.5793051359516617 0.052870090634441085 0.052870090634441085
0 0.36631419939577037 0.6110271903323263 0.04984894259818731 0.03927492447129909
0 0.3164652567975831 0.6348187311178247 0.04229607250755287 0.04154078549848943
0 0.3723564954682779 0.6359516616314199 0.04984894259818731 0.04682779456193353
0 0.3806646525679758 0.652190332326284 0.04229607250755287 0.05664652567975831
0 0.38972809667673713 0.6601208459214502 0.04078549848942598 0.04682779456193353
0 0.39841389728096677 0.679380664652568 0.05060422960725076 0.04305135951661632
0 0.4003021148036254 0.7054380664652568 0.054380664652567974 0.05891238670694864
0 0.40823262839879154 0.7163897280966768 0.04758308157099698 0.05060422960725076
1 0.4233383685800604 0.7466012084592145 0.0581570996978852 0.0445619335347432
0 0.42938066465256797 0.7662386706948641 0.05664652567975831 0.030966767371601207
0 0.42938066465256797 0.7824773413897281 0.06117824773413897 0.021148036253776436
0 0.4380664652567976 0.7968277945619335 0.055891238670694864 0.02416918429003021
0 0.4535498489425982 0.8134441087613293 0.0702416918429003 0.030211480362537763
0 0.45468277945619334 0.8440332326283988 0.03625377643504532 0.05362537764350453
0 0.46941087613293053 0.8629154078549849 0.03700906344410876 0.05513595166163142
0 0.4799848942598187 0.8765105740181269 0.04003021148036254 0.05211480362537765
0 0.4882930513595166 0.9188066465256798 0.05211480362537765 0.04607250755287009
0 0.4954682779456193 0.9354229607250756 0.0513595166163142 0.0324773413897281
0 0.5011329305135952 0.9546827794561934 0.05513595166163142 0.04229607250755287
0 0.43202416918429004 0.8987915407854985 0.03474320241691843 0.022658610271903322
0 0.32892749244712993 0.658987915407855 0.033987915407854986 0.023413897280966767
0 0.3395015105740181 0.675226586102719 0.035498489425981876 0.027190332326283987
0 0.3474320241691843 0.6903323262839879 0.03172205438066465 0.03172205438066465
0 0.35725075528700906 0.7080815709969789 0.03474320241691843 0.027945619335347432
0 0.35838368580060426 0.724320241691843 0.02945619335347432 0.0256797583081571
0 0.3859516616314199 0.7881419939577039 0.027190332326283987 0.026435045317220542
0 0.44599697885196377 0.0188821752265861 0.05966767371601209 0.028700906344410877
0 0.4490181268882175 0.03625377643504532 0.06117824773413897 0.03323262839879154
0 0.4516616314199396 0.05966767371601209 0.05740181268882175 0.03625377643504532
1 0.4705438066465257 0.09743202416918428 0.06646525679758308 0.03927492447129909
1 0.47583081570996977 0.11518126888217523 0.0649546827794562 0.033987915407854986
0 0.48413897280966767 0.12311178247734139 0.05891238670694864 0.027190332326283987
1 0.41842900302114805 0.8640483383685801 0.0256797583081571 0.028700906344410877
0 0.4916918429003021 0.1469033232628399 0.06948640483383686 0.026435045317220542
0 0.504154078549849 0.1695619335347432 0.06570996978851963 0.027945619335347432
0 0.5060422960725075 0.1933534743202417 0.05740181268882175 0.030211480362537763
1 0.5166163141993958 0.20279456193353473 0.0634441087613293 0.03851963746223565
0 0.5381419939577039 0.2262084592145015 0.05664652567975831 0.03851963746223565
1 0.5320996978851964 0.24848942598187312 0.06117824773413897 0.04229607250755287
0 0.5453172205438066 0.26321752265861026 0.05891238670694864 0.035498489425981876
0 0.5596676737160121 0.2820996978851964 0.061933534743202415 0.03700906344410876
1 0.5645770392749244 0.30249244712990936 0.06873111782477341 0.04154078549848943
0 0.5683534743202416 0.31948640483383683 0.0581570996978852 0.03172205438066465
0 0.5759063444108762 0.35007552870090636 0.05966767371601209 0.035498489425981876
0 0.5861027190332326 0.375 0.061933534743202415 0.0324773413897281
0 0.581570996978852 0.3950151057401813 0.061933534743202415 0.03172205438066465
1 0.6027190332326284 0.4044561933534743 0.0634441087613293 0.03700906344410876
0 0.6117824773413897 0.4297583081570997 0.05740181268882175 0.03323262839879154
0 0.6178247734138973 0.45996978851963743 0.06646525679758308 0.04380664652567976
0 0.6268882175226587 0.47847432024169184 0.060422960725075525 0.033987915407854986
0 0.6242447129909365 0.49962235649546827 0.06268882175226587 0.0324773413897281
0 0.6438821752265861 0.5101963746223565 0.06117824773413897 0.035498489425981876
0 0.6533232628398792 0.5268126888217523 0.060422960725075525 0.0324773413897281
0 0.6491691842900302 0.5558912386706949 0.06570996978851963 0.03172205438066465
0 0.6525679758308157 0.5736404833836858 0.05740181268882175 0.026435045317220542
0 0.6763595166163142 0.5849697885196374 0.05966767371601209 0.026435045317220542
0 0.6816465256797583 0.6068731117824774 0.07175226586102719 0.0324773413897281
0 0.6861782477341389 0.6340634441087614 0.06419939577039276 0.03851963746223565
0 0.6907099697885196 0.6635196374622356 0.06419939577039276 0.030966767371601207
0 0.7080815709969789 0.6899546827794562 0.06570996978851963 0.04003021148036254
0 0.7141238670694864 0.7250755287009063 0.06117824773413897 0.027190332326283987
0 0.7111027190332326 0.7469788519637462 0.06722054380664652 0.027190332326283987
0 0.7375377643504532 0.7647280966767371 0.07628398791540786 0.027945619335347432
0 0.7413141993957704 0.7858761329305136 0.06570996978851963 0.026435045317220542
0 0.7424471299093656 0.8145770392749244 0.07854984894259819 0.04154078549848943
0 0.7522658610271903 0.8425226586102719 0.061933534743202415 0.04607250755287009
0 0.7583081570996979 0.8697129909365559 0.06797583081570997 0.04003021148036254
0 0.7666163141993958 0.8923716012084593 0.05891238670694864 0.03700906344410876
0 0.7919184290030211 0.9070996978851964 0.0581570996978852 0.03625377643504532
0 0.790785498489426 0.9335347432024169 0.061933534743202415 0.028700906344410877
0 0.8092900302114804 0.966012084592145 0.05513595166163142 0.04078549848942598
