2 0.04078549848942598 0.5468277945619335 0.030211480362537763 0.03323262839879154
2 0.04871601208459214 0.5675981873111783 0.03851963746223565 0.030966767371601207
0 0.5672205438066465 0.6238670694864048 0.07250755287009064 0.04229607250755287
0 0.726963746223565 0.6344410876132931 0.0581570996978852 0.03474320241691843
0 0.7280966767371602 0.665785498489426 0.055891238670694864 0.03851963746223565
1 0.5687311178247734 0.6688066465256798 0.0649546827794562 0.033987915407854986
2 0.6567220543806647 0.8074018126888217 0.033987915407854986 0.028700906344410877
1 0.6518126888217523 0.7968277945619335 0.030211480362537763 0.060422960725075525
0 0.5675981873111783 0.702416918429003 0.06873111782477341 0.03927492447129909
0 0.5668429003021148 0.7617069486404834 0.06873111782477341 0.0445619335347432
1 0.49886706948640486 0.7163897280966768 0.05362537764350453 0.06268882175226587
1 0.4947129909365559 0.7643504531722054 0.05891238670694864 0.028700906344410877
0 0.5045317220543807 0.8198640483383686 0.06797583081570997 0.030966767371601207
0 0.49924471299093653 0.922583081570997 0.04682779456193353 0.03700906344410876
0 0.5090634441087614 0.9388217522658611 0.055891238670694864 0.028700906344410877
0 0.5049093655589124 0.9561933534743202 0.05513595166163142 0.021148036253776436
0 0.5086858006042296 0.9799848942598187 0.05211480362537765 0.02190332326283988
2 0.7552870090634441 0.7700151057401813 0.0256797583081571 0.027945619335347432
2 0.8055135951661632 0.7522658610271903 0.033987915407854986 0.027190332326283987
0 0.7820996978851964 0.783987915407855 0.0445619335347432 0.0377643504531722
1 0.7888972809667674 0.8481873111782477 0.06722054380664652 0.03927492447129909
0 0.7836102719033232 0.8870845921450151 0.05966767371601209 0.030966767371601207
0 0.7866314199395771 0.9176737160120846 0.05664652567975831 0.03625377643504532
0 0.7881419939577039 0.9486404833836858 0.05362537764350453 0.0256797583081571
0 0.7858761329305136 0.9731873111782477 0.0581570996978852 0.030966767371601207
