3 0.5075528700906344 0.3969033232628399 0.11027190332326284 0.20468277945619334
3 0.725453172205438 0.07326283987915408 0.11706948640483383 0.1283987915407855
2 0.4414652567975831 0.15521148036253776 0.05513595166163142 0.04607250755287009
1 0.6465256797583081 0.824773413897281 0.07099697885196375 0.030211480362537763
1 0.6419939577039275 0.80702416918429 0.06948640483383686 0.024924471299093656
1 0.604607250755287 0.6193353474320241 0.06419939577039276 0.028700906344410877
0 0.5649546827794562 0.648036253776435 0.07401812688821752 0.027190332326283987
0 0.5955438066465257 0.7005287009063444 0.05513595166163142 0.023413897280966767
0 0.6034743202416919 0.7345166163141994 0.060422960725075525 0.026435045317220542
0 0.6087613293051359 0.7586858006042296 0.06646525679758308 0.0324773413897281
0 0.611404833836858 0.7843655589123867 0.07477341389728097 0.030966767371601207
