1 0.02001510574018127 0.41804407713498626 0.027945619335347432 0.09228650137741047
0 0.06268882175226587 0.418732782369146 0.04229607250755287 0.09641873278236915
0 0.09516616314199396 0.3939393939393939 0.03323262839879154 0.08264462809917356
1 0.11253776435045318 0.3663911845730028 0.04380664652567976 0.09090909090909091
1 0.13217522658610273 0.33608815426997246 0.030211480362537763 0.09641873278236915
0 0.1627643504531722 0.3236914600550964 0.023413897280966767 0.06611570247933884
1 0.17598187311178248 0.28168044077134985 0.04380664652567976 0.08677685950413223
0 0.21110271903323263 0.2761707988980716 0.03700906344410876 0.07851239669421488
1 0.2330060422960725 0.2603305785123967 0.04003021148036254 0.09366391184573003
1 0.26057401812688824 0.22796143250688705 0.0377643504531722 0.07024793388429752
0 0.27492447129909364 0.2196969696969697 0.0256797583081571 0.07851239669421488
0 0.29342900302114805 0.2100550964187328 0.030966767371601207 0.08953168044077135
1 0.30438066465256797 0.18457300275482094 0.04682779456193353 0.08539944903581267
0 0.32137462235649544 0.17079889807162535 0.033987915407854986 0.09090909090909091
1 0.34176737160120846 0.14462809917355374 0.03851963746223565 0.09366391184573003
0 0.3787764350453172 0.17768595041322316 0.04305135951661632 0.0743801652892562
1 0.402190332326284 0.10812672176308541 0.030966767371601207 0.09228650137741047
1 0.3731117824773414 0.11294765840220386 0.03927492447129909 0.07988980716253444
0 0.4342900302114804 0.11570247933884298 0.028700906344410877 0.07713498622589532
0 0.438821752265861 0.06060606060606061 0.03172205438066465 0.0881542699724518
0 0.46148036253776437 0.05853994490358127 0.030211480362537763 0.09228650137741047
1 0.4799848942598187 0.04338842975206612 0.02039274924471299 0.07575757575757576
0 0.5030211480362538 0.05578512396694215 0.030211480362537763 0.09228650137741047
1 0.9709214501510574 0.06129476584022039 0.0445619335347432 0.10881542699724518
0 0.918429003021148 0.12878787878787878 0.03474320241691843 0.1115702479338843
0 0.895392749244713 0.15495867768595042 0.02945619335347432 0.081267217630854
1 0.8787764350453172 0.11639118457300276 0.026435045317220542 0.09779614325068871
1 0.8595166163141994 0.16322314049586778 0.0256797583081571 0.11983471074380166
0 0.8704682779456193 0.21143250688705234 0.02945619335347432 0.09779614325068871
0 0.8130664652567976 0.24793388429752067 0.04003021148036254 0.10192837465564739
0 0.6801359516616314 0.35881542699724517 0.026435045317220542 0.08402203856749312
0 0.69297583081571 0.34366391184573003 0.027945619335347432 0.09504132231404959
0 0.7148791540785498 0.34228650137741046 0.033987915407854986 0.08402203856749312
0 0.7299848942598187 0.31473829201101927 0.03851963746223565 0.09228650137741047
0 0.7511329305135952 0.28994490358126723 0.03851963746223565 0.09779614325068871
0 0.7639728096676737 0.2699724517906336 0.0324773413897281 0.09366391184573003
0 0.7885196374622356 0.2747933884297521 0.0377643504531722 0.09504132231404959
