0 0.010196374622356496 0.3734894259818731 0.02190332326283988 0.06419939577039276
0 0.033987915407854986 0.36442598187311176 0.030211480362537763 0.05513595166163142
0 0.07439577039274925 0.3632930513595166 0.02945619335347432 0.0634441087613293
0 0.05966767371601209 0.37386706948640486 0.028700906344410877 0.054380664652567974
0 0.09705438066465256 0.3530966767371601 0.035498489425981876 0.06722054380664652
0 0.1163141993957704 0.3330815709969788 0.0256797583081571 0.05740181268882175
0 0.13821752265861026 0.34516616314199394 0.027190332326283987 0.0634441087613293
0 0.1574773413897281 0.33459214501510576 0.027945619335347432 0.060422960725075525
0 0.18391238670694865 0.3168429003021148 0.02945619335347432 0.06117824773413897
0 0.20241691842900303 0.3085347432024169 0.030211480362537763 0.0581570996978852
0 0.23225075528700906 0.3085347432024169 0.03700906344410876 0.06873111782477341
1 0.25037764350453173 0.28851963746223563 0.02945619335347432 0.06948640483383686
0 0.2719033232628399 0.29531722054380666 0.03172205438066465 0.06797583081570997
0 0.2892749244712991 0.2753021148036254 0.0256797583081571 0.05513595166163142
0 0.31344410876132933 0.2930513595166163 0.0256797583081571 0.06948640483383686
0 0.32892749244712993 0.2639728096676737 0.024924471299093656 0.06722054380664652
0 0.34894259818731116 0.2601963746223565 0.02416918429003021 0.05664652567975831
0 0.5849697885196374 0.1748489425981873 0.024924471299093656 0.05966767371601209
0 0.5657099697885196 0.17938066465256797 0.027190332326283987 0.05664652567975831
0 0.5396525679758308 0.18731117824773413 0.035498489425981876 0.055891238670694864
1 0.5154833836858006 0.21299093655589124 0.023413897280966767 0.06948640483383686
0 0.48753776435045315 0.19826283987915408 0.02039274924471299 0.05211480362537765
0 0.4618580060422961 0.2141238670694864 0.026435045317220542 0.05664652567975831
0 0.43466767371601206 0.2175226586102719 0.027945619335347432 0.04833836858006042
1 0.42182779456193353 0.24093655589123866 0.02945619335347432 0.05740181268882175
0 0.39992447129909364 0.2326283987915408 0.027945619335347432 0.05891238670694864
0 0.38632930513595165 0.2537764350453172 0.023413897280966767 0.05891238670694864
0 0.36442598187311176 0.24433534743202417 0.02039274924471299 0.05966767371601209
1 0.022658610271903322 0.6790030211480362 0.03625377643504532 0.06797583081570997
1 0.050981873111782476 0.6635196374622356 0.03851963746223565 0.07326283987915408
1 0.06117824773413897 0.649546827794562 0.045317220543806644 0.061933534743202415
0 0.08836858006042296 0.6593655589123867 0.045317220543806644 0.054380664652567974
1 0.09818731117824774 0.6416163141993958 0.04380664652567976 0.05362537764350453
0 0.13217522658610273 0.652190332326284 0.028700906344410877 0.06419939577039276
0 0.1401057401812689 0.6178247734138973 0.03851963746223565 0.055891238670694864
0 0.1714501510574018 0.56797583081571 0.03323262839879154 0.04833836858006042
0 0.1695619335347432 0.6336858006042296 0.030966767371601207 0.060422960725075525
1 0.2277190332326284 0.6015861027190332 0.05362537764350453 0.05060422960725076
1 0.21450151057401812 0.6148036253776435 0.045317220543806644 0.055891238670694864
0 0.256797583081571 0.5962990936555891 0.0377643504531722 0.06117824773413897
1 0.28134441087613293 0.5925226586102719 0.04154078549848943 0.05664652567975831
0 0.2994712990936556 0.5725075528700906 0.030966767371601207 0.055891238670694864
1 0.32439577039274925 0.5675981873111783 0.0324773413897281 0.06570996978851963
0 0.3357250755287009 0.5498489425981873 0.024924471299093656 0.055891238670694864
1 0.3564954682779456 0.5596676737160121 0.0256797583081571 0.04833836858006042
0 0.37802114803625375 0.5562688821752266 0.026435045317220542 0.05513595166163142
0 0.3957703927492447 0.5513595166163142 0.03625377643504532 0.05891238670694864
0 0.4070996978851964 0.5290785498489426 0.03323262839879154 0.05513595166163142
1 0.43655589123867067 0.525679758308157 0.03927492447129909 0.05891238670694864
1 0.46299093655589124 0.524546827794562 0.04078549848942598 0.04909365558912387
0 0.4679003021148036 0.49131419939577037 0.04607250755287009 0.04003021148036254
0 0.5188821752265861 0.5030211480362538 0.03927492447129909 0.055891238670694864
1 0.4909365558912387 0.502643504531722 0.04229607250755287 0.04909365558912387
1 0.5396525679758308 0.4916918429003021 0.04909365558912387 0.04984894259818731
0 0.9845166163141994 0.31155589123867067 0.026435045317220542 0.06117824773413897
1 0.9554380664652568 0.3221299093655589 0.03323262839879154 0.05060422960725076
0 0.9316465256797583 0.3459214501510574 0.033987915407854986 0.060422960725075525
0 0.8923716012084593 0.3474320241691843 0.05060422960725076 0.04682779456193353
0 0.8629154078549849 0.3697129909365559 0.05060422960725076 0.04607250755287009
1 0.8319486404833837 0.3851963746223565 0.05211480362537765 0.045317220543806644
0 0.7915407854984894 0.3848187311178248 0.04380664652567976 0.05513595166163142
0 0.7530211480362538 0.3904833836858006 0.03927492447129909 0.04833836858006042
1 0.7360271903323263 0.40672205438066467 0.04305135951661632 0.04758308157099698
1 0.7148791540785498 0.4206948640483384 0.04305135951661632 0.055891238670694864
0 0.6903323262839879 0.43013595166163143 0.04380664652567976 0.04758308157099698
1 0.6665407854984894 0.4433534743202417 0.03851963746223565 0.05740181268882175
0 0.6336858006042296 0.4490181268882175 0.045317220543806644 0.05060422960725076
1 0.611404833836858 0.45468277945619334 0.03851963746223565 0.054380664652567974
1 0.5853474320241692 0.47583081570996977 0.03323262839879154 0.0513595166163142
0 0.5728851963746223 0.4818731117824773 0.0324773413897281 0.0513595166163142
