0 0.19599697885196374 0.1336858006042296 0.08685800604229607 0.06948640483383686
3 0.07250755287009064 0.2862537764350453 0.1419939577039275 0.13444108761329304
0 0.1506797583081571 0.8296827794561934 0.10045317220543806 0.0702416918429003
2 0.14425981873111782 0.8323262839879154 0.04078549848942598 0.045317220543806644
0 0.3950151057401813 0.9037009063444109 0.03323262839879154 0.05362537764350453
0 0.0256797583081571 0.6469033232628398 0.03323262839879154 0.06268882175226587
0 0.04947129909365559 0.6355740181268882 0.026435045317220542 0.06268882175226587
0 0.08081570996978851 0.6325528700906344 0.03625377643504532 0.04909365558912387
1 0.1216012084592145 0.6310422960725075 0.03474320241691843 0.06570996978851963
0 0.14614803625377643 0.6178247734138973 0.033987915407854986 0.04984894259818731
0 0.17258308157099697 0.6012084592145015 0.05211480362537765 0.04229607250755287
1 0.21110271903323263 0.5789274924471299 0.030966767371601207 0.06419939577039276
0 0.24055891238670696 0.5698640483383686 0.03851963746223565 0.05966767371601209
0 0.26623867069486407 0.5626888217522659 0.03700906344410876 0.052870090634441085
1 0.29531722054380666 0.5320996978851964 0.03625377643504532 0.04758308157099698
1 0.31797583081570996 0.5275679758308157 0.03323262839879154 0.05060422960725076
0 0.33496978851963743 0.5166163141993958 0.04154078549848943 0.0513595166163142
1 0.3666918429003021 0.5105740181268882 0.0445619335347432 0.05740181268882175
1 0.4025679758308157 0.5003776435045317 0.04078549848942598 0.04909365558912387
0 0.43731117824773413 0.48225075528700906 0.03927492447129909 0.05362537764350453
0 0.472809667673716 0.5438066465256798 0.0256797583081571 0.052870090634441085
0 0.4369335347432024 0.5540030211480362 0.03851963746223565 0.05211480362537765
0 0.3995468277945619 0.5668429003021148 0.04078549848942598 0.05060422960725076
0 0.02416918429003021 0.7507552870090635 0.028700906344410877 0.06797583081570997
0 0.04569486404833837 0.7284743202416919 0.030966767371601207 0.05211480362537765
0 0.07930513595166164 0.7137462235649547 0.030211480362537763 0.055891238670694864
0 0.11140483383685801 0.7031722054380665 0.026435045317220542 0.054380664652567974
0 0.15181268882175228 0.6941087613293051 0.03474320241691843 0.05891238670694864
0 0.17560422960725075 0.6774924471299094 0.04154078549848943 0.054380664652567974
0 0.2103474320241692 0.6812688821752266 0.04607250755287009 0.06646525679758308
1 0.243202416918429 0.6699395770392749 0.028700906344410877 0.0634441087613293
0 0.3104229607250755 0.6631419939577039 0.03474320241691843 0.054380664652567974
1 0.2775679758308157 0.6710725075528701 0.033987915407854986 0.05966767371601209
0 0.34327794561933533 0.6461480362537765 0.02190332326283988 0.05664652567975831
0 0.3648036253776435 0.6404833836858006 0.022658610271903322 0.06646525679758308
0 0.3931268882175227 0.6340634441087614 0.033987915407854986 0.06117824773413897
0 0.422583081570997 0.6359516616314199 0.02945619335347432 0.05740181268882175
0 0.44410876132930516 0.6140483383685801 0.027190332326283987 0.055891238670694864
0 0.46299093655589124 0.6064954682779456 0.019637462235649546 0.045317220543806644
0 0.4901812688821752 0.611404833836858 0.03172205438066465 0.04154078549848943
0 0.5101963746223565 0.5872356495468278 0.02190332326283988 0.04154078549848943
0 0.290785498489426 0.9705438066465257 0.04078549848942598 0.045317220543806644
0 0.3300604229607251 0.9531722054380665 0.04833836858006042 0.0256797583081571
0 0.36064954682779454 0.9448640483383686 0.05513595166163142 0.04380664652567976
1 0.3100453172205438 0.9679003021148036 0.0445619335347432 0.0445619335347432
1 0.42107250755287007 0.9150302114803626 0.030966767371601207 0.05211480362537765
0 0.449773413897281 0.9135196374622356 0.04003021148036254 0.04758308157099698
0 0.4724320241691843 0.9037009063444109 0.035498489425981876 0.04909365558912387
0 0.49773413897280966 0.899546827794562 0.03625377643504532 0.052870090634441085
0 0.5287009063444109 0.898036253776435 0.045317220543806644 0.055891238670694864
0 0.5898791540785498 0.899546827794562 0.04229607250755287 0.04682779456193353
0 0.5728851963746223 0.922583081570997 0.03851963746223565 0.05513595166163142
0 0.5513595166163142 0.8734894259818731 0.0256797583081571 0.05211480362537765
0 0.6200906344410876 0.8867069486404834 0.04682779456193353 0.0377643504531722
0 0.4414652567975831 0.9731873111782477 0.03851963746223565 0.0445619335347432
0 0.4690332326283988 0.9694108761329305 0.03625377643504532 0.05060422960725076
0 0.0256797583081571 0.4425981873111782 0.03474320241691843 0.054380664652567974
0 0.04003021148036254 0.438821752265861 0.03172205438066465 0.04682779456193353
0 0.060422960725075525 0.43919939577039274 0.0377643504531722 0.05060422960725076
0 0.08987915407854985 0.4437311178247734 0.030211480362537763 0.04909365558912387
0 0.11102719033232629 0.4433534743202417 0.030211480362537763 0.054380664652567974
0 0.13595166163141995 0.4407099697885196 0.03323262839879154 0.04758308157099698
0 0.1608761329305136 0.4335347432024169 0.027190332326283987 0.0513595166163142
0 0.19259818731117825 0.4233383685800604 0.03323262839879154 0.05966767371601209
0 0.2239425981873112 0.4059667673716012 0.03700906344410876 0.06570996978851963
0 0.2450906344410876 0.38935045317220546 0.035498489425981876 0.04758308157099698
0 0.2790785498489426 0.4052114803625378 0.04305135951661632 0.04909365558912387
0 0.3013595166163142 0.39010574018126887 0.03474320241691843 0.04154078549848943
0 0.29003021148036257 0.347809667673716 0.03625377643504532 0.04003021148036254
0 0.30362537764350456 0.2956948640483384 0.0513595166163142 0.03700906344410876
0 0.3251510574018127 0.3100453172205438 0.05060422960725076 0.033987915407854986
0 0.3466767371601208 0.3319486404833837 0.060422960725075525 0.03851963746223565
0 0.3429003021148036 0.361404833836858 0.05891238670694864 0.030966767371601207
