0 0.8965256797583081 0.11754684838160137 0.06948640483383686 0.040885860306643956
0 0.8863293051359517 0.16993185689948892 0.05966767371601209 0.036626916524701875
0 0.9104984894259819 0.20868824531516184 0.07628398791540786 0.040885860306643956
0 0.9229607250755287 0.27427597955706984 0.06646525679758308 0.04599659284497445
0 0.8991691842900302 0.38671209540034074 0.06419939577039276 0.044293015332197615
1 0.8961480362537765 0.444633730834753 0.05362537764350453 0.06643952299829642
0 0.8772658610271903 0.4752981260647359 0.04154078549848943 0.06473594548551959
0 0.8538519637462235 0.49318568994889267 0.04003021148036254 0.06984667802385008
0 0.8334592145015106 0.5212947189097104 0.04003021148036254 0.06643952299829642
1 0.7783232628398792 0.5127768313458262 0.0702416918429003 0.039182282793867124
0 0.7662386706948641 0.5540885860306644 0.06570996978851963 0.041737649063032366
0 0.976963746223565 0.5042589437819421 0.04154078549848943 0.06473594548551959
0 0.9645015105740181 0.5191652470187393 0.04078549848942598 0.062180579216354344
0 0.949773413897281 0.5374787052810903 0.04305135951661632 0.06473594548551959
1 0.929380664652568 0.575809199318569 0.05362537764350453 0.056218057921635436
0 0.9244712990936556 0.6192504258943782 0.03927492447129909 0.05792163543441227
1 0.8919939577039275 0.6017887563884157 0.04380664652567976 0.06388415672913117
0 0.8621601208459214 0.6141396933560477 0.0324773413897281 0.06473594548551959
1 0.8395015105740181 0.6260647359454855 0.030966767371601207 0.059625212947189095
1 0.8262839879154078 0.6324531516183987 0.03323262839879154 0.05536626916524702
0 0.8474320241691843 0.8496592844974447 0.05891238670694864 0.07410562180579217
2 0.8508308157099698 0.856473594548552 0.0324773413897281 0.0434412265758092
0 0.8085347432024169 0.6418228279386712 0.035498489425981876 0.05706984667802385
0 0.7892749244712991 0.6486371379897785 0.030211480362537763 0.05706984667802385
0 0.2726586102719033 0.465076660988075 0.054380664652567974 0.06132879045996593
2 0.26472809667673713 0.4565587734241908 0.030966767371601207 0.03236797274275979
0 0.3459214501510574 0.24403747870528109 0.060422960725075525 0.048551959114139696
1 0.7617069486404834 0.647359454855196 0.030966767371601207 0.06643952299829642
1 0.7439577039274925 0.6575809199318569 0.04078549848942598 0.06984667802385008
0 0.7231873111782477 0.6469335604770017 0.03700906344410876 0.065587734241908
1 0.7099697885196374 0.6541737649063033 0.0377643504531722 0.06984667802385008
1 0.6888217522658611 0.6469335604770017 0.03625377643504532 0.06729131175468483
0 0.6699395770392749 0.653747870528109 0.030211480362537763 0.06047700170357751
0 0.6446374622356495 0.6260647359454855 0.03851963746223565 0.06643952299829642
0 0.6185800604229608 0.6499148211243612 0.03625377643504532 0.07495741056218058
1 0.6212235649546828 0.6175468483816013 0.035498489425981876 0.07836456558773425
0 0.5925226586102719 0.6226575809199318 0.033987915407854986 0.06303236797274277
0 0.5725075528700906 0.6277683134582623 0.03927492447129909 0.06814310051107325
1 0.5449395770392749 0.6486371379897785 0.024924471299093656 0.07410562180579217
0 0.5064199395770392 0.6571550255536627 0.05211480362537765 0.05366269165247019
0 0.48753776435045315 0.6460817717206133 0.05513595166163142 0.05025553662691652
0 0.48942598187311176 0.6183986371379898 0.04682779456193353 0.03747870528109029
1 0.4792296072507553 0.6026405451448041 0.05060422960725076 0.06047700170357751
1 0.459214501510574 0.5894378194207837 0.052870090634441085 0.04599659284497445
1 0.4637462235649547 0.5383304940374787 0.060422960725075525 0.05792163543441227
0 0.44826283987915405 0.5208688245315162 0.04758308157099698 0.048551959114139696
1 0.43202416918429004 0.49659284497444633 0.052870090634441085 0.056218057921635436
0 0.4206948640483384 0.4885008517887564 0.045317220543806644 0.04003407155025554
0 0.4142749244712991 0.4710391822827939 0.04607250755287009 0.04599659284497445
0 0.41465256797583083 0.4190800681431005 0.04682779456193353 0.04940374787052811
0 0.36744712990936557 0.293015332197615 0.05211480362537765 0.040885860306643956
0 0.35913897280966767 0.27427597955706984 0.04909365558912387 0.04770017035775128
1 0.3716012084592145 0.3143100511073254 0.0513595166163142 0.04258943781942078
1 0.09478851963746224 0.25212947189097107 0.05664652567975831 0.03577512776831346
0 0.0823262839879154 0.22444633730834754 0.054380664652567974 0.036626916524701875
0 0.06986404833836858 0.2010221465076661 0.05513595166163142 0.03236797274275979
0 0.10913897280966767 0.2836456558773424 0.06117824773413897 0.030664395229982964
0 0.11140483383685801 0.30877342419080067 0.04758308157099698 0.028109028960817718
0 0.11858006042296072 0.32751277683134583 0.04984894259818731 0.03492333901192504
0 0.12613293051359517 0.35178875638841567 0.05740181268882175 0.040885860306643956
0 0.13708459214501512 0.3730834752981261 0.05966767371601209 0.027257240204429302
0 0.14614803625377643 0.4160988074957411 0.05513595166163142 0.031516183986371384
0 0.15219033232628398 0.43696763202725725 0.05211480362537765 0.02385008517887564
0 0.16351963746223566 0.45868824531516184 0.05211480362537765 0.03321976149914821
0 0.17711480362537765 0.4816865417376491 0.05362537764350453 0.041737649063032366
1 0.1986404833836858 0.5255536626916525 0.054380664652567974 0.04770017035775128
0 0.19939577039274925 0.5604770017035775 0.05891238670694864 0.039182282793867124
0 0.25113293051359514 0.5596252129471891 0.05966767371601209 0.028960817717206135
0 0.21638972809667673 0.5877342419080068 0.05513595166163142 0.039182282793867124
0 0.24206948640483383 0.5966780238500852 0.05664652567975831 0.031516183986371384
0 0.2836102719033233 0.6094548551959115 0.05966767371601209 0.029812606473594547
0 0.23564954682779457 0.637137989778535 0.04682779456193353 0.028960817717206135
0 0.22356495468277945 0.6286201022146508 0.054380664652567974 0.034071550255536626
0 0.2700151057401813 0.641396933560477 0.05362537764350453 0.03236797274275979
0 0.23904833836858005 0.6758943781942078 0.05513595166163142 0.03492333901192504
0 0.24735649546827795 0.6963373083475298 0.05966767371601209 0.03492333901192504
0 0.3304380664652568 0.7086882453151618 0.05664652567975831 0.030664395229982964
2 0.3100453172205438 0.8658432708688245 0.03700906344410876 0.036626916524701875
0 0.2820996978851964 0.7695911413969335 0.06117824773413897 0.041737649063032366
0 0.30060422960725075 0.7487223168654173 0.061933534743202415 0.034071550255536626
0 0.20732628398791542 0.9314310051107325 0.05664652567975831 0.022998296422487224
0 0.2764350453172205 0.8300681431005111 0.054380664652567974 0.046848381601362864
0 0.29682779456193353 0.8138841567291312 0.052870090634441085 0.026405451448040886
0 0.2262084592145015 0.7568143100511073 0.05362537764350453 0.03321976149914821
0 0.20959214501510573 0.7691652470187393 0.05362537764350453 0.034071550255536626
1 0.2243202416918429 0.7972742759795571 0.052870090634441085 0.03577512776831346
0 0.2330060422960725 0.8385860306643952 0.05060422960725076 0.028109028960817718
1 0.17749244712990936 0.887137989778535 0.0634441087613293 0.028109028960817718
0 0.20166163141993956 0.860732538330494 0.05891238670694864 0.03833049403747871
0 0.15332326283987915 0.8189948892674617 0.07854984894259819 0.0434412265758092
0 0.18617824773413896 0.7913117546848382 0.05664652567975831 0.05281090289608177
0 0.15030211480362538 0.8475298126064736 0.052870090634441085 0.039182282793867124
0 0.09252265861027191 0.8496592844974447 0.03700906344410876 0.048551959114139696
0 0.15823262839879154 0.9408006814310051 0.05060422960725076 0.04514480408858603
1 0.12348942598187311 0.9778534923339012 0.05966767371601209 0.02555366269165247
0 0.15521148036253776 0.899488926746167 0.05362537764350453 0.04599659284497445
0 0.2239425981873112 0.909710391822828 0.0581570996978852 0.02385008517887564
0 0.05513595166163142 0.8798977853492334 0.04229607250755287 0.054514480408858604
0 0.026057401812688823 0.903747870528109 0.05060422960725076 0.04770017035775128
0 0.06797583081570997 0.9356899488926746 0.04682779456193353 0.03321976149914821
0 0.11404833836858005 0.954855195911414 0.04984894259818731 0.018739352640545145
0 0.054380664652567974 0.9595400340715503 0.04682779456193353 0.046848381601362864
0 0.019637462235649546 0.9433560477001703 0.03474320241691843 0.05025553662691652
0 0.5207703927492447 0.866695059625213 0.05664652567975831 0.04003407155025554
0 0.8625377643504532 0.9727427597955707 0.04682779456193353 0.04770017035775128
0 0.8432779456193353 0.9748722316865418 0.04003021148036254 0.04514480408858603
1 0.8236404833836858 0.9710391822827938 0.033987915407854986 0.054514480408858604
0 0.8051359516616314 0.9574105621805792 0.03927492447129909 0.06814310051107325
0 0.7836102719033232 0.9203577512776832 0.0445619335347432 0.062180579216354344
1 0.7851208459214502 0.9535775127768313 0.030966767371601207 0.05706984667802385
0 0.7564199395770392 0.940374787052811 0.027945619335347432 0.06984667802385008
0 0.7367824773413897 0.9190800681431005 0.027945619335347432 0.06984667802385008
0 0.7031722054380665 0.891396933560477 0.022658610271903322 0.08432708688245315
0 0.6876888217522659 0.893526405451448 0.02945619335347432 0.06132879045996593
0 0.6563444108761329 0.8654173764906303 0.04078549848942598 0.07666098807495741
0 0.6427492447129909 0.8777683134582623 0.04229607250755287 0.0809199318568995
1 0.6265105740181269 0.8781942078364565 0.035498489425981876 0.07666098807495741
1 0.6053625377643505 0.8850085178875639 0.04154078549848943 0.06984667802385008
0 0.5740181268882175 0.8773424190800682 0.061933534743202415 0.056218057921635436
0 0.5781722054380665 0.9071550255536627 0.04607250755287009 0.04770017035775128
0 0.5237915407854985 0.9395229982964225 0.0324773413897281 0.07155025553662692
0 0.504154078549849 0.946763202725724 0.033987915407854986 0.07410562180579217
0 0.486404833836858 0.9505962521294719 0.03625377643504532 0.07155025553662692
0 0.4637462235649547 0.948892674616695 0.03927492447129909 0.06643952299829642
0 0.4569486404833837 0.9710391822827938 0.03625377643504532 0.054514480408858604
0 0.4195619335347432 0.944633730834753 0.02945619335347432 0.06132879045996593
0 0.40294561933534745 0.9689097103918228 0.027945619335347432 0.05706984667802385
