2 0.33459214501510576 0.8289274924471299 0.03323262839879154 0.03700906344410876
0 0.5955438066465257 0.547583081570997 0.05211480362537765 0.05740181268882175
1 0.6370845921450151 0.5302114803625377 0.04154078549848943 0.0634441087613293
0 0.6631419939577039 0.5117069486404834 0.030211480362537763 0.05211480362537765
0 0.7084592145015106 0.504154078549849 0.055891238670694864 0.06268882175226587
0 0.7333836858006042 0.4777190332326284 0.04984894259818731 0.05211480362537765
1 0.7677492447129909 0.4569486404833837 0.05664652567975831 0.04229607250755287
0 0.8172205438066465 0.45468277945619334 0.04833836858006042 0.061933534743202415
0 0.8557401812688822 0.44448640483383683 0.03323262839879154 0.04607250755287009
1 0.8731117824773413 0.42371601208459214 0.04833836858006042 0.055891238670694864
1 0.8931268882175226 0.4059667673716012 0.04305135951661632 0.06117824773413897
0 0.9195619335347432 0.40105740181268884 0.04003021148036254 0.04984894259818731
1 0.9437311178247734 0.38104229607250756 0.03851963746223565 0.05664652567975831
0 0.9694108761329305 0.368202416918429 0.023413897280966767 0.03851963746223565
