0 0.75199203187251 0.05173716012084592 0.14143426294820716 0.033987915407854986
0 0.7121513944223108 0.06382175226586102 0.11752988047808764 0.02945619335347432
0 0.6842629482071713 0.08836858006042296 0.11354581673306773 0.03474320241691843
0 0.6683266932270916 0.10725075528700906 0.11354581673306773 0.0377643504531722
0 0.6394422310756972 0.11744712990936555 0.09561752988047809 0.033987915407854986
0 0.6095617529880478 0.1401057401812689 0.11553784860557768 0.03700906344410876
0 0.5727091633466135 0.1537009063444109 0.10956175298804781 0.03851963746223565
0 0.5258964143426295 0.1903323262839879 0.11952191235059761 0.03474320241691843
0 0.5099601593625498 0.2084592145015106 0.13147410358565736 0.03323262839879154
0 0.50199203187251 0.22696374622356497 0.11553784860557768 0.02945619335347432
0 0.8645418326693227 0.02756797583081571 0.0398406374501992 0.03851963746223565
1 0.945219123505976 0.04607250755287009 0.037848605577689244 0.04380664652567976
1 0.9741035856573705 0.055513595166163145 0.043824701195219126 0.04758308157099698
0 0.9721115537848606 0.3455438066465257 0.04780876494023904 0.07779456193353475
0 0.9113545816733067 0.33270392749244715 0.08167330677290836 0.06570996978851963
0 0.8665338645418327 0.3217522658610272 0.0796812749003984 0.06948640483383686
0 0.7599601593625498 0.32099697885196377 0.16135458167330677 0.03323262839879154
0 0.7868525896414342 0.2938066465256798 0.11553784860557768 0.03172205438066465
0 0.7460159362549801 0.3666918429003021 0.16135458167330677 0.02039274924471299
0 0.45219123505976094 0.23678247734138974 0.11155378486055777 0.027945619335347432
0 0.4312749003984064 0.25755287009063443 0.11354581673306773 0.03474320241691843
0 0.39243027888446214 0.2843655589123867 0.14741035856573706 0.03851963746223565
0 0.34163346613545814 0.3092900302114804 0.1254980079681275 0.033987915407854986
0 0.28087649402390436 0.34705438066465255 0.10756972111553785 0.05060422960725076
0 0.25796812749003983 0.3787764350453172 0.10557768924302789 0.04003021148036254
0 0.2340637450199203 0.38972809667673713 0.11354581673306773 0.04078549848942598
0 0.1902390438247012 0.4003021148036254 0.1294820717131474 0.03625377643504532
1 0.6603585657370518 0.411631419939577 0.17330677290836652 0.0256797583081571
0 0.6324701195219123 0.4437311178247734 0.20517928286852588 0.02039274924471299
0 0.5936254980079682 0.4845166163141994 0.16733067729083664 0.030966767371601207
0 0.5338645418326693 0.5185045317220544 0.17131474103585656 0.024924471299093656
0 0.49302788844621515 0.5460725075528701 0.16135458167330677 0.01661631419939577
0 0.48705179282868527 0.5619335347432024 0.16135458167330677 0.013595166163141994
0 0.3794820717131474 0.597809667673716 0.14940239043824702 0.024924471299093656
0 0.36852589641434264 0.6178247734138973 0.14741035856573706 0.027190332326283987
0 0.10557768924302789 0.4626132930513595 0.12749003984063745 0.02945619335347432
0 0.044820717131474105 0.5219033232628398 0.08964143426294821 0.03625377643504532
0 0.061752988047808766 0.502643504531722 0.099601593625498 0.03851963746223565
0 0.3207171314741036 0.6435045317220544 0.1553784860557769 0.02416918429003021
0 0.2898406374501992 0.6620090634441088 0.14143426294820716 0.02190332326283988
0 0.27589641434262946 0.6846676737160121 0.22111553784860558 0.0188821752265861
0 0.20318725099601592 0.7027945619335347 0.18326693227091634 0.027945619335347432
0 0.16135458167330677 0.7280966767371602 0.15139442231075698 0.021148036253776436
0 0.11653386454183266 0.7605740181268882 0.17729083665338646 0.02416918429003021
0 0.09561752988047809 0.793429003021148 0.14342629482071712 0.023413897280966767
