3 0.7729083665338645 0.5293867120954003 0.3386454183266932 0.15417376490630325
3 0.20318725099601592 0.5379045996592845 0.33067729083665337 0.15928449744463374
3 0.060756972111553786 0.2580919931856899 0.1254980079681275 0.10562180579216354
0 0.43326693227091634 0.643526405451448 0.06573705179282868 0.05706984667802385
0 0.47908366533864544 0.6554514480408858 0.05776892430278884 0.05706984667802385
0 0.5179282868525896 0.6750425894378195 0.07171314741035856 0.05536626916524702
0 0.5776892430278885 0.6899488926746167 0.06374501992031872 0.06303236797274277
0 0.6235059760956175 0.7116695059625213 0.06374501992031872 0.048551959114139696
0 0.6533864541832669 0.7146507666098808 0.06374501992031872 0.054514480408858604
0 0.6872509960159362 0.7359454855195912 0.06374501992031872 0.054514480408858604
0 0.7161354581673307 0.7470187393526405 0.061752988047808766 0.05792163543441227
1 0.7569721115537849 0.7653321976149915 0.06772908366533864 0.05706984667802385
0 0.8047808764940239 0.7870528109028961 0.07171314741035856 0.05792163543441227
1 0.8635458167330677 0.8057921635434412 0.08964143426294821 0.06473594548551959
0 0.9143426294820717 0.8160136286201022 0.05976095617529881 0.056218057921635436
0 0.9531872509960159 0.823679727427598 0.0697211155378486 0.056218057921635436
0 0.946215139442231 0.5821976149914821 0.05976095617529881 0.051959114139693355
0 0.9541832669322708 0.6051959114139693 0.08366533864541832 0.028109028960817718
1 0.15637450199203187 0.30153321976149916 0.07370517928286853 0.06814310051107325
1 0.2300796812749004 0.3185689948892675 0.07370517928286853 0.06473594548551959
0 0.1852589641434263 0.32410562180579217 0.13147410358565736 0.031516183986371384
0 0.29282868525896416 0.3454003407155026 0.05976095617529881 0.06047700170357751
0 0.3426294820717131 0.36201022146507666 0.05976095617529881 0.05110732538330494
0 0.38645418326693226 0.37734241908006816 0.07171314741035856 0.05792163543441227
0 0.43326693227091634 0.39352640545144807 0.0697211155378486 0.05792163543441227
0 0.4850597609561753 0.41396933560477 0.061752988047808766 0.05792163543441227
0 0.5059760956175299 0.4395229982964225 0.11155378486055777 0.03236797274275979
0 0.5328685258964143 0.4510221465076661 0.09760956175298804 0.029812606473594547
1 0.5846613545816733 0.46337308347529815 0.08565737051792828 0.039182282793867124
