1 0.7564199395770392 0.02385008517887564 0.06570996978851963 0.04770017035775128
1 0.7662386706948641 0.040885860306643956 0.05211480362537765 0.05281090289608177
1 0.8024924471299094 0.11712095400340716 0.05966767371601209 0.05536626916524702
1 0.8462990936555891 0.2333901192504259 0.06419939577039276 0.05110732538330494
1 0.8651812688821753 0.27981260647359457 0.0581570996978852 0.065587734241908
1 0.8772658610271903 0.30068143100511074 0.05060422960725076 0.059625212947189095
1 0.8984138972809668 0.3471039182282794 0.0581570996978852 0.0434412265758092
1 0.9161631419939577 0.37862010221465076 0.06646525679758308 0.04003407155025554
1 0.9358006042296072 0.4335604770017036 0.06948640483383686 0.039182282793867124
1 0.922583081570997 0.40545144804088584 0.06570996978851963 0.04258943781942078
1 0.9433534743202416 0.446763202725724 0.060422960725075525 0.0434412265758092
1 0.9577039274924471 0.4710391822827939 0.061933534743202415 0.05110732538330494
1 0.9686555891238671 0.4948892674616695 0.05664652567975831 0.03747870528109029
