2 0.029812606473594547 0.3833049403747871 0.054514480408858604 0.040885860306643956
2 0.8632879045996593 0.7133730834752982 0.048551959114139696 0.041737649063032366
2 0.11030664395229983 0.8424190800681431 0.062180579216354344 0.05281090289608177
2 0.08986371379897785 0.848381601362862 0.05366269165247019 0.044293015332197615
3 0.27597955706984667 0.30579216354344124 0.16524701873935263 0.131175468483816
3 0.30281090289608176 0.37137989778534924 0.13373083475298125 0.10221465076660988
3 0.4957410562180579 0.2125212947189097 0.18568994889267462 0.13373083475298125
3 0.5063884156729132 0.2942930153321976 0.19335604770017037 0.1303236797274276
3 0.5370528109028961 0.3752129471890971 0.18143100511073254 0.12691652470187395
3 0.5396081771720613 0.4791311754684838 0.18143100511073254 0.12521294718909712
3 0.5498296422487223 0.5702725724020443 0.19846678023850087 0.11328790459965929
3 0.5528109028960818 0.6490630323679728 0.19761499148211245 0.12095400340715502
3 0.5817717206132879 0.7359454855195912 0.19761499148211245 0.12947189097103917
3 0.5954003407155025 0.848381601362862 0.21124361158432708 0.14480408858603067
3 0.2994037478705281 0.4940374787052811 0.1746166950596252 0.12436115843270869
3 0.2985519591141397 0.610732538330494 0.17632027257240204 0.1362862010221465
3 0.31686541737649065 0.7487223168654173 0.151618398637138 0.12606473594548553
3 0.34454855195911416 0.8309199318568995 0.17802385008517888 0.11839863713798977
3 0.35604770017035775 0.9258943781942078 0.20272572402044292 0.12265758091993186
