0 0.4282477341389728 0.8395316804407714 0.04833836858006042 0.10606060606060606
2 0.4380664652567976 0.8546831955922866 0.02416918429003021 0.05096418732782369
1 0.4814954682779456 0.7672176308539945 0.03851963746223565 0.09366391184573003
2 0.4845166163141994 0.7816804407713499 0.026435045317220542 0.05647382920110193
1 0.4070996978851964 0.5771349862258953 0.04682779456193353 0.1046831955922865
2 0.4104984894259819 0.5943526170798898 0.0324773413897281 0.05647382920110193
0 0.22356495468277945 0.48140495867768596 0.0377643504531722 0.10330578512396695
0 0.1952416918429003 0.47451790633608815 0.02039274924471299 0.08677685950413223
0 0.17749244712990936 0.4889807162534435 0.030211480362537763 0.09641873278236915
0 0.16993957703927492 0.5365013774104683 0.03927492447129909 0.081267217630854
0 0.14577039274924472 0.5488980716253443 0.04078549848942598 0.06473829201101929
1 0.11178247734138973 0.5420110192837466 0.03625377643504532 0.12534435261707988
0 0.08987915407854985 0.5798898071625345 0.04229607250755287 0.0743801652892562
0 0.06722054380664652 0.5895316804407713 0.0256797583081571 0.07162534435261708
0 0.055513595166163145 0.6267217630853995 0.02945619335347432 0.07162534435261708
1 0.02530211480362538 0.6287878787878788 0.030966767371601207 0.11707988980716254
1 0.1763595166163142 0.9373278236914601 0.03851963746223565 0.08677685950413223
0 0.2035498489425982 0.9159779614325069 0.027945619335347432 0.08264462809917356
0 0.22469788519637462 0.8533057851239669 0.02945619335347432 0.081267217630854
0 0.22696374622356497 0.9056473829201103 0.035498489425981876 0.07024793388429752
0 0.25 0.8918732782369146 0.021148036253776436 0.07575757575757576
0 0.2707703927492447 0.8932506887052342 0.023413897280966767 0.09779614325068871
0 0.28965256797583083 0.8994490358126722 0.0324773413897281 0.09641873278236915
0 0.31608761329305135 0.8884297520661157 0.024924471299093656 0.08264462809917356
0 0.3413897280966767 0.8884297520661157 0.028700906344410877 0.10743801652892562
0 0.36744712990936557 0.8794765840220385 0.027945619335347432 0.07575757575757576
0 0.3904833836858006 0.9524793388429752 0.028700906344410877 0.081267217630854
