3 0.6620090634441088 0.49701873935264057 0.11858006042296072 0.19165247018739354
0 0.7345166163141994 0.659710391822828 0.02945619335347432 0.065587734241908
0 0.7583081570996979 0.653747870528109 0.03323262839879154 0.065587734241908
0 0.7722809667673716 0.6465076660988075 0.02945619335347432 0.06132879045996593
0 0.7870090634441088 0.6409710391822828 0.027190332326283987 0.06047700170357751
0 0.8040030211480362 0.6439522998296423 0.027945619335347432 0.06984667802385008
0 0.8141993957703928 0.6341567291311755 0.019637462235649546 0.06388415672913117
0 0.8323262839879154 0.6252129471890971 0.03474320241691843 0.05792163543441227
0 0.8530966767371602 0.618824531516184 0.035498489425981876 0.06047700170357751
0 0.8640483383685801 0.6073253833049403 0.03474320241691843 0.05792163543441227
1 0.8810422960725075 0.6098807495741057 0.033987915407854986 0.06303236797274277
0 0.8889728096676737 0.5945485519591142 0.022658610271903322 0.05281090289608177
0 0.9040785498489426 0.5945485519591142 0.03172205438066465 0.059625212947189095
0 0.9154078549848943 0.57793867120954 0.03172205438066465 0.058773424190800685
0 0.9361782477341389 0.5817717206132879 0.02945619335347432 0.06473594548551959
0 0.9490181268882175 0.5711243611584327 0.027945619335347432 0.058773424190800685
0 0.9588368580060423 0.5596252129471891 0.027945619335347432 0.05792163543441227
0 0.9746978851963746 0.5562180579216355 0.033987915407854986 0.06473594548551959
1 0.9822507552870091 0.5485519591141397 0.02945619335347432 0.06303236797274277
