0 0.8663141993957704 0.9871601208459214 0.05740181268882175 0.01812688821752266
0 0.8765105740181269 0.9637462235649547 0.06117824773413897 0.03625377643504532
1 0.8557401812688822 0.959214501510574 0.05740181268882175 0.03474320241691843
0 0.849320241691843 0.9308912386706949 0.05966767371601209 0.02190332326283988
0 0.8447885196374623 0.9010574018126888 0.04909365558912387 0.030211480362537763
0 0.8379909365558912 0.8768882175226587 0.05362537764350453 0.030211480362537763
0 0.845166163141994 0.830060422960725 0.055891238670694864 0.03172205438066465
0 0.8395015105740181 0.8553625377643505 0.04758308157099698 0.04003021148036254
0 0.823262839879154 0.8134441087613293 0.0513595166163142 0.030211480362537763
0 0.8096676737160121 0.7911631419939577 0.04984894259818731 0.026435045317220542
0 0.8126888217522659 0.7666163141993958 0.052870090634441085 0.021148036253776436
0 0.8024924471299094 0.7477341389728097 0.04909365558912387 0.030211480362537763
1 0.7960725075528701 0.7262084592145015 0.054380664652567974 0.035498489425981876
1 0.7885196374622356 0.7016616314199395 0.054380664652567974 0.028700906344410877
0 0.7972054380664653 0.6805135951661632 0.05362537764350453 0.027190332326283987
0 0.7824773413897281 0.6669184290030211 0.04682779456193353 0.030211480362537763
1 0.7719033232628398 0.6389728096676737 0.04682779456193353 0.04078549848942598
0 0.7632175226586103 0.6170694864048338 0.05664652567975831 0.027190332326283987
0 0.7594410876132931 0.5932779456193353 0.05966767371601209 0.01283987915407855
0 0.7590634441087614 0.5785498489425982 0.04682779456193353 0.01812688821752266
0 0.7552870090634441 0.5608006042296072 0.05740181268882175 0.017371601208459216
0 0.7643504531722054 0.5426737160120846 0.052870090634441085 0.023413897280966767
0 0.743202416918429 0.5313444108761329 0.05891238670694864 0.02190332326283988
0 0.7360271903323263 0.5049093655589124 0.04909365558912387 0.0324773413897281
0 0.7080815709969789 0.4380664652567976 0.04154078549848943 0.03172205438066465
0 0.7386706948640483 0.45770392749244715 0.04682779456193353 0.03172205438066465
1 0.7303625377643505 0.4826283987915408 0.05740181268882175 0.028700906344410877
1 0.6537009063444109 0.2545317220543807 0.05966767371601209 0.03927492447129909
1 0.6431268882175226 0.2326283987915408 0.0581570996978852 0.021148036253776436
1 0.6514350453172205 0.19259818731117825 0.04758308157099698 0.01661631419939577
1 0.6280211480362538 0.18995468277945618 0.05060422960725076 0.03851963746223565
1 0.6151812688821753 0.15861027190332327 0.04758308157099698 0.04078549848942598
1 0.6098942598187311 0.14501510574018128 0.04305135951661632 0.03323262839879154
1 0.5970543806646526 0.10687311178247734 0.05211480362537765 0.0324773413897281
0 0.6106495468277946 0.2949395770392749 0.03851963746223565 0.05211480362537765
0 0.6582326283987915 0.2820996978851964 0.05060422960725076 0.03851963746223565
0 0.5959214501510574 0.1283987915407855 0.03927492447129909 0.03625377643504532
0 0.5921450151057401 0.08496978851963746 0.054380664652567974 0.026435045317220542
0 0.573262839879154 0.047960725075528704 0.04833836858006042 0.02945619335347432
0 0.5687311178247734 0.02379154078549849 0.05740181268882175 0.023413897280966767
0 0.6419939577039275 0.20921450151057402 0.052870090634441085 0.021148036253776436
0 0.9731873111782477 0.591012084592145 0.0445619335347432 0.04003021148036254
0 0.9822507552870091 0.6446374622356495 0.0324773413897281 0.030966767371601207
1 0.9811178247734139 0.6265105740181269 0.03474320241691843 0.023413897280966767
0 0.9425981873111783 0.4199395770392749 0.04984894259818731 0.03172205438066465
1 0.9210725075528701 0.4108761329305136 0.03700906344410876 0.04229607250755287
0 0.9199395770392749 0.38632930513595165 0.03323262839879154 0.04909365558912387
0 0.9063444108761329 0.35913897280966767 0.03474320241691843 0.04758308157099698
0 0.8999244712990937 0.3285498489425982 0.030966767371601207 0.04984894259818731
0 0.8938821752265861 0.2979607250755287 0.033987915407854986 0.04909365558912387
0 0.8814199395770392 0.27870090634441086 0.0377643504531722 0.04380664652567976
0 0.8742447129909365 0.2571752265861027 0.04154078549848943 0.04003021148036254
0 0.8659365558912386 0.2413141993957704 0.04305135951661632 0.04305135951661632
0 0.8617824773413897 0.20996978851963746 0.04380664652567976 0.03625377643504532
1 0.9554380664652568 0.23716012084592145 0.052870090634441085 0.055891238670694864
1 0.9199395770392749 0.16351963746223566 0.0256797583081571 0.05513595166163142
1 0.8806646525679759 0.0770392749244713 0.0377643504531722 0.05891238670694864
0 0.8402567975830816 0.12462235649546828 0.04758308157099698 0.04229607250755287
0 0.8311933534743202 0.09894259818731117 0.0445619335347432 0.04229607250755287
0 0.8228851963746223 0.08308157099697885 0.04607250755287009 0.03625377643504532
0 0.8251510574018127 0.05777945619335347 0.04003021148036254 0.04305135951661632
0 0.8036253776435045 0.016993957703927493 0.04078549848942598 0.035498489425981876
0 0.8134441087613293 0.038897280966767374 0.0377643504531722 0.03851963746223565
0 0.8508308157099698 0.026812688821752265 0.033987915407854986 0.04305135951661632
0 0.8783987915407855 0.02001510574018127 0.03172205438066465 0.04154078549848943
