3 0.055513595166163145 0.7107438016528926 0.09894259818731117 0.1928374655647383
0 0.10838368580060423 0.9552341597796143 0.0445619335347432 0.05371900826446281
0 0.13632930513595165 0.7141873278236914 0.04003021148036254 0.05371900826446281
0 0.14803625377643503 0.7506887052341598 0.04229607250755287 0.049586776859504134
0 0.15898791540785498 0.7871900826446281 0.04607250755287009 0.05647382920110193
0 0.17409365558912387 0.8230027548209367 0.03851963746223565 0.05371900826446281
0 0.1933534743202417 0.8546831955922866 0.04682779456193353 0.0674931129476584
0 0.19599697885196374 0.90633608815427 0.05664652567975831 0.06060606060606061
0 0.20052870090634442 0.9621212121212122 0.05362537764350453 0.05371900826446281
0 0.2518882175226586 0.2775482093663912 0.035498489425981876 0.1115702479338843
0 0.23413897280966767 0.29958677685950413 0.03323262839879154 0.10330578512396695
0 0.2141238670694864 0.3271349862258953 0.04305135951661632 0.1115702479338843
0 0.19561933534743203 0.36983471074380164 0.028700906344410877 0.11707988980716254
0 0.1623867069486405 0.35399449035812675 0.028700906344410877 0.09641873278236915
0 0.1555891238670695 0.3987603305785124 0.028700906344410877 0.08402203856749312
0 0.12575528700906344 0.3794765840220386 0.02945619335347432 0.10881542699724518
0 0.1095166163141994 0.42148760330578516 0.03625377643504532 0.1046831955922865
0 0.0857250755287009 0.45179063360881544 0.02190332326283988 0.10192837465564739
0 0.06759818731117825 0.4690082644628099 0.04909365558912387 0.08953168044077135
0 0.03134441087613293 0.48140495867768596 0.030966767371601207 0.09779614325068871
0 0.02152567975830816 0.5041322314049587 0.033987915407854986 0.0743801652892562
0 0.06419939577039276 0.13085399449035812 0.028700906344410877 0.1046831955922865
0 0.010196374622356496 0.19421487603305787 0.02190332326283988 0.09917355371900827
0 0.026812688821752265 0.1756198347107438 0.030966767371601207 0.10606060606060606
0 0.08383685800604229 0.11914600550964188 0.028700906344410877 0.10606060606060606
0 0.10460725075528701 0.10881542699724518 0.0445619335347432 0.09917355371900827
0 0.11404833836858005 0.06680440771349863 0.030211480362537763 0.08402203856749312
0 0.1283987915407855 0.040633608815427 0.0377643504531722 0.07024793388429752
0 0.15974320241691842 0.046143250688705235 0.035498489425981876 0.07851239669421488
