3 0.7039274924471299 0.6578549848942599 0.21601208459214502 0.11027190332326284
0 0.8632930513595166 0.5143504531722054 0.061933534743202415 0.045317220543806644
0 0.7103474320241692 0.9762084592145015 0.0324773413897281 0.03700906344410876
0 0.7375377643504532 0.9697885196374623 0.04003021148036254 0.04380664652567976
1 0.7790785498489426 0.9686555891238671 0.026435045317220542 0.04758308157099698
0 0.8051359516616314 0.9573262839879154 0.04229607250755287 0.04305135951661632
0 0.830060422960725 0.945619335347432 0.04833836858006042 0.045317220543806644
0 0.9014350453172205 0.9191842900302115 0.0324773413897281 0.0634441087613293
0 0.8591389728096677 0.9218277945619335 0.030966767371601207 0.06117824773413897
0 0.9244712990936556 0.908987915407855 0.030211480362537763 0.06570996978851963
1 0.9531722054380665 0.8825528700906344 0.03323262839879154 0.05362537764350453
1 0.9739425981873112 0.8746223564954683 0.02190332326283988 0.04229607250755287
0 0.9626132930513596 0.6665407854984894 0.04758308157099698 0.030966767371601207
0 0.979607250755287 0.6797583081570997 0.03474320241691843 0.021148036253776436
0 0.9731873111782477 0.7073262839879154 0.04909365558912387 0.023413897280966767
0 0.9637462235649547 0.7515105740181269 0.045317220543806644 0.04229607250755287
0 0.9403323262839879 0.7620845921450151 0.045317220543806644 0.0513595166163142
0 0.9097432024169184 0.7496223564954683 0.04758308157099698 0.04305135951661632
0 0.8927492447129909 0.7658610271903323 0.0377643504531722 0.04833836858006042
0 0.8561178247734139 0.7787009063444109 0.024924471299093656 0.04682779456193353
0 0.8311933534743202 0.7987160120845922 0.03700906344410876 0.05362537764350453
0 0.8040030211480362 0.7994712990936556 0.04909365558912387 0.05060422960725076
0 0.7851208459214502 0.8058912386706949 0.04154078549848943 0.0513595166163142
0 0.7575528700906344 0.804380664652568 0.03172205438066465 0.04078549848942598
0 0.4354229607250755 0.8859516616314199 0.030966767371601207 0.0513595166163142
0 0.45657099697885195 0.8700906344410876 0.02945619335347432 0.054380664652567974
0 0.48678247734138974 0.8636706948640483 0.035498489425981876 0.06117824773413897
0 0.49773413897280966 0.8259063444108762 0.019637462235649546 0.0702416918429003
0 0.7311178247734139 0.8036253776435045 0.03625377643504532 0.061933534743202415
0 0.7099697885196374 0.7960725075528701 0.0377643504531722 0.04833836858006042
0 0.6937311178247734 0.8085347432024169 0.030966767371601207 0.05966767371601209
0 0.6665407854984894 0.7851208459214502 0.04003021148036254 0.04607250755287009
0 0.6593655589123867 0.8021148036253777 0.03172205438066465 0.04984894259818731
0 0.6355740181268882 0.8123111782477341 0.0324773413897281 0.06419939577039276
0 0.6053625377643505 0.8032477341389728 0.030966767371601207 0.05362537764350453
1 0.5777945619335347 0.80702416918429 0.03625377643504532 0.04607250755287009
0 0.6030966767371602 0.8281722054380665 0.027945619335347432 0.05362537764350453
0 0.5868580060422961 0.8489425981873112 0.03474320241691843 0.05740181268882175
0 0.551737160120846 0.830060422960725 0.03851963746223565 0.05891238670694864
0 0.5419184290030211 0.8595166163141994 0.035498489425981876 0.055891238670694864
1 0.3421450151057402 0.013595166163141994 0.0513595166163142 0.021148036253776436
0 0.361404833836858 0.037386706948640484 0.05966767371601209 0.03851963746223565
1 0.5268126888217523 0.22356495468277945 0.05664652567975831 0.0377643504531722
1 0.5524924471299094 0.32779456193353473 0.05362537764350453 0.04229607250755287
0 0.5709969788519638 0.3712235649546828 0.05891238670694864 0.030966767371601207
0 0.5785498489425982 0.4150302114803625 0.04984894259818731 0.03700906344410876
1 0.5981873111782477 0.4407099697885196 0.052870090634441085 0.035498489425981876
0 0.5929003021148036 0.46827794561933533 0.061933534743202415 0.03172205438066465
0 0.5619335347432024 0.622356495468278 0.0634441087613293 0.028700906344410877
0 0.5479607250755287 0.5996978851963746 0.06268882175226587 0.027190332326283987
0 0.5385196374622356 0.5766616314199395 0.054380664652567974 0.024924471299093656
0 0.5328549848942599 0.5574018126888217 0.05966767371601209 0.022658610271903322
0 0.5207703927492447 0.5426737160120846 0.05664652567975831 0.0324773413897281
0 0.5015105740181269 0.523036253776435 0.07099697885196375 0.0324773413897281
0 0.4966012084592145 0.4928247734138973 0.06117824773413897 0.027945619335347432
0 0.4947129909365559 0.47205438066465255 0.0634441087613293 0.02416918429003021
0 0.4966012084592145 0.452416918429003 0.06722054380664652 0.028700906344410877
0 0.48564954682779454 0.4369335347432024 0.060422960725075525 0.02039274924471299
0 0.47394259818731116 0.4206948640483384 0.05966767371601209 0.01812688821752266
0 0.47129909365558914 0.39803625377643503 0.06646525679758308 0.022658610271903322
0 0.46941087613293053 0.37915407854984895 0.04909365558912387 0.022658610271903322
0 0.4588368580060423 0.36442598187311176 0.05513595166163142 0.026435045317220542
0 0.45279456193353473 0.3447885196374622 0.0581570996978852 0.0324773413897281
1 0.368202416918429 0.0702416918429003 0.05211480362537765 0.027190332326283987
1 0.37575528700906347 0.08610271903323263 0.04607250755287009 0.03172205438066465
1 0.3878398791540785 0.10687311178247734 0.07175226586102719 0.017371601208459216
0 0.40483383685800606 0.12462235649546828 0.06797583081570997 0.0256797583081571
0 0.3923716012084592 0.1423716012084592 0.05664652567975831 0.01283987915407855
0 0.39123867069486407 0.1661631419939577 0.0513595166163142 0.027190332326283987
0 0.4131419939577039 0.1865558912386707 0.060422960725075525 0.022658610271903322
0 0.4033232628398791 0.2107250755287009 0.0649546827794562 0.03172205438066465
0 0.40823262839879154 0.23225075528700906 0.05513595166163142 0.02945619335347432
0 0.4316465256797583 0.26472809667673713 0.05362537764350453 0.03700906344410876
0 0.4233383685800604 0.2938066465256798 0.05966767371601209 0.03172205438066465
0 0.43391238670694865 0.3217522658610272 0.05513595166163142 0.028700906344410877
