1 0.2755536626916525 0.8216253443526171 0.046848381601362864 0.08402203856749312
1 0.40332197614991483 0.7830578512396694 0.03492333901192504 0.09228650137741047
0 0.42589437819420783 0.768595041322314 0.034071550255536626 0.08264462809917356
1 0.4578364565587734 0.7679063360881543 0.028109028960817718 0.09779614325068871
1 0.4833901192504259 0.7610192837465565 0.03321976149914821 0.10881542699724518
0 0.4919080068143101 0.7878787878787878 0.036626916524701875 0.06887052341597796
0 0.5259795570698467 0.7444903581267218 0.04003407155025554 0.09779614325068871
0 0.5515332197614992 0.7148760330578513 0.03321976149914821 0.09090909090909091
0 0.5847529812606473 0.7382920110192838 0.03321976149914821 0.10192837465564739
0 0.6060477001703578 0.7086776859504132 0.031516183986371384 0.07851239669421488
0 0.6320272572402045 0.7293388429752067 0.04940374787052811 0.10881542699724518
1 0.6588586030664395 0.6935261707988981 0.03833049403747871 0.10330578512396695
1 0.7031516183986372 0.6976584022038568 0.036626916524701875 0.10881542699724518
0 0.7155025553662692 0.6515151515151515 0.034071550255536626 0.08264462809917356
0 0.747870528109029 0.678374655647383 0.03577512776831346 0.09504132231404959
0 0.9799829642248723 0.5847107438016529 0.028109028960817718 0.081267217630854
0 0.9663543441226576 0.6039944903581267 0.04514480408858603 0.08953168044077135
0 0.9420783645655878 0.5957300275482094 0.040885860306643956 0.09504132231404959
0 0.91396933560477 0.6060606060606061 0.03236797274275979 0.08539944903581267
0 0.7942930153321976 0.6556473829201102 0.026405451448040886 0.07713498622589532
0 0.8138841567291312 0.6522038567493114 0.031516183986371384 0.08677685950413223
0 0.8377342419080068 0.6363636363636364 0.01788756388415673 0.09366391184573003
0 0.8475298126064736 0.6322314049586777 0.03577512776831346 0.08264462809917356
0 0.8722316865417377 0.6418732782369146 0.02555366269165247 0.07988980716253444
0 0.8905451448040886 0.6308539944903582 0.029812606473594547 0.09366391184573003
