0 0.5668654173764907 0.00906344410876133 0.06899488926746167 0.019637462235649546
0 0.5762350936967632 0.034365558912386705 0.07410562180579217 0.03851963746223565
0 0.5762350936967632 0.06570996978851963 0.06899488926746167 0.0377643504531722
0 0.5932708688245315 0.08648036253776435 0.06729131175468483 0.03700906344410876
0 0.5966780238500852 0.11253776435045318 0.05366269165247019 0.045317220543806644
0 0.6051959114139693 0.12726586102719034 0.0706984667802385 0.03851963746223565
0 0.6039182282793867 0.1540785498489426 0.06303236797274277 0.0377643504531722
0 0.5873083475298126 0.17900302114803626 0.065587734241908 0.0377643504531722
1 0.5992333901192505 0.19977341389728095 0.075809199318569 0.0324773413897281
0 0.4991482112436116 0.01661631419939577 0.07325383304940375 0.030211480362537763
0 0.411839863713799 0.03172205438066465 0.0706984667802385 0.02416918429003021
0 0.4199318568994889 0.04607250755287009 0.059625212947189095 0.027190332326283987
1 0.41737649063032367 0.060045317220543806 0.07325383304940375 0.027945619335347432
0 0.4178023850085179 0.07515105740181269 0.065587734241908 0.04003021148036254
0 0.42035775127768316 0.09063444108761329 0.075809199318569 0.03927492447129909
0 0.4237649063032368 0.1061178247734139 0.06729131175468483 0.03700906344410876
0 0.42674616695059625 0.12311178247734139 0.056218057921635436 0.04833836858006042
0 0.43909710391822826 0.1438821752265861 0.06388415672913117 0.030966767371601207
0 0.43568994889267465 0.15143504531722055 0.06899488926746167 0.033987915407854986
0 0.4408006814310051 0.16351963746223566 0.06729131175468483 0.035498489425981876
0 0.4454855195911414 0.1778700906344411 0.06132879045996593 0.0324773413897281
0 0.44804088586030666 0.19977341389728095 0.06132879045996593 0.033987915407854986
0 0.4608177172061329 0.2190332326283988 0.07495741056218058 0.0377643504531722
0 0.4608177172061329 0.23602719033232628 0.06984667802385008 0.026435045317220542
0 0.4718909710391823 0.2515105740181269 0.07495741056218058 0.03625377643504532
0 0.4680579216354344 0.27870090634441086 0.05366269165247019 0.0377643504531722
0 0.479557069846678 0.297583081570997 0.07666098807495741 0.03625377643504532
0 0.4842419080068143 0.3187311178247734 0.07751277683134583 0.04833836858006042
1 0.47614991482112434 0.37386706948640486 0.054514480408858604 0.06948640483383686
1 0.487649063032368 0.4127643504531722 0.051959114139693355 0.06570996978851963
0 0.497870528109029 0.03134441087613293 0.0706984667802385 0.026435045317220542
0 0.502129471890971 0.0445619335347432 0.06047700170357751 0.028700906344410877
0 0.5119250425894378 0.05664652567975831 0.07666098807495741 0.03474320241691843
1 0.5191652470187393 0.07666163141993958 0.0706984667802385 0.0324773413897281
0 0.5208688245315162 0.09554380664652568 0.0706984667802385 0.03851963746223565
0 0.5362010221465077 0.10536253776435045 0.06388415672913117 0.04154078549848943
0 0.530664395229983 0.1268882175226586 0.06814310051107325 0.04078549848942598
0 0.5374787052810903 0.15294561933534742 0.07836456558773425 0.04305135951661632
0 0.5447189097103918 0.17371601208459214 0.06047700170357751 0.045317220543806644
1 0.5498296422487223 0.18429003021148035 0.06729131175468483 0.04380664652567976
0 0.5434412265758092 0.20468277945619334 0.06132879045996593 0.03625377643504532
0 0.5468483816013628 0.22658610271903323 0.056218057921635436 0.0377643504531722
0 0.6051959114139693 0.2209214501510574 0.06729131175468483 0.027945619335347432
0 0.555366269165247 0.2416918429003021 0.06473594548551959 0.03323262839879154
0 0.5660136286201022 0.256797583081571 0.06047700170357751 0.03474320241691843
0 0.6243611584327087 0.2416918429003021 0.06473594548551959 0.04682779456193353
0 0.6354344122657581 0.2722809667673716 0.07495741056218058 0.04003021148036254
0 0.6409710391822828 0.3009818731117825 0.075809199318569 0.0445619335347432
0 0.5694207836456558 0.27303625377643503 0.058773424190800685 0.0445619335347432
0 0.7687393526405452 0.9712990936555891 0.0706984667802385 0.0377643504531722
