0 0.5094410876132931 0.09138972809667674 0.05513595166163142 0.0256797583081571
0 0.5653323262839879 0.09592145015105741 0.05060422960725076 0.022658610271903322
0 0.5891238670694864 0.07401812688821752 0.052870090634441085 0.027190332326283987
1 0.463368580060423 0.024546827794561934 0.033987915407854986 0.04758308157099698
0 0.5713746223564955 0.11858006042296072 0.05362537764350453 0.030211480362537763
1 0.5728851963746223 0.13595166163141995 0.05513595166163142 0.0256797583081571
0 0.5751510574018127 0.17900302114803626 0.0581570996978852 0.03172205438066465
0 0.6265105740181269 0.17182779456193353 0.04909365558912387 0.03851963746223565
1 0.6204682779456193 0.20468277945619334 0.05211480362537765 0.045317220543806644
1 0.6446374622356495 0.21487915407854985 0.05966767371601209 0.024924471299093656
1 0.6238670694864048 0.22885196374622357 0.05740181268882175 0.02416918429003021
1 0.5117069486404834 0.18051359516616314 0.05513595166163142 0.04229607250755287
1 0.4830060422960725 0.19259818731117825 0.027945619335347432 0.03625377643504532
0 0.5052870090634441 0.2122356495468278 0.04984894259818731 0.01661631419939577
0 0.5045317220543807 0.22658610271903323 0.04833836858006042 0.01661631419939577
0 0.5052870090634441 0.243202416918429 0.05740181268882175 0.01812688821752266
1 0.47847432024169184 0.29229607250755285 0.027945619335347432 0.052870090634441085
1 0.550226586102719 0.24358006042296074 0.0581570996978852 0.02945619335347432
1 0.5396525679758308 0.27303625377643503 0.0581570996978852 0.035498489425981876
1 0.5120845921450151 0.2881419939577039 0.055891238670694864 0.0324773413897281
1 0.513595166163142 0.3104229607250755 0.0513595166163142 0.02416918429003021
0 0.5608006042296072 0.3221299093655589 0.02039274924471299 0.04305135951661632
1 0.5143504531722054 0.3651812688821752 0.05740181268882175 0.02190332326283988
1 0.5173716012084593 0.45128398791540786 0.060422960725075525 0.017371601208459216
1 0.6268882175226587 0.3311933534743202 0.022658610271903322 0.06268882175226587
1 0.6457703927492447 0.3523413897280967 0.03172205438066465 0.05060422960725076
1 0.7318731117824774 0.0256797583081571 0.0649546827794562 0.03323262839879154
0 0.7318731117824774 0.05362537764350453 0.06797583081570997 0.03625377643504532
0 0.7367824773413897 0.08421450151057402 0.0581570996978852 0.0324773413897281
0 0.7390483383685801 0.11216012084592145 0.05513595166163142 0.033987915407854986
0 0.7398036253776435 0.14123867069486404 0.05060422960725076 0.045317220543806644
0 0.7586858006042296 0.1846676737160121 0.02039274924471299 0.04305135951661632
0 0.7515105740181269 0.17522658610271905 0.03927492447129909 0.0377643504531722
0 0.7250755287009063 0.19297583081570996 0.04078549848942598 0.035498489425981876
0 0.736404833836858 0.22205438066465258 0.052870090634441085 0.022658610271903322
0 0.7190332326283988 0.2466012084592145 0.055891238670694864 0.024924471299093656
0 0.7352719033232629 0.270392749244713 0.06117824773413897 0.027190332326283987
0 0.7088368580060423 0.29531722054380666 0.05513595166163142 0.03323262839879154
0 0.7405589123867069 0.3372356495468278 0.06268882175226587 0.03851963746223565
0 0.7330060422960725 0.31231117824773413 0.05211480362537765 0.030966767371601207
0 0.7273413897280967 0.36178247734138974 0.0634441087613293 0.022658610271903322
0 0.7250755287009063 0.39803625377643503 0.05891238670694864 0.030211480362537763
0 0.668429003021148 0.4014350453172205 0.054380664652567974 0.023413897280966767
2 0.8089123867069486 0.4641238670694864 0.030211480362537763 0.05211480362537765
2 0.8032477341389728 0.5264350453172205 0.030966767371601207 0.03625377643504532
2 0.7972054380664653 0.19599697885196374 0.0324773413897281 0.02190332326283988
2 0.8640483383685801 0.04682779456193353 0.022658610271903322 0.01812688821752266
0 0.9010574018126888 0.1042296072507553 0.054380664652567974 0.0256797583081571
0 0.9259818731117825 0.1268882175226586 0.060422960725075525 0.03625377643504532
0 0.9388217522658611 0.14954682779456194 0.055891238670694864 0.02416918429003021
0 0.9188066465256798 0.16880664652567975 0.0581570996978852 0.02039274924471299
0 0.9490181268882175 0.2035498489425982 0.05966767371601209 0.024924471299093656
0 0.9037009063444109 0.2258308157099698 0.06117824773413897 0.04984894259818731
0 0.9614803625377644 0.2639728096676737 0.05891238670694864 0.024924471299093656
0 0.9486404833836858 0.3149546827794562 0.05740181268882175 0.02416918429003021
