1 0.0891238670694864 0.7218909710391823 0.061933534743202415 0.041737649063032366
1 0.16125377643504532 0.6690800681431005 0.04607250755287009 0.05536626916524702
1 0.5551359516616314 0.44804088586030666 0.03172205438066465 0.06473594548551959
1 0.5823262839879154 0.43143100511073257 0.04078549848942598 0.058773424190800685
0 0.4645015105740181 0.49744463373083475 0.030211480362537763 0.056218057921635436
0 0.4954682779456193 0.47614991482112434 0.030211480362537763 0.056218057921635436
0 0.520392749244713 0.46465076660988075 0.028700906344410877 0.05706984667802385
0 0.6166918429003021 0.4199318568994889 0.033987915407854986 0.059625212947189095
0 0.6503021148036254 0.40417376490630325 0.03323262839879154 0.06388415672913117
0 0.68202416918429 0.3854344122657581 0.03474320241691843 0.07410562180579217
0 0.7341389728096677 0.358603066439523 0.0256797583081571 0.06984667802385008
0 0.7654833836858006 0.3339011925042589 0.027945619335347432 0.06643952299829642
0 0.7892749244712991 0.323679727427598 0.027190332326283987 0.05792163543441227
0 0.8100453172205438 0.315587734241908 0.027945619335347432 0.062180579216354344
0 0.8338368580060423 0.315587734241908 0.030211480362537763 0.075809199318569
0 0.8651812688821753 0.3002555366269165 0.026435045317220542 0.06388415672913117
0 0.8919939577039275 0.2981260647359455 0.027190332326283987 0.06643952299829642
0 0.9154078549848943 0.28492333901192507 0.028700906344410877 0.05366269165247019
1 0.702416918429003 0.3666950596252129 0.03927492447129909 0.062180579216354344
1 0.9369335347432024 0.2657580919931857 0.033987915407854986 0.05281090289608177
1 0.9818731117824774 0.24744463373083475 0.03172205438066465 0.05706984667802385
1 0.8296827794561934 0.10732538330494037 0.04003021148036254 0.06643952299829642
1 0.850453172205438 0.09454855195911414 0.04078549848942598 0.05792163543441227
1 0.9044561933534743 0.07240204429301533 0.035498489425981876 0.06303236797274277
1 0.926737160120846 0.06643952299829642 0.0377643504531722 0.059625212947189095
1 0.9365558912386707 0.051959114139693355 0.03323262839879154 0.06984667802385008
0 0.8742447129909365 0.07964224872231687 0.03851963746223565 0.06047700170357751
0 0.47847432024169184 0.19931856899488928 0.04003021148036254 0.05792163543441227
0 0.4074773413897281 0.23381601362862012 0.03700906344410876 0.06899488926746167
0 0.3693353474320242 0.2508517887563884 0.04380664652567976 0.05025553662691652
1 0.3270392749244713 0.27427597955706984 0.0513595166163142 0.039182282793867124
1 0.44448640483383683 0.22913117546848383 0.035498489425981876 0.06303236797274277
1 0.506797583081571 0.19293015332197616 0.03323262839879154 0.051959114139693355
0 0.26661631419939574 0.303236797274276 0.04682779456193353 0.06303236797274277
0 0.23225075528700906 0.32793867120954 0.04154078549848943 0.06303236797274277
0 0.20732628398791542 0.346252129471891 0.033987915407854986 0.062180579216354344
0 0.18693353474320243 0.3594548551959114 0.033987915407854986 0.05110732538330494
0 0.1574773413897281 0.3632879045996593 0.0324773413897281 0.05706984667802385
0 0.13028700906344412 0.3850085178875639 0.0324773413897281 0.06303236797274277
0 0.09554380664652568 0.39693356047700173 0.033987915407854986 0.05792163543441227
0 0.0445619335347432 0.43909710391822826 0.03323262839879154 0.051959114139693355
0 0.019637462235649546 0.4518739352640545 0.028700906344410877 0.058773424190800685
1 0.06570996978851963 0.4280238500851789 0.0256797583081571 0.051959114139693355
