3 0.6891993957703928 0.2639728096676737 0.11404833836858005 0.16691842900302115
0 0.754154078549849 0.40558912386706947 0.0324773413897281 0.05891238670694864
0 0.779833836858006 0.4006797583081571 0.02945619335347432 0.05211480362537765
0 0.7915407854984894 0.3938821752265861 0.022658610271903322 0.04909365558912387
0 0.8047583081570997 0.3859516616314199 0.026435045317220542 0.04984894259818731
0 0.81797583081571 0.38368580060422963 0.019637462235649546 0.054380664652567974
0 0.8534743202416919 0.3651812688821752 0.03323262839879154 0.04909365558912387
0 0.8780211480362538 0.3568731117824773 0.033987915407854986 0.05211480362537765
0 0.8878398791540786 0.34516616314199394 0.0324773413897281 0.054380664652567974
1 0.9044561933534743 0.34705438066465255 0.030966767371601207 0.04758308157099698
0 0.9093655589123867 0.3300604229607251 0.0256797583081571 0.0513595166163142
0 0.9274924471299094 0.32968277945619334 0.03323262839879154 0.05966767371601209
0 0.9376888217522659 0.31722054380664655 0.030966767371601207 0.04682779456193353
0 0.9641238670694864 0.31344410876132933 0.027945619335347432 0.061933534743202415
0 0.9762084592145015 0.30400302114803623 0.027945619335347432 0.05513595166163142
0 0.9841389728096677 0.290785498489426 0.02416918429003021 0.04984894259818731
