1 0.7788844621513944 0.01652892561983471 0.05976095617529881 0.03581267217630854
0 0.2539840637450199 0.20385674931129477 0.08167330677290836 0.10192837465564739
0 0.16633466135458166 0.22865013774104684 0.07768924302788845 0.07162534435261708
0 0.09362549800796813 0.25619834710743805 0.05976095617529881 0.08264462809917356
0 0.044820717131474105 0.2734159779614325 0.049800796812749 0.0674931129476584
0 0.03286852589641434 0.6666666666666667 0.06573705179282868 0.09090909090909091
1 0.10657370517928287 0.6198347107438017 0.07768924302788845 0.09917355371900827
1 0.35756972111553786 0.5495867768595042 0.1294820717131474 0.06336088154269973
0 0.1852589641434263 0.6081267217630855 0.0796812749003984 0.08677685950413223
0 0.26095617529880477 0.587465564738292 0.07569721115537849 0.07851239669421488
0 0.47609561752988044 0.5075757575757576 0.08764940239043825 0.08677685950413223
0 0.546812749003984 0.4696969696969697 0.07768924302788845 0.08264462809917356
0 0.5896414342629482 0.44490358126721763 0.0796812749003984 0.09090909090909091
0 0.6264940239043825 0.4331955922865014 0.08565737051792828 0.07575757575757576
0 0.6852589641434262 0.4221763085399449 0.08366533864541832 0.07024793388429752
0 0.7400398406374502 0.39118457300275483 0.07768924302788845 0.08264462809917356
0 0.8027888446215139 0.3808539944903581 0.06772908366533864 0.08677685950413223
0 0.8645418326693227 0.3402203856749311 0.06772908366533864 0.0881542699724518
0 0.9043824701195219 0.3181818181818182 0.055776892430278883 0.09090909090909091
1 0.9601593625498008 0.3223140495867769 0.04780876494023904 0.07713498622589532
1 0.9651394422310757 0.2809917355371901 0.061752988047808766 0.046831955922865015
