1 0.5962990936555891 0.01746166950596252 0.05060422960725076 0.03492333901192504
0 0.6095166163141994 0.0379045996592845 0.052870090634441085 0.04514480408858603
0 0.6265105740181269 0.07155025553662692 0.06268882175226587 0.04258943781942078
0 0.49697885196374625 0.022146507666098807 0.07099697885196375 0.034071550255536626
0 0.5060422960725075 0.03534923339011925 0.06646525679758308 0.04003407155025554
0 0.5117069486404834 0.0600511073253833 0.04607250755287009 0.04514480408858603
0 0.5158610271903323 0.075809199318569 0.04984894259818731 0.05110732538330494
0 0.5279456193353474 0.09667802385008518 0.04833836858006042 0.051959114139693355
0 0.5422960725075529 0.11712095400340716 0.055891238670694864 0.05366269165247019
0 0.5540030211480362 0.13458262350936967 0.06268882175226587 0.04599659284497445
0 0.5506042296072508 0.1575809199318569 0.061933534743202415 0.040885860306643956
0 0.5608006042296072 0.17333901192504259 0.0581570996978852 0.04514480408858603
0 0.5728851963746223 0.184412265758092 0.06268882175226587 0.036626916524701875
0 0.5698640483383686 0.1997444633730835 0.05211480362537765 0.04003407155025554
0 0.581570996978852 0.21124361158432708 0.04984894259818731 0.04258943781942078
0 0.6442598187311178 0.09327086882453152 0.061933534743202415 0.05536626916524702
0 0.6487915407854985 0.1409710391822828 0.0649546827794562 0.058773424190800685
0 0.6623867069486404 0.16056218057921637 0.0634441087613293 0.04514480408858603
0 0.6680513595166163 0.18356047700170358 0.06419939577039276 0.04514480408858603
0 0.6193353474320241 0.2785349233390119 0.0649546827794562 0.04770017035775128
1 0.6283987915407855 0.3002555366269165 0.061933534743202415 0.06388415672913117
0 0.6850453172205438 0.21635434412265758 0.0649546827794562 0.054514480408858604
0 0.7012839879154078 0.23083475298126066 0.05664652567975831 0.044293015332197615
0 0.7069486404833837 0.25340715502555367 0.06646525679758308 0.03833049403747871
0 0.7073262839879154 0.26873935264054516 0.07175226586102719 0.03833049403747871
0 0.7231873111782477 0.29642248722316866 0.06117824773413897 0.04599659284497445
0 0.7330060422960725 0.3194207836456559 0.06268882175226587 0.039182282793867124
0 0.7390483383685801 0.3441226575809199 0.05966767371601209 0.03577512776831346
0 0.7477341389728097 0.37265758091993184 0.061933534743202415 0.036626916524701875
0 0.7590634441087614 0.39906303236797275 0.05891238670694864 0.04514480408858603
0 0.763595166163142 0.4135434412265758 0.05891238670694864 0.04003407155025554
0 0.7828549848942599 0.43568994889267465 0.06117824773413897 0.04003407155025554
0 0.7915407854984894 0.4565587734241908 0.061933534743202415 0.039182282793867124
0 0.8040030211480362 0.4893526405451448 0.06268882175226587 0.04514480408858603
0 0.8092900302114804 0.5114991482112436 0.06419939577039276 0.03833049403747871
0 0.8266616314199395 0.545144804088586 0.05966767371601209 0.039182282793867124
0 0.845166163141994 0.5821976149914821 0.06797583081570997 0.03833049403747871
1 0.870845921450151 0.643526405451448 0.0634441087613293 0.03321976149914821
0 0.8761329305135952 0.6648211243611585 0.060422960725075525 0.0434412265758092
0 0.9010574018126888 0.7040034071550255 0.06948640483383686 0.04003407155025554
0 0.9093655589123867 0.7385008517887564 0.06646525679758308 0.03577512776831346
1 0.9271148036253777 0.8015332197614992 0.06419939577039276 0.040885860306643956
0 0.9331570996978852 0.8121805792163543 0.06570996978851963 0.03492333901192504
0 0.9573262839879154 0.883304940374787 0.06268882175226587 0.04258943781942078
0 0.9037009063444109 0.9493185689948893 0.06570996978851963 0.0434412265758092
0 0.8870845921450151 0.9237649063032368 0.05664652567975831 0.05706984667802385
0 0.8640483383685801 0.9050255536626917 0.05891238670694864 0.05025553662691652
0 0.8561178247734139 0.879045996592845 0.0581570996978852 0.06643952299829642
1 0.8436555891238671 0.8500851788756388 0.05740181268882175 0.04599659284497445
0 0.8379909365558912 0.8189948892674617 0.0581570996978852 0.04514480408858603
0 0.822129909365559 0.7913117546848382 0.07477341389728097 0.05792163543441227
0 0.8077794561933535 0.7495741056218058 0.05664652567975831 0.04770017035775128
1 0.8051359516616314 0.719335604770017 0.055891238670694864 0.058773424190800685
1 0.7862537764350453 0.7099659284497445 0.060422960725075525 0.0434412265758092
1 0.7900302114803626 0.6899488926746167 0.061933534743202415 0.056218057921635436
1 0.7851208459214502 0.6733390119250426 0.05060422960725076 0.06047700170357751
1 0.773036253776435 0.6452299829642248 0.04607250755287009 0.06047700170357751
0 0.7575528700906344 0.6154173764906303 0.055891238670694864 0.03492333901192504
0 0.7439577039274925 0.6039182282793867 0.061933534743202415 0.040885860306643956
0 0.7481117824773413 0.5792163543441227 0.0702416918429003 0.040885860306643956
0 0.7330060422960725 0.5668654173764907 0.06268882175226587 0.0434412265758092
0 0.7326283987915407 0.547274275979557 0.054380664652567974 0.041737649063032366
0 0.7250755287009063 0.522572402044293 0.05740181268882175 0.05025553662691652
0 0.7088368580060423 0.5055366269165247 0.06419939577039276 0.04514480408858603
0 0.7103474320241692 0.4825383304940375 0.0581570996978852 0.05025553662691652
0 0.699773413897281 0.4565587734241908 0.06419939577039276 0.04770017035775128
0 0.6737160120845922 0.4403747870528109 0.06646525679758308 0.04258943781942078
0 0.6397280966767371 0.3249574105621806 0.061933534743202415 0.036626916524701875
0 0.6472809667673716 0.37052810902896083 0.05891238670694864 0.034071550255536626
0 0.6442598187311178 0.3858603066439523 0.054380664652567974 0.03747870528109029
1 0.6676737160120846 0.39906303236797275 0.054380664652567974 0.058773424190800685
0 0.06797583081570997 0.02385008517887564 0.05740181268882175 0.03236797274275979
0 0.08496978851963746 0.042163543441226574 0.06117824773413897 0.031516183986371384
0 0.09101208459214502 0.054514480408858604 0.05362537764350453 0.030664395229982964
0 0.09818731117824774 0.07027257240204429 0.07099697885196375 0.036626916524701875
0 0.11329305135951662 0.09582623509369677 0.07099697885196375 0.031516183986371384
0 0.12311178247734139 0.11669505962521295 0.05891238670694864 0.03747870528109029
0 0.13481873111782477 0.13458262350936967 0.06570996978851963 0.04940374787052811
0 0.1469033232628399 0.16141396933560478 0.06570996978851963 0.03492333901192504
0 0.14954682779456194 0.17674616695059625 0.06948640483383686 0.03321976149914821
0 0.15898791540785498 0.19335604770017037 0.06570996978851963 0.040885860306643956
0 0.16314199395770393 0.21848381601362862 0.06948640483383686 0.03321976149914821
0 0.1710725075528701 0.23637137989778534 0.07175226586102719 0.03492333901192504
0 0.028700906344410877 0.11882453151618398 0.055891238670694864 0.031516183986371384
0 0.0324773413897281 0.151618398637138 0.054380664652567974 0.040885860306643956
0 0.03172205438066465 0.17035775127768313 0.061933534743202415 0.03236797274275979
0 0.045317220543806644 0.19080068143100512 0.05891238670694864 0.03577512776831346
1 0.05324773413897281 0.22061328790459966 0.05966767371601209 0.04940374787052811
0 0.06722054380664652 0.23850085178875638 0.0634441087613293 0.040885860306643956
1 0.07250755287009064 0.2653321976149915 0.0634441087613293 0.046848381601362864
0 0.08006042296072508 0.28960817717206133 0.0634441087613293 0.044293015332197615
0 0.09365558912386707 0.3113287904599659 0.0649546827794562 0.046848381601362864
0 0.09705438066465256 0.3313458262350937 0.06873111782477341 0.040885860306643956
0 0.2107250755287009 0.31899488926746167 0.06646525679758308 0.04514480408858603
0 0.11555891238670694 0.3513628620102215 0.054380664652567974 0.04514480408858603
0 0.12613293051359517 0.356473594548552 0.05740181268882175 0.0434412265758092
0 0.12462235649546828 0.3820272572402044 0.06948640483383686 0.03492333901192504
0 0.21978851963746224 0.348381601362862 0.0649546827794562 0.039182282793867124
0 0.138595166163142 0.4028960817717206 0.06268882175226587 0.040885860306643956
0 0.22734138972809667 0.37223168654173766 0.0649546827794562 0.04258943781942078
0 0.13935045317220543 0.4280238500851789 0.0702416918429003 0.03492333901192504
0 0.15521148036253776 0.44846678023850084 0.06419939577039276 0.041737649063032366
0 0.15898791540785498 0.47487223168654175 0.06570996978851963 0.031516183986371384
0 0.22734138972809667 0.3956558773424191 0.061933534743202415 0.036626916524701875
1 0.24206948640483383 0.4071550255536627 0.04909365558912387 0.05792163543441227
0 0.16314199395770393 0.5149063032367973 0.052870090634441085 0.048551959114139696
0 0.19108761329305135 0.5259795570698467 0.0649546827794562 0.03492333901192504
0 0.1971299093655589 0.5506814310051107 0.06797583081570997 0.04003407155025554
0 0.20770392749244712 0.5804940374787053 0.054380664652567974 0.041737649063032366
0 0.2156344410876133 0.6124361158432708 0.07175226586102719 0.03747870528109029
0 0.23149546827794562 0.6524701873935265 0.06570996978851963 0.039182282793867124
0 0.2515105740181269 0.6959114139693356 0.05891238670694864 0.04258943781942078
0 0.26963746223564955 0.7078364565587735 0.05891238670694864 0.03236797274275979
0 0.2620845921450151 0.7346678023850085 0.05891238670694864 0.04003407155025554
0 0.25793051359516617 0.43270868824531517 0.06117824773413897 0.03577512776831346
0 0.2564199395770393 0.4565587734241908 0.06419939577039276 0.03236797274275979
0 0.27794561933534745 0.4701873935264055 0.060422960725075525 0.030664395229982964
1 0.2707703927492447 0.49020442930153324 0.06722054380664652 0.024701873935264056
0 0.2737915407854985 0.5097955706984668 0.0702416918429003 0.036626916524701875
0 0.2979607250755287 0.5370528109028961 0.06268882175226587 0.03492333901192504
0 0.311178247734139 0.5481260647359455 0.054380664652567974 0.026405451448040886
0 0.3028700906344411 0.57793867120954 0.0755287009063444 0.04003407155025554
0 0.3149546827794562 0.5958262350936968 0.061933534743202415 0.031516183986371384
0 0.3338368580060423 0.6175468483816013 0.0649546827794562 0.05110732538330494
0 0.3580060422960725 0.6328790459965928 0.06948640483383686 0.034071550255536626
0 0.34705438066465255 0.6528960817717206 0.06268882175226587 0.026405451448040886
0 0.3557401812688822 0.6797274275979557 0.06948640483383686 0.03577512776831346
0 0.3568731117824773 0.6976149914821125 0.06722054380664652 0.028960817717206135
0 0.3621601208459215 0.7244463373083475 0.06268882175226587 0.048551959114139696
1 0.4369335347432024 0.9195059625212947 0.06873111782477341 0.04003407155025554
0 0.45392749244712993 0.9429301533219762 0.0649546827794562 0.044293015332197615
1 0.4554380664652568 0.9684838160136287 0.06797583081570997 0.03747870528109029
