1 0.11653386454183266 0.3454003407155026 0.08167330677290836 0.06729131175468483
1 0.17231075697211154 0.3419931856899489 0.07370517928286853 0.06388415672913117
1 0.030876494023904383 0.36541737649063033 0.05776892430278884 0.06303236797274277
1 0.07768924302788845 0.3530664395229983 0.07569721115537849 0.06047700170357751
0 0.22709163346613545 0.33603066439523 0.08764940239043825 0.062180579216354344
0 0.26593625498007967 0.3206984667802385 0.08964143426294821 0.05706984667802385
0 0.3107569721115538 0.32112436115843274 0.0796812749003984 0.05792163543441227
1 0.3655378486055777 0.3096252129471891 0.08167330677290836 0.05536626916524702
1 0.43326693227091634 0.29982964224872233 0.07370517928286853 0.06473594548551959
0 0.5189243027888446 0.29131175468483816 0.09362549800796813 0.07325383304940375
0 0.5617529880478087 0.2836456558773424 0.07569721115537849 0.05792163543441227
0 0.6314741035856574 0.2712947189097104 0.09163346613545817 0.06047700170357751
0 0.697211155378486 0.2670357751277683 0.10756972111553785 0.0706984667802385
0 0.8187250996015936 0.23850085178875638 0.08366533864541832 0.06132879045996593
0 0.07768924302788845 0.5630323679727428 0.07569721115537849 0.056218057921635436
0 0.04083665338645418 0.5728279386712095 0.061752988047808766 0.05025553662691652
1 0.24900398406374502 0.5344974446337308 0.0796812749003984 0.05366269165247019
1 0.30876494023904383 0.532793867120954 0.0796812749003984 0.048551959114139696
1 0.3565737051792829 0.518313458262351 0.0796812749003984 0.06047700170357751
0 0.41035856573705176 0.5153321976149915 0.07569721115537849 0.05281090289608177
0 0.14641434262948208 0.557495741056218 0.0697211155378486 0.04514480408858603
0 0.4581673306772908 0.5042589437819421 0.06374501992031872 0.05110732538330494
1 0.5099601593625498 0.4987223168654174 0.08366533864541832 0.05706984667802385
0 0.547808764940239 0.49318568994889267 0.05976095617529881 0.04940374787052811
0 0.5926294820717132 0.4927597955706985 0.0697211155378486 0.048551959114139696
0 0.6344621513944223 0.4855195911413969 0.06573705179282868 0.04258943781942078
0 0.7290836653386454 0.454855195911414 0.08366533864541832 0.054514480408858604
0 0.7938247011952191 0.446763202725724 0.0697211155378486 0.05536626916524702
0 0.8884462151394422 0.43696763202725725 0.10358565737051792 0.04940374787052811
1 0.9571713147410359 0.41950596252129474 0.07768924302788845 0.06388415672913117
