0 0.27152567975830816 0.5549403747870528 0.0445619335347432 0.048551959114139696
0 0.283987915407855 0.5966780238500852 0.07250755287009064 0.05025553662691652
0 0.29003021148036257 0.6328790459965928 0.06948640483383686 0.04599659284497445
0 0.3081570996978852 0.7504258943781942 0.045317220543806644 0.06643952299829642
0 0.33081570996978854 0.7606473594548552 0.03474320241691843 0.07666098807495741
0 0.3440332326283988 0.7883304940374787 0.03851963746223565 0.07240204429301533
0 0.3595166163141994 0.82793867120954 0.03474320241691843 0.06984667802385008
0 0.3821752265861027 0.8517887563884157 0.0256797583081571 0.06473594548551959
0 0.4123867069486405 0.8624361158432708 0.03323262839879154 0.058773424190800685
0 0.6854229607250756 0.979557069846678 0.027945619335347432 0.03747870528109029
0 0.6646525679758308 0.9791311754684838 0.015105740181268881 0.03492333901192504
1 0.3712235649546828 0.24701873935264054 0.05060422960725076 0.03747870528109029
1 0.37802114803625375 0.27938671209540034 0.04909365558912387 0.039182282793867124
0 0.9758308157099698 0.7287052810902896 0.030211480362537763 0.051959114139693355
0 0.3919939577039275 0.30579216354344124 0.061933534743202415 0.034071550255536626
0 0.408987915407855 0.33049403747870526 0.05060422960725076 0.02385008517887564
1 0.41351963746223563 0.34880749574105624 0.06268882175226587 0.019591141396933562
1 0.4161631419939577 0.358603066439523 0.054380664652567974 0.030664395229982964
1 0.422583081570997 0.3862862010221465 0.05664652567975831 0.026405451448040886
0 0.4331570996978852 0.41141396933560476 0.06722054380664652 0.020442930153321978
0 0.43466767371601206 0.42546848381601365 0.07175226586102719 0.03492333901192504
0 0.4561933534743202 0.44846678023850084 0.060422960725075525 0.031516183986371384
0 0.472809667673716 0.4718909710391823 0.0513595166163142 0.034071550255536626
0 0.4814954682779456 0.49829642248722317 0.04909365558912387 0.03577512776831346
0 0.49886706948640486 0.518313458262351 0.05664652567975831 0.03492333901192504
0 0.5083081570996979 0.5459965928449745 0.0256797583081571 0.06303236797274277
0 0.525679758308157 0.5566439522998297 0.0256797583081571 0.06729131175468483
0 0.5422960725075529 0.5741056218057922 0.03323262839879154 0.054514480408858604
0 0.5638217522658611 0.5979557069846678 0.03851963746223565 0.04599659284497445
1 0.5789274924471299 0.6243611584327087 0.04305135951661632 0.056218057921635436
0 0.6076283987915407 0.65587734241908 0.04909365558912387 0.040885860306643956
0 0.6189577039274925 0.6686541737649063 0.02945619335347432 0.06643952299829642
0 0.6355740181268882 0.6788756388415673 0.02945619335347432 0.059625212947189095
1 0.6465256797583081 0.6899488926746167 0.027190332326283987 0.056218057921635436
0 0.6616314199395771 0.7044293015332198 0.03323262839879154 0.059625212947189095
1 0.6733383685800605 0.7155025553662692 0.02190332326283988 0.07155025553662692
0 0.679380664652568 0.7431856899488927 0.027945619335347432 0.05706984667802385
0 0.7009063444108762 0.7367972742759795 0.030211480362537763 0.07155025553662692
1 0.716012084592145 0.7474446337308348 0.03172205438066465 0.058773424190800685
1 0.747356495468278 0.7793867120954003 0.024924471299093656 0.06984667802385008
1 0.773036253776435 0.7955706984667803 0.02190332326283988 0.07666098807495741
0 0.7926737160120846 0.8147359454855196 0.026435045317220542 0.058773424190800685
1 0.8130664652567976 0.801107325383305 0.0324773413897281 0.06388415672913117
0 0.8746223564954683 0.8296422487223168 0.045317220543806644 0.03577512776831346
0 0.8406344410876133 0.8168654173764907 0.03625377643504532 0.04599659284497445
1 0.8610271903323263 0.778534923339012 0.027190332326283987 0.054514480408858604
0 0.8814199395770392 0.7649063032367973 0.027190332326283987 0.06473594548551959
0 0.9003021148036254 0.764480408858603 0.02416918429003021 0.05536626916524702
1 0.9176737160120846 0.7585178875638842 0.0377643504531722 0.06388415672913117
1 0.9652567975830816 0.7534071550255537 0.03323262839879154 0.05706984667802385
0 0.9463746223564955 0.7632027257240205 0.02416918429003021 0.07836456558773425
