0 0.5555135951661632 0.2989778534923339 0.05211480362537765 0.06303236797274277
1 0.5974320241691843 0.2815161839863714 0.03625377643504532 0.07240204429301533
0 0.6193353474320241 0.2670357751277683 0.03625377643504532 0.062180579216354344
0 0.6688066465256798 0.2559625212947189 0.06419939577039276 0.058773424190800685
0 0.695619335347432 0.22913117546848383 0.06646525679758308 0.059625212947189095
1 0.7277190332326284 0.2074105621805792 0.05966767371601209 0.058773424190800685
0 0.7688821752265861 0.2120954003407155 0.052870090634441085 0.06643952299829642
0 0.8074018126888217 0.20570698466780238 0.04833836858006042 0.05706984667802385
1 0.8323262839879154 0.18568994889267462 0.04229607250755287 0.06473594548551959
0 0.8674471299093656 0.16780238500851788 0.04607250755287009 0.06303236797274277
0 0.9256042296072508 0.14352640545144804 0.04607250755287009 0.06388415672913117
1 0.9531722054380665 0.12734241908006813 0.03625377643504532 0.07751277683134583
1 0.9712990936555891 0.11286201022146508 0.04984894259818731 0.062180579216354344
