0 0.4535498489425982 0.014906303236797274 0.05060422960725076 0.024701873935264056
1 0.4947129909365559 0.11797274275979558 0.05891238670694864 0.029812606473594547
0 0.4773413897280967 0.07410562180579217 0.052870090634441085 0.03236797274275979
0 0.479607250755287 0.08943781942078365 0.05740181268882175 0.030664395229982964
0 0.6476586102719033 0.08475298126064736 0.05211480362537765 0.0434412265758092
0 0.55702416918429 0.29557069846678025 0.06117824773413897 0.034071550255536626
0 0.6503021148036254 0.2942930153321976 0.060422960725075525 0.03833049403747871
0 0.6457703927492447 0.3202725724020443 0.0513595166163142 0.03236797274275979
0 0.6635196374622356 0.33432708688245316 0.05362537764350453 0.031516183986371384
0 0.5626888217522659 0.32325383304940375 0.06646525679758308 0.029812606473594547
0 0.5660876132930514 0.338160136286201 0.06570996978851963 0.028960817717206135
0 0.5672205438066465 0.35604770017035775 0.060422960725075525 0.027257240204429302
0 0.5558912386706949 0.3769165247018739 0.05740181268882175 0.036626916524701875
0 0.5819486404833837 0.4007666098807496 0.0581570996978852 0.046848381601362864
0 0.6744712990936556 0.37947189097103917 0.055891238670694864 0.041737649063032366
0 0.6948640483383686 0.42078364565587734 0.05740181268882175 0.03577512776831346
0 0.6959969788519638 0.45017035775127767 0.05966767371601209 0.036626916524701875
0 0.5962990936555891 0.4629471890971039 0.05060422960725076 0.05025553662691652
1 0.6148036253776435 0.487649063032368 0.0649546827794562 0.024701873935264056
1 0.6302870090634441 0.5264054514480409 0.06722054380664652 0.02555366269165247
0 0.6340634441087614 0.5038330494037478 0.05664652567975831 0.031516183986371384
0 0.7020392749244713 0.4727427597955707 0.05966767371601209 0.028960817717206135
0 0.7133685800604229 0.497870528109029 0.05664652567975831 0.03321976149914821
0 0.7356495468277946 0.5195911413969335 0.05891238670694864 0.03236797274275979
0 0.7375377643504532 0.5566439522998297 0.06722054380664652 0.029812606473594547
0 0.7413141993957704 0.5787904599659285 0.0581570996978852 0.03492333901192504
0 0.6378398791540786 0.5549403747870528 0.07628398791540786 0.028109028960817718
0 0.6503021148036254 0.588160136286201 0.06646525679758308 0.03321976149914821
1 0.6563444108761329 0.600511073253833 0.05891238670694864 0.04940374787052811
1 0.6604984894259819 0.6154173764906303 0.05211480362537765 0.0434412265758092
0 0.6669184290030211 0.6196763202725724 0.060422960725075525 0.03833049403747871
0 0.7447129909365559 0.6247870528109029 0.052870090634441085 0.048551959114139696
0 0.6691842900302115 0.6452299829642248 0.05740181268882175 0.04003407155025554
0 0.6737160120845922 0.6665247018739353 0.06646525679758308 0.036626916524701875
0 0.6850453172205438 0.7001703577512777 0.06646525679758308 0.03747870528109029
0 0.7620845921450151 0.6431005110732538 0.05891238670694864 0.039182282793867124
0 0.7613293051359517 0.6686541737649063 0.05740181268882175 0.03577512776831346
0 0.7734138972809668 0.6729131175468483 0.0634441087613293 0.04599659284497445
0 0.7873867069486404 0.6971890971039182 0.0581570996978852 0.04003407155025554
0 0.7919184290030211 0.725298126064736 0.0581570996978852 0.036626916524701875
0 0.8009818731117825 0.7491482112436116 0.05966767371601209 0.04003407155025554
1 0.8081570996978852 0.7789608177172062 0.0634441087613293 0.046848381601362864
0 0.8160876132930514 0.8040885860306644 0.06570996978851963 0.027257240204429302
1 0.8240181268882175 0.8296422487223168 0.055891238670694864 0.039182282793867124
0 0.8285498489425982 0.8534923339011925 0.061933534743202415 0.04258943781942078
0 0.8417673716012085 0.873083475298126 0.05060422960725076 0.04258943781942078
1 0.8440332326283988 0.9067291311754685 0.05513595166163142 0.03833049403747871
0 0.8508308157099698 0.9212095400340715 0.06268882175226587 0.03321976149914821
0 0.8459214501510574 0.9369676320272573 0.060422960725075525 0.03577512776831346
0 0.8591389728096677 0.9616695059625213 0.06268882175226587 0.03577512776831346
0 0.716012084592145 0.793015332197615 0.0649546827794562 0.03747870528109029
0 0.7212990936555891 0.8160136286201022 0.061933534743202415 0.03236797274275979
0 0.722809667673716 0.8356047700170358 0.055891238670694864 0.04258943781942078
0 0.7341389728096677 0.8598807495741057 0.06646525679758308 0.036626916524701875
0 0.7356495468277946 0.8777683134582623 0.0649546827794562 0.029812606473594547
0 0.7401812688821753 0.8986371379897785 0.06948640483383686 0.030664395229982964
0 0.7352719033232629 0.9190800681431005 0.05513595166163142 0.03577512776831346
0 0.7624622356495468 0.9514480408858603 0.06268882175226587 0.022146507666098807
0 0.7741691842900302 0.9778534923339012 0.060422960725075525 0.028960817717206135
1 0.07439577039274925 0.13373083475298125 0.06873111782477341 0.030664395229982964
0 0.08006042296072508 0.1622657580919932 0.060422960725075525 0.03492333901192504
0 0.10385196374622356 0.18696763202725725 0.06117824773413897 0.031516183986371384
1 0.10838368580060423 0.2223168654173765 0.06419939577039276 0.034071550255536626
1 0.11216012084592145 0.25894378194207834 0.06117824773413897 0.05110732538330494
1 0.1268882175226586 0.2747018739352641 0.0649546827794562 0.036626916524701875
1 0.12575528700906344 0.29003407155025557 0.05664652567975831 0.04514480408858603
0 0.131797583081571 0.3091993185689949 0.06268882175226587 0.04258943781942078
1 0.1351963746223565 0.3368824531516184 0.05740181268882175 0.051959114139693355
0 0.15256797583081572 0.36201022146507666 0.0634441087613293 0.03747870528109029
0 0.16767371601208458 0.3756388415672913 0.06646525679758308 0.034071550255536626
0 0.1555891238670695 0.399488926746167 0.055891238670694864 0.030664395229982964
0 0.1710725075528701 0.4067291311754685 0.0581570996978852 0.03833049403747871
0 0.17220543806646527 0.4293015332197615 0.0634441087613293 0.030664395229982964
0 0.1797583081570997 0.4561328790459966 0.0755287009063444 0.046848381601362864
0 0.19448640483383686 0.4765758091993186 0.06419939577039276 0.031516183986371384
0 0.18995468277945618 0.49233390119250425 0.0581570996978852 0.034071550255536626
0 0.20468277945619334 0.5025553662691653 0.055891238670694864 0.03577512776831346
0 0.20052870090634442 0.5208688245315162 0.05966767371601209 0.03321976149914821
0 0.22469788519637462 0.543015332197615 0.07175226586102719 0.026405451448040886
1 0.22696374622356497 0.5728279386712095 0.05966767371601209 0.04003407155025554
1 0.2262084592145015 0.5928449744463373 0.06570996978851963 0.04258943781942078
0 0.24584592145015105 0.6026405451448041 0.05966767371601209 0.031516183986371384
0 0.24848942598187312 0.618824531516184 0.05891238670694864 0.03833049403747871
1 0.2450906344410876 0.6409710391822828 0.06268882175226587 0.04514480408858603
0 0.24735649546827795 0.6622657580919932 0.0702416918429003 0.028109028960817718
1 0.256797583081571 0.6839863713798978 0.0513595166163142 0.04770017035775128
0 0.26623867069486407 0.7125212947189097 0.06268882175226587 0.029812606473594547
0 0.030211480362537763 0.305366269165247 0.054380664652567974 0.031516183986371384
0 0.05211480362537765 0.38841567291311757 0.0634441087613293 0.03577512776831346
0 0.06835347432024169 0.41950596252129474 0.06419939577039276 0.031516183986371384
0 0.08421450151057402 0.4608177172061329 0.05966767371601209 0.02555366269165247
0 0.0857250755287009 0.48637137989778534 0.06722054380664652 0.03747870528109029
0 0.09252265861027191 0.5191652470187393 0.06419939577039276 0.03492333901192504
0 0.09969788519637462 0.5417376490630323 0.061933534743202415 0.03236797274275979
0 0.11782477341389729 0.5698466780238501 0.05891238670694864 0.03747870528109029
0 0.12651057401812688 0.583901192504259 0.06117824773413897 0.031516183986371384
0 0.1355740181268882 0.6051959114139693 0.06117824773413897 0.028109028960817718
0 0.14123867069486404 0.637137989778535 0.05891238670694864 0.039182282793867124
0 0.1423716012084592 0.6673764906303237 0.0702416918429003 0.026405451448040886
0 0.15143504531722055 0.6895229982964225 0.06722054380664652 0.024701873935264056
1 0.14765861027190333 0.7197614991482113 0.06117824773413897 0.040885860306643956
0 0.1661631419939577 0.7299829642248722 0.0634441087613293 0.03577512776831346
0 0.17069486404833836 0.7610732538330495 0.05891238670694864 0.03492333901192504
0 0.18315709969788518 0.7721465076660988 0.06268882175226587 0.028109028960817718
0 0.18240181268882175 0.7921635434412266 0.0581570996978852 0.027257240204429302
0 0.19486404833836857 0.8194207836456558 0.061933534743202415 0.039182282793867124
0 0.19826283987915408 0.848381601362862 0.06117824773413897 0.03747870528109029
0 0.2194108761329305 0.8560477001703578 0.06117824773413897 0.039182282793867124
0 0.2122356495468278 0.891396933560477 0.060422960725075525 0.0434412265758092
0 0.030966767371601207 0.040885860306643956 0.052870090634441085 0.03577512776831346
0 0.0445619335347432 0.06601362862010221 0.052870090634441085 0.0434412265758092
0 0.061555891238670696 0.0868824531516184 0.05664652567975831 0.03236797274275979
0 0.07212990936555891 0.10434412265758092 0.04909365558912387 0.04514480408858603
0 0.21374622356495468 0.926320272572402 0.05891238670694864 0.048551959114139696
0 0.22243202416918428 0.9557069846678024 0.05966767371601209 0.034071550255536626
0 0.2949395770392749 0.7955706984667803 0.0581570996978852 0.030664395229982964
0 0.30966767371601206 0.8087734241908007 0.054380664652567974 0.036626916524701875
0 0.3074018126888218 0.825809199318569 0.05740181268882175 0.03492333901192504
0 0.31344410876132933 0.840289608177172 0.060422960725075525 0.03492333901192504
0 0.31948640483383683 0.8560477001703578 0.05740181268882175 0.03236797274275979
0 0.31533232628398794 0.8807495741056218 0.0581570996978852 0.027257240204429302
0 0.3266616314199396 0.9033219761499148 0.06419939577039276 0.051959114139693355
0 0.3429003021148036 0.9207836456558773 0.052870090634441085 0.03747870528109029
0 0.35158610271903323 0.948892674616695 0.04909365558912387 0.04599659284497445
0 0.35347432024169184 0.9706132879045997 0.055891238670694864 0.04514480408858603
1 0.2398036253776435 0.9714650766609881 0.06570996978851963 0.048551959114139696
