3 0.5645770392749244 0.49242424242424243 0.14425981873111782 0.34573002754820936
3 0.40294561933534745 0.5853994490358126 0.1336858006042296 0.33884297520661155
3 0.3021148036253776 0.15013774104683197 0.1268882175226586 0.2892561983471075
0 0.14312688821752265 0.06267217630853994 0.0702416918429003 0.06473829201101929
0 0.15445619335347432 0.12603305785123967 0.06570996978851963 0.05371900826446281
0 0.14765861027190333 0.18732782369146006 0.07477341389728097 0.06611570247933884
0 0.18693353474320243 0.23140495867768596 0.05513595166163142 0.11294765840220386
0 0.033987915407854986 0.5034435261707989 0.06646525679758308 0.045454545454545456
0 0.037386706948640484 0.5261707988980716 0.0581570996978852 0.03856749311294766
0 0.060045317220543806 0.5626721763085399 0.06570996978851963 0.04269972451790634
0 0.05929003021148036 0.6074380165289256 0.06268882175226587 0.046831955922865015
0 0.07061933534743202 0.6515151515151515 0.07175226586102719 0.046831955922865015
0 0.09101208459214502 0.7004132231404959 0.07930513595166164 0.05096418732782369
0 0.09176737160120846 0.7431129476584022 0.06873111782477341 0.05371900826446281
0 0.1061178247734139 0.7816804407713499 0.06268882175226587 0.045454545454545456
0 0.09705438066465256 0.8119834710743802 0.07628398791540786 0.05096418732782369
0 0.12348942598187311 0.8491735537190083 0.06873111782477341 0.05096418732782369
0 0.12235649546827794 0.8836088154269973 0.06948640483383686 0.05647382920110193
0 0.13670694864048338 0.9207988980716254 0.0634441087613293 0.045454545454545456
0 0.1423716012084592 0.9579889807162535 0.06722054380664652 0.045454545454545456
0 0.7832326283987915 0.8939393939393939 0.04984894259818731 0.12672176308539945
2 0.665785498489426 0.8519283746556474 0.06117824773413897 0.10055096418732783
3 0.9463746223564955 0.2231404958677686 0.1042296072507553 0.325068870523416
