2 0.9535498489425982 0.32325383304940375 0.033987915407854986 0.04514480408858603
0 0.9867824773413897 0.46933560477001707 0.02190332326283988 0.018739352640545145
0 0.9667673716012084 0.5093696763202725 0.028700906344410877 0.05281090289608177
0 0.959214501510574 0.5400340715502555 0.028700906344410877 0.044293015332197615
0 0.926737160120846 0.5413117546848382 0.045317220543806644 0.05025553662691652
0 0.9746978851963746 0.629045996592845 0.0445619335347432 0.046848381601362864
0 0.9595921450151057 0.583901192504259 0.05060422960725076 0.03321976149914821
0 0.9569486404833837 0.5038330494037478 0.021148036253776436 0.0434412265758092
0 0.9161631419939577 0.5890119250425895 0.0513595166163142 0.048551959114139696
0 0.9123867069486404 0.6154173764906303 0.04833836858006042 0.04003407155025554
0 0.9101208459214502 0.643526405451448 0.04984894259818731 0.04003407155025554
0 0.8901057401812689 0.6588586030664395 0.04758308157099698 0.05536626916524702
0 0.872356495468278 0.540885860306644 0.03474320241691843 0.05110732538330494
0 0.8402567975830816 0.5357751277683135 0.035498489425981876 0.05792163543441227
0 0.8217522658610272 0.547274275979557 0.0256797583081571 0.06388415672913117
0 0.8013595166163142 0.557495741056218 0.03323262839879154 0.062180579216354344
0 0.7707703927492447 0.5706984667802385 0.030966767371601207 0.06132879045996593
0 0.7398036253776435 0.5834752981260647 0.035498489425981876 0.05110732538330494
0 0.672583081570997 0.6115843270868825 0.03851963746223565 0.05110732538330494
0 0.881797583081571 0.5958262350936968 0.035498489425981876 0.051959114139693355
0 0.8553625377643505 0.6090289608177172 0.035498489425981876 0.05281090289608177
0 0.8508308157099698 0.6307495741056218 0.03851963746223565 0.06047700170357751
0 0.8466767371601208 0.661839863713799 0.03927492447129909 0.040885860306643956
0 0.8191087613293051 0.6218057921635435 0.04607250755287009 0.04258943781942078
0 0.804380664652568 0.637137989778535 0.03927492447129909 0.040885860306643956
0 0.8062688821752266 0.6690800681431005 0.04154078549848943 0.03833049403747871
0 0.7632175226586103 0.6443781942078365 0.04305135951661632 0.05025553662691652
0 0.8104229607250756 0.7044293015332198 0.05740181268882175 0.04599659284497445
0 0.720166163141994 0.7031516183986372 0.0324773413897281 0.048551959114139696
0 0.7571752265861027 0.6912265758091993 0.04154078549848943 0.03833049403747871
0 0.7307401812688822 0.6784497444633731 0.0324773413897281 0.065587734241908
0 0.9890483383685801 0.5694207836456558 0.0188821752265861 0.058773424190800685
0 0.6703172205438066 0.6678023850085179 0.0445619335347432 0.05110732538330494
0 0.6861782477341389 0.7350936967632027 0.04305135951661632 0.04258943781942078
0 0.6812688821752266 0.7657580919931857 0.0513595166163142 0.03236797274275979
0 0.5400302114803626 0.8351788756388416 0.04984894259818731 0.05366269165247019
0 0.5596676737160121 0.8130323679727428 0.0513595166163142 0.04514480408858603
0 0.600453172205438 0.7955706984667803 0.045317220543806644 0.04770017035775128
0 0.6121601208459214 0.7789608177172062 0.05664652567975831 0.03833049403747871
0 0.6544561933534743 0.6771720613287905 0.05211480362537765 0.04599659284497445
0 0.6197129909365559 0.629045996592845 0.03851963746223565 0.048551959114139696
0 0.5879909365558912 0.623083475298126 0.0445619335347432 0.046848381601362864
0 0.570619335347432 0.639267461669506 0.03851963746223565 0.04514480408858603
0 0.5453172205438066 0.6541737649063033 0.04984894259818731 0.04940374787052811
0 0.5154833836858006 0.6682282793867121 0.03851963746223565 0.05536626916524702
0 0.6340634441087614 0.6827086882453152 0.04305135951661632 0.05025553662691652
0 0.6204682779456193 0.6980408858603067 0.05211480362537765 0.04003407155025554
0 0.6442598187311178 0.7572402044293015 0.03625377643504532 0.04770017035775128
0 0.6491691842900302 0.7257240204429302 0.035498489425981876 0.03747870528109029
0 0.6110271903323263 0.7372231686541738 0.03474320241691843 0.05366269165247019
0 0.5793051359516617 0.7167802385008518 0.04229607250755287 0.058773424190800685
0 0.5687311178247734 0.7304088586030665 0.03927492447129909 0.0434412265758092
0 0.5509818731117825 0.7346678023850085 0.04305135951661632 0.05536626916524702
0 0.5445619335347432 0.760221465076661 0.03323262839879154 0.04003407155025554
0 0.527190332326284 0.7691652470187393 0.03172205438066465 0.039182282793867124
0 0.5128398791540786 0.7810902896081772 0.03927492447129909 0.044293015332197615
0 0.4916918429003021 0.7870528109028961 0.03927492447129909 0.05110732538330494
0 0.4754531722054381 0.8143100511073254 0.02190332326283988 0.06814310051107325
0 0.4554380664652568 0.7934412265758092 0.03323262839879154 0.058773424190800685
0 0.4792296072507553 0.696763202725724 0.035498489425981876 0.06473594548551959
0 0.4395770392749245 0.8160136286201022 0.028700906344410877 0.06132879045996593
0 0.41654078549848944 0.8189948892674617 0.035498489425981876 0.05366269165247019
0 0.4003021148036254 0.8143100511073254 0.03625377643504532 0.05110732538330494
0 0.38746223564954685 0.8270868824531517 0.0256797583081571 0.05110732538330494
0 0.36895770392749244 0.8577512776831346 0.0324773413897281 0.06303236797274277
0 0.3466767371601208 0.8449744463373083 0.04078549848942598 0.054514480408858604
0 0.3504531722054381 0.873083475298126 0.04078549848942598 0.04770017035775128
0 0.32779456193353473 0.8816013628620102 0.03172205438066465 0.05110732538330494
0 0.2998489425981873 0.8530664395229983 0.030211480362537763 0.058773424190800685
0 0.2926737160120846 0.8649914821124361 0.027945619335347432 0.046848381601362864
0 0.2764350453172205 0.8781942078364565 0.028700906344410877 0.04599659284497445
1 0.4199395770392749 0.7074105621805792 0.028700906344410877 0.07751277683134583
1 0.45581570996978854 0.704855195911414 0.04003021148036254 0.06899488926746167
1 0.6042296072507553 0.5873083475298126 0.061933534743202415 0.041737649063032366
0 0.9894259818731118 0.7977001703577513 0.013595166163141994 0.06047700170357751
0 0.974320241691843 0.8002555366269165 0.021148036253776436 0.06388415672913117
0 0.9595921450151057 0.8049403747870528 0.02190332326283988 0.054514480408858604
1 0.9459969788519638 0.8066439522998297 0.027945619335347432 0.06814310051107325
0 0.9263595166163142 0.8198466780238501 0.02039274924471299 0.05536626916524702
0 0.9146525679758308 0.8100511073253833 0.019637462235649546 0.06132879045996593
0 0.8969033232628398 0.8513628620102215 0.023413897280966767 0.06047700170357751
1 0.8957703927492447 0.8194207836456558 0.028700906344410877 0.056218057921635436
0 0.875 0.8454003407155025 0.02039274924471299 0.062180579216354344
0 0.8527190332326284 0.8321976149914821 0.030211480362537763 0.06303236797274277
0 0.822129909365559 0.840289608177172 0.033987915407854986 0.05366269165247019
0 0.8243957703927492 0.8867120954003407 0.05513595166163142 0.03577512776831346
0 0.7862537764350453 0.9109880749574105 0.052870090634441085 0.0434412265758092
0 0.7881419939577039 0.8713798977853493 0.02190332326283988 0.04940374787052811
0 0.7450906344410876 0.8662691652470188 0.03700906344410876 0.04940374787052811
0 0.7632175226586103 0.8752129471890971 0.023413897280966767 0.0434412265758092
0 0.7416918429003021 0.9045996592844975 0.03474320241691843 0.056218057921635436
0 0.7318731117824774 0.9250425894378195 0.0377643504531722 0.04940374787052811
0 0.705060422960725 0.924190800681431 0.027945619335347432 0.059625212947189095
1 0.6771148036253777 0.9459114139693356 0.030966767371601207 0.06047700170357751
0 0.6510574018126888 0.944633730834753 0.0256797583081571 0.04770017035775128
1 0.6212235649546828 0.9646507666098808 0.0324773413897281 0.065587734241908
0 0.6008308157099698 0.9352640545144805 0.027945619335347432 0.04599659284497445
0 0.5777945619335347 0.9561328790459966 0.03172205438066465 0.03833049403747871
1 0.5925226586102719 0.9867972742759795 0.030966767371601207 0.02129471890971039
1 0.5388972809667674 0.9804088586030665 0.04305135951661632 0.03577512776831346
0 0.4780966767371601 0.9791311754684838 0.04380664652567976 0.03833049403747871
0 0.4180513595166163 0.9885008517887564 0.02945619335347432 0.019591141396933562
0 0.2571752265861027 0.889267461669506 0.024924471299093656 0.06643952299829642
0 0.24206948640483383 0.8867120954003407 0.02945619335347432 0.056218057921635436
0 0.2277190332326284 0.9080068143100511 0.04003021148036254 0.05110732538330494
0 0.19826283987915408 0.9033219761499148 0.033987915407854986 0.065587734241908
0 0.18391238670694865 0.9203577512776832 0.033987915407854986 0.06047700170357751
0 0.16691842900302115 0.9148211243611585 0.03172205438066465 0.06132879045996593
0 0.1299093655589124 0.9318568994889268 0.03172205438066465 0.05792163543441227
1 0.1593655589123867 0.924190800681431 0.028700906344410877 0.054514480408858604
1 0.11555891238670694 0.934412265758092 0.030211480362537763 0.054514480408858604
1 0.08950151057401813 0.9471890971039182 0.04758308157099698 0.05110732538330494
0 0.07288519637462236 0.9557069846678024 0.0445619335347432 0.044293015332197615
0 0.0804380664652568 0.9833901192504259 0.04003021148036254 0.028109028960817718
1 0.035498489425981876 0.9655025553662692 0.03172205438066465 0.06388415672913117
1 0.013595166163141994 0.9787052810902896 0.021148036253776436 0.039182282793867124
