0 0.15843270868824533 0.6993185689948893 0.059625212947189095 0.034071550255536626
0 0.1201022146507666 0.600511073253833 0.07325383304940375 0.04599659284497445
1 0.11073253833049404 0.5706984667802385 0.07325383304940375 0.05110732538330494
1 0.09667802385008518 0.5017035775127768 0.062180579216354344 0.044293015332197615
0 0.0975298126064736 0.46976149914821125 0.062180579216354344 0.03492333901192504
0 0.0919931856899489 0.44420783645655876 0.056218057921635436 0.03833049403747871
1 0.08262350936967632 0.43057921635434415 0.07155025553662692 0.041737649063032366
0 0.06814310051107325 0.3850085178875639 0.06303236797274277 0.040885860306643956
0 0.07197614991482112 0.4058773424190801 0.058773424190800685 0.03492333901192504
0 0.056218057921635436 0.3432708688245315 0.059625212947189095 0.044293015332197615
1 0.05323679727427598 0.3164395229982964 0.05706984667802385 0.04514480408858603
1 0.041737649063032366 0.26490630323679726 0.04940374787052811 0.04940374787052811
1 0.03364565587734242 0.23679727427597955 0.05536626916524702 0.028960817717206135
1 0.030238500851788756 0.2116695059625213 0.05536626916524702 0.0434412265758092
