3 0.6393504531722054 0.0649546827794562 0.20770392749244712 0.09516616314199396
3 0.6295317220543807 0.22545317220543806 0.19561933534743203 0.09592145015105741
3 0.6348187311178247 0.5509818731117825 0.17447129909365558 0.08534743202416918
3 0.6363293051359517 0.7129909365558912 0.20770392749244712 0.0891238670694864
2 0.45959214501510576 0.354607250755287 0.04758308157099698 0.04909365558912387
2 0.4097432024169184 0.43768882175226587 0.0324773413897281 0.0324773413897281
0 0.24358006042296074 0.10309667673716012 0.05966767371601209 0.035498489425981876
1 0.13330815709969787 0.2515105740181269 0.05060422960725076 0.05740181268882175
2 0.12311178247734139 0.2526435045317221 0.03323262839879154 0.033987915407854986
1 0.2515105740181269 0.6012084592145015 0.06646525679758308 0.03323262839879154
1 0.030211480362537763 0.06306646525679759 0.061933534743202415 0.05060422960725076
2 0.023413897280966767 0.05966767371601209 0.04078549848942598 0.03474320241691843
