0 0.010196374622356496 0.6825068870523416 0.015861027190332326 0.07851239669421488
0 0.028700906344410877 0.650137741046832 0.021148036253776436 0.10192837465564739
0 0.043429003021148035 0.6659779614325069 0.015861027190332326 0.08953168044077135
0 0.08723564954682779 0.6342975206611571 0.017371601208459216 0.08402203856749312
0 0.07439577039274925 0.637741046831956 0.0188821752265861 0.09917355371900827
0 0.06117824773413897 0.6473829201101928 0.021148036253776436 0.0881542699724518
0 0.10158610271903323 0.6349862258953168 0.0188821752265861 0.09917355371900827
0 0.11404833836858005 0.6528925619834711 0.021148036253776436 0.09917355371900827
0 0.13217522658610273 0.6308539944903582 0.022658610271903322 0.0743801652892562
0 0.14350453172205438 0.5984848484848485 0.022658610271903322 0.08402203856749312
0 0.1661631419939577 0.6033057851239669 0.027190332326283987 0.09917355371900827
0 0.1816465256797583 0.6046831955922866 0.026435045317220542 0.09641873278236915
0 0.20468277945619334 0.6012396694214877 0.01661631419939577 0.07024793388429752
0 0.19939577039274925 0.5681818181818182 0.019637462235649546 0.0674931129476584
0 0.22545317220543806 0.6074380165289256 0.030966767371601207 0.07713498622589532
0 0.2466012084592145 0.5599173553719008 0.05211480362537765 0.07024793388429752
0 0.2590634441087613 0.6136363636363636 0.04078549848942598 0.045454545454545456
1 0.28965256797583083 0.5668044077134986 0.030966767371601207 0.11432506887052342
0 0.327416918429003 0.5426997245179064 0.033987915407854986 0.08264462809917356
0 0.30966767371601206 0.5792011019283747 0.022658610271903322 0.08953168044077135
1 0.35347432024169184 0.5365013774104683 0.03172205438066465 0.10055096418732783
0 0.37424471299093653 0.5103305785123967 0.02945619335347432 0.09504132231404959
1 0.3942598187311178 0.5068870523415978 0.022658610271903322 0.1046831955922865
0 0.42031722054380666 0.49586776859504134 0.0324773413897281 0.09090909090909091
0 0.4142749244712991 0.5303030303030303 0.0324773413897281 0.0881542699724518
0 0.4395770392749245 0.48829201101928377 0.028700906344410877 0.08953168044077135
1 0.8772658610271903 0.2830578512396694 0.02945619335347432 0.10881542699724518
0 0.904833836858006 0.2679063360881543 0.04078549848942598 0.12534435261707988
1 0.9346676737160121 0.24724517906336088 0.0324773413897281 0.1115702479338843
0 0.9584592145015106 0.25206611570247933 0.02416918429003021 0.10743801652892562
0 0.9720543806646526 0.23415977961432508 0.022658610271903322 0.08264462809917356
0 0.8500755287009063 0.29201101928374656 0.02945619335347432 0.09366391184573003
1 0.8255287009063444 0.29476584022038566 0.03625377643504532 0.1046831955922865
0 0.8191087613293051 0.33264462809917356 0.04003021148036254 0.08677685950413223
1 0.7783232628398792 0.3271349862258953 0.02945619335347432 0.1115702479338843
0 0.7892749244712991 0.3023415977961433 0.028700906344410877 0.10881542699724518
0 0.7560422960725075 0.34366391184573003 0.030211480362537763 0.10055096418732783
1 0.7133685800604229 0.37396694214876036 0.04305135951661632 0.08677685950413223
0 0.726963746223565 0.3450413223140496 0.0324773413897281 0.09228650137741047
0 0.4641238670694864 0.4965564738292011 0.027945619335347432 0.10881542699724518
0 0.4746978851963746 0.49449035812672176 0.02190332326283988 0.07988980716253444
0 0.4935800604229607 0.47176308539944906 0.02039274924471299 0.10881542699724518
0 0.5162386706948641 0.4607438016528926 0.014350453172205438 0.1115702479338843
0 0.529833836858006 0.459366391184573 0.030966767371601207 0.07575757575757576
1 0.5513595166163142 0.45041322314049587 0.030211480362537763 0.09641873278236915
0 0.574773413897281 0.4283746556473829 0.02416918429003021 0.09090909090909091
0 0.6846676737160121 0.3553719008264463 0.026435045317220542 0.09366391184573003
0 0.6650302114803626 0.38705234159779617 0.02945619335347432 0.09366391184573003
0 0.6431268882175226 0.3987603305785124 0.030966767371601207 0.10606060606060606
1 0.6216012084592145 0.418732782369146 0.03323262839879154 0.09641873278236915
0 0.5936555891238671 0.412534435261708 0.0377643504531722 0.1115702479338843
