0 0.5827039274924471 0.8643250688705234 0.06268882175226587 0.048209366391184574
0 0.5698640483383686 0.8154269972451791 0.05211480362537765 0.06336088154269973
0 0.5540030211480362 0.772038567493113 0.05362537764350453 0.05371900826446281
0 0.5438066465256798 0.731404958677686 0.04984894259818731 0.05234159779614325
0 0.5396525679758308 0.681129476584022 0.06419939577039276 0.03443526170798898
1 0.5400302114803626 0.6391184573002755 0.060422960725075525 0.05785123966942149
1 0.48678247734138974 0.3691460055096419 0.06268882175226587 0.09641873278236915
0 0.5317220543806647 0.5888429752066116 0.060422960725075525 0.05096418732782369
0 0.5188821752265861 0.5461432506887053 0.0513595166163142 0.05647382920110193
0 0.513595166163142 0.5055096418732783 0.052870090634441085 0.05234159779614325
0 0.5124622356495468 0.4738292011019284 0.05060422960725076 0.0440771349862259
1 0.49886706948640486 0.41804407713498626 0.04154078549848943 0.07300275482093664
0 0.4656344410876133 0.3119834710743802 0.06117824773413897 0.045454545454545456
0 0.4709214501510574 0.2610192837465565 0.05664652567975831 0.0371900826446281
0 0.4580815709969788 0.2334710743801653 0.0581570996978852 0.0371900826446281
0 0.4509063444108761 0.18112947658402204 0.060422960725075525 0.03994490358126722
0 0.4369335347432024 0.13636363636363635 0.05362537764350453 0.04132231404958678
0 0.42673716012084595 0.06611570247933884 0.060422960725075525 0.05234159779614325
0 0.42220543806646527 0.030991735537190084 0.05891238670694864 0.045454545454545456
2 0.361404833836858 0.13429752066115702 0.0324773413897281 0.0674931129476584
2 0.3391238670694864 0.9490358126721763 0.054380664652567974 0.046831955922865015
2 0.33459214501510576 0.9146005509641874 0.04833836858006042 0.046831955922865015
1 0.3217522658610272 0.8601928374655647 0.054380664652567974 0.05371900826446281
0 0.3221299093655589 0.8202479338842975 0.033987915407854986 0.06473829201101929
1 0.3062688821752266 0.7878787878787878 0.0445619335347432 0.05234159779614325
0 0.22658610271903323 0.3140495867768595 0.03474320241691843 0.049586776859504134
0 0.22998489425981872 0.27203856749311295 0.04154078549848943 0.04269972451790634
0 0.1971299093655589 0.2679063360881543 0.060422960725075525 0.048209366391184574
0 0.19637462235649547 0.209366391184573 0.04078549848942598 0.07713498622589532
1 0.17862537764350453 0.18457300275482094 0.05966767371601209 0.05234159779614325
1 0.17673716012084592 0.14049586776859505 0.052870090634441085 0.05234159779614325
1 0.1778700906344411 0.09710743801652894 0.05362537764350453 0.0674931129476584
0 0.1623867069486405 0.06611570247933884 0.0649546827794562 0.09090909090909091
0 0.15332326283987915 0.0337465564738292 0.04380664652567976 0.05647382920110193
