3 0.5222809667673716 0.6491691842900302 0.18504531722054382 0.12311178247734139
0 0.3950151057401813 0.75 0.03323262839879154 0.03625377643504532
0 0.36027190332326287 0.7118580060422961 0.03172205438066465 0.030966767371601207
0 0.6941087613293051 0.6676737160120846 0.04833836858006042 0.0256797583081571
0 0.702416918429003 0.6914652567975831 0.054380664652567974 0.024924471299093656
0 0.8160876132930514 0.7027945619335347 0.04154078549848943 0.033987915407854986
0 0.8183534743202416 0.7197885196374623 0.0581570996978852 0.03323262839879154
0 0.7250755287009063 0.7141238670694864 0.05740181268882175 0.02190332326283988
0 0.7288519637462235 0.7401812688821753 0.054380664652567974 0.03323262839879154
0 0.7394259818731118 0.7647280966767371 0.061933534743202415 0.023413897280966767
0 0.8436555891238671 0.7398036253776435 0.06646525679758308 0.0324773413897281
0 0.8508308157099698 0.7741691842900302 0.08081570996978851 0.021148036253776436
0 0.8542296072507553 0.7926737160120846 0.05891238670694864 0.026435045317220542
0 0.875 0.8141993957703928 0.05966767371601209 0.04229607250755287
0 0.8848187311178247 0.8349697885196374 0.05211480362537765 0.04305135951661632
0 0.7507552870090635 0.7847432024169184 0.061933534743202415 0.030211480362537763
0 0.7681268882175226 0.8209969788519638 0.052870090634441085 0.03625377643504532
0 0.7817220543806647 0.8515861027190332 0.052870090634441085 0.035498489425981876
1 0.8160876132930514 0.9165407854984894 0.06722054380664652 0.035498489425981876
0 0.7922960725075529 0.875 0.061933534743202415 0.02945619335347432
1 0.841012084592145 0.9822507552870091 0.05362537764350453 0.026435045317220542
0 0.8338368580060423 0.9611027190332326 0.060422960725075525 0.026435045317220542
0 0.823262839879154 0.9418429003021148 0.061933534743202415 0.01812688821752266
0 0.9150302114803626 0.8795317220543807 0.04003021148036254 0.05513595166163142
0 0.952416918429003 0.966012084592145 0.05740181268882175 0.04078549848942598
0 0.9437311178247734 0.948262839879154 0.05362537764350453 0.026435045317220542
0 0.9350453172205438 0.9305135951661632 0.05891238670694864 0.03474320241691843
0 0.8957703927492447 0.8500755287009063 0.060422960725075525 0.027945619335347432
