0 0.13141993957703926 0.024924471299093656 0.06797583081570997 0.03625377643504532
0 0.15030211480362538 0.08799093655589124 0.07854984894259819 0.035498489425981876
0 0.18202416918429004 0.18013595166163143 0.08761329305135952 0.0324773413897281
1 0.16012084592145015 0.1216012084592145 0.0755287009063444 0.0256797583081571
1 0.1661631419939577 0.14425981873111782 0.08308157099697885 0.030211480362537763
1 0.19297583081570996 0.22696374622356497 0.07930513595166164 0.030966767371601207
0 0.20808157099697885 0.2726586102719033 0.07477341389728097 0.03323262839879154
0 0.22205438066465258 0.32250755287009064 0.07099697885196375 0.03927492447129909
0 0.2280966767371601 0.37537764350453173 0.09516616314199396 0.04078549848942598
0 0.25037764350453173 0.4350453172205438 0.07779456193353475 0.0256797583081571
1 0.2617069486404834 0.47658610271903323 0.09138972809667674 0.04078549848942598
1 0.28058912386706947 0.5313444108761329 0.09138972809667674 0.05060422960725076
0 0.2719033232628399 0.5033987915407855 0.08308157099697885 0.03700906344410876
0 0.290785498489426 0.5641993957703928 0.09516616314199396 0.04682779456193353
1 0.32137462235649544 0.6268882175226587 0.08081570996978851 0.04833836858006042
1 0.33987915407854985 0.7288519637462235 0.08157099697885196 0.045317220543806644
1 0.3557401812688822 0.7696374622356495 0.0770392749244713 0.03927492447129909
0 0.33157099697885195 0.6654078549848943 0.08610271903323263 0.03474320241691843
0 0.37802114803625375 0.7877643504531722 0.06419939577039276 0.03323262839879154
0 0.3867069486404834 0.8236404833836858 0.08308157099697885 0.033987915407854986
0 0.4014350453172205 0.877643504531722 0.08534743202416918 0.0377643504531722
0 0.4233383685800604 0.9210725075528701 0.07779456193353475 0.04305135951661632
0 0.42220543806646527 0.9535498489425982 0.09365558912386707 0.04003021148036254
0 0.4233383685800604 0.9780966767371602 0.07779456193353475 0.027190332326283987
