0 0.3504531722054381 0.5853474320241692 0.03625377643504532 0.07401812688821752
0 0.3259063444108761 0.552870090634441 0.0324773413897281 0.06797583081570997
0 0.2998489425981873 0.5354984894259819 0.030211480362537763 0.08006042296072508
0 0.2737915407854985 0.525679758308157 0.030966767371601207 0.08308157099697885
0 0.2243202416918429 0.4788519637462236 0.03474320241691843 0.07401812688821752
0 0.1986404833836858 0.46148036253776437 0.03625377643504532 0.0755287009063444
0 0.16880664652567975 0.4418429003021148 0.035498489425981876 0.07250755287009064
0 0.14425981873111782 0.4271148036253776 0.04078549848942598 0.06873111782477341
1 0.12197885196374622 0.4112537764350453 0.0324773413897281 0.07930513595166164
0 0.09063444108761329 0.3950151057401813 0.04682779456193353 0.06646525679758308
0 0.07439577039274925 0.3712235649546828 0.035498489425981876 0.05966767371601209
0 0.04871601208459214 0.34894259818731116 0.04003021148036254 0.07099697885196375
0 0.028323262839879154 0.3425226586102719 0.035498489425981876 0.07175226586102719
0 0.22054380664652568 0.7972054380664653 0.03927492447129909 0.07477341389728097
0 0.13972809667673716 0.8089123867069486 0.04833836858006042 0.0513595166163142
0 0.12575528700906344 0.8304380664652568 0.04607250755287009 0.04003021148036254
0 0.11329305135951662 0.8398791540785498 0.052870090634441085 0.03927492447129909
0 0.09441087613293052 0.8610271903323263 0.05891238670694864 0.04229607250755287
0 0.0770392749244713 0.8806646525679759 0.0513595166163142 0.04833836858006042
0 0.060045317220543806 0.9044561933534743 0.05211480362537765 0.04003021148036254
0 0.04833836858006042 0.9135196374622356 0.05740181268882175 0.03851963746223565
0 0.03209969788519638 0.9244712990936556 0.0445619335347432 0.04078549848942598
1 0.1469033232628399 0.7896525679758308 0.06117824773413897 0.05513595166163142
1 0.19108761329305135 0.8006042296072508 0.0377643504531722 0.0649546827794562
3 0.4086102719033233 0.9040785498489426 0.18277945619335348 0.1419939577039275
