3 0.17589437819420783 0.9433534743202416 0.1524701873935264 0.10876132930513595
0 0.13884156729131175 0.6204682779456193 0.03747870528109029 0.04758308157099698
0 0.1626916524701874 0.6382175226586103 0.03577512776831346 0.04229607250755287
0 0.17674616695059625 0.6608761329305136 0.0434412265758092 0.04078549848942598
0 0.1848381601362862 0.6888217522658611 0.044293015332197615 0.045317220543806644
0 0.11030664395229983 0.573262839879154 0.04514480408858603 0.0513595166163142
0 0.09667802385008518 0.5487160120845922 0.04003407155025554 0.04758308157099698
0 0.08347529812606473 0.5294561933534743 0.039182282793867124 0.04833836858006042
0 0.0600511073253833 0.5033987915407855 0.046848381601362864 0.04607250755287009
0 0.01746166950596252 0.41918429003021146 0.03492333901192504 0.03625377643504532
0 0.029812606473594547 0.44033232628398794 0.04770017035775128 0.028700906344410877
0 0.032793867120954 0.4652567975830816 0.05536626916524702 0.0256797583081571
1 0.054088586030664396 0.48376132930513593 0.06388415672913117 0.035498489425981876
0 0.06345826235093698 0.8202416918429003 0.03833049403747871 0.05891238670694864
1 0.03747870528109029 0.8036253776435045 0.040885860306643956 0.0649546827794562
