3 0.1351963746223565 0.7278534923339012 0.1148036253776435 0.20017035775127767
3 0.28134441087613293 0.6507666098807496 0.10800604229607251 0.19420783645655879
3 0.361404833836858 0.9011925042589438 0.13821752265861026 0.19080068143100512
0 0.47394259818731116 0.8568994889267462 0.05211480362537765 0.05792163543441227
0 0.5154833836858006 0.8786201022146508 0.06419939577039276 0.03321976149914821
0 0.5101963746223565 0.92206132879046 0.05664652567975831 0.0434412265758092
0 0.5132175226586103 0.9578364565587735 0.07175226586102719 0.03321976149914821
0 0.1268882175226586 0.3909710391822828 0.03474320241691843 0.06473594548551959
1 0.19939577039274925 0.356473594548552 0.0377643504531722 0.065587734241908
0 0.2545317220543807 0.313458262350937 0.03625377643504532 0.06473594548551959
0 0.29154078549848944 0.3113287904599659 0.04984894259818731 0.058773424190800685
0 0.4554380664652568 0.21422487223168654 0.055891238670694864 0.051959114139693355
0 0.4754531722054381 0.23381601362862012 0.05513595166163142 0.058773424190800685
0 0.5052870090634441 0.25212947189097107 0.054380664652567974 0.05792163543441227
0 0.5098187311178247 0.2934412265758092 0.0634441087613293 0.05536626916524702
0 0.5302114803625377 0.32282793867120957 0.05740181268882175 0.05110732538330494
0 0.5260574018126888 0.3522146507666099 0.05966767371601209 0.04514480408858603
0 0.5532477341389728 0.38287904599659284 0.05513595166163142 0.04514480408858603
0 0.5555135951661632 0.4131175468483816 0.06722054380664652 0.040885860306643956
0 0.5596676737160121 0.4373935264054514 0.0649546827794562 0.03833049403747871
0 0.5804380664652568 0.4612436115843271 0.05966767371601209 0.031516183986371384
0 0.5762839879154078 0.4833901192504259 0.06797583081570997 0.04003407155025554
0 0.5830815709969789 0.5072402044293015 0.0649546827794562 0.036626916524701875
0 0.5944108761329305 0.530664395229983 0.05740181268882175 0.044293015332197615
0 0.6049848942598187 0.5596252129471891 0.06646525679758308 0.04258943781942078
0 0.6129154078549849 0.600511073253833 0.06117824773413897 0.039182282793867124
0 0.6083836858006042 0.6205281090289608 0.0702416918429003 0.03833049403747871
0 0.629154078549849 0.6328790459965928 0.05891238670694864 0.03236797274275979
0 0.6325528700906344 0.6524701873935265 0.06268882175226587 0.044293015332197615
0 0.6487915407854985 0.692504258943782 0.0649546827794562 0.04599659284497445
0 0.6612537764350453 0.7278534923339012 0.06117824773413897 0.04003407155025554
0 0.6801359516616314 0.7576660988074958 0.06570996978851963 0.05366269165247019
0 0.6914652567975831 0.7934412265758092 0.06570996978851963 0.05025553662691652
0 0.7069486404833837 0.8249574105621806 0.06797583081570997 0.03833049403747871
0 0.7163897280966768 0.848381601362862 0.06117824773413897 0.03577512776831346
0 0.7175226586102719 0.8718057921635435 0.0634441087613293 0.03492333901192504
0 0.7273413897280967 0.903747870528109 0.0649546827794562 0.04258943781942078
0 0.7314954682779456 0.9275979557069847 0.05966767371601209 0.05281090289608177
0 0.7447129909365559 0.9484667802385008 0.06646525679758308 0.046848381601362864
0 0.7518882175226587 0.9706132879045997 0.06268882175226587 0.04003407155025554
