0 0.45468277945619334 0.9901812688821753 0.055891238670694864 0.015105740181268881
0 0.43844410876132933 0.9448640483383686 0.04909365558912387 0.03474320241691843
0 0.43051359516616317 0.9237160120845922 0.0513595166163142 0.04078549848942598
0 0.4006797583081571 0.8727341389728097 0.05211480362537765 0.03851963746223565
0 0.40370090634441086 0.8481873111782477 0.0581570996978852 0.03172205438066465
0 0.39123867069486407 0.8270392749244713 0.0513595166163142 0.028700906344410877
0 0.3768882175226586 0.7870090634441088 0.04833836858006042 0.045317220543806644
0 0.3640483383685801 0.763595166163142 0.05740181268882175 0.04380664652567976
0 0.3512084592145015 0.699773413897281 0.04833836858006042 0.0445619335347432
0 0.33610271903323263 0.668429003021148 0.054380664652567974 0.03625377643504532
1 0.36064954682779454 0.7224320241691843 0.05211480362537765 0.0324773413897281
0 0.627643504531722 0.7246978851963746 0.06797583081570997 0.027945619335347432
0 0.6121601208459214 0.6910876132930514 0.05664652567975831 0.03625377643504532
0 0.5966767371601208 0.6642749244712991 0.05891238670694864 0.0324773413897281
0 0.591012084592145 0.6306646525679759 0.05664652567975831 0.030211480362537763
0 0.5830815709969789 0.6102719033232629 0.061933534743202415 0.01661631419939577
0 0.573262839879154 0.5551359516616314 0.061933534743202415 0.03927492447129909
0 0.5577794561933535 0.525679758308157 0.0581570996978852 0.028700906344410877
0 0.5547583081570997 0.5033987915407855 0.05513595166163142 0.02945619335347432
0 0.5547583081570997 0.48225075528700906 0.0581570996978852 0.02945619335347432
1 0.5868580060422961 0.5804380664652568 0.0649546827794562 0.0324773413897281
1 0.540785498489426 0.44939577039274925 0.055891238670694864 0.04682779456193353
1 0.5260574018126888 0.4244712990936556 0.06873111782477341 0.055891238670694864
0 0.5098187311178247 0.3859516616314199 0.06797583081570997 0.021148036253776436
0 0.513595166163142 0.3557401812688822 0.0634441087613293 0.0256797583081571
0 0.5022658610271903 0.3391238670694864 0.060422960725075525 0.028700906344410877
0 0.49584592145015105 0.30777945619335345 0.06570996978851963 0.0324773413897281
0 0.4754531722054381 0.2820996978851964 0.0581570996978852 0.02190332326283988
0 0.47129909365558914 0.24055891238670696 0.0634441087613293 0.02190332326283988
0 0.4671450151057402 0.21827794561933533 0.05966767371601209 0.022658610271903322
0 0.45317220543806647 0.18882175226586104 0.05891238670694864 0.0256797583081571
0 0.4452416918429003 0.16200906344410876 0.0581570996978852 0.024924471299093656
0 0.4331570996978852 0.12802114803625378 0.06419939577039276 0.035498489425981876
1 0.41729607250755285 0.12122356495468278 0.05966767371601209 0.05966767371601209
2 0.34894259818731116 0.15672205438066467 0.03625377643504532 0.033987915407854986
0 0.42107250755287007 0.0755287009063444 0.06117824773413897 0.030211480362537763
0 0.36367069486404835 0.06533232628398791 0.06570996978851963 0.017371601208459216
0 0.40634441087613293 0.04607250755287009 0.054380664652567974 0.03172205438066465
0 0.3666918429003021 0.028323262839879154 0.04305135951661632 0.026435045317220542
0 0.32439577039274925 0.00906344410876133 0.0581570996978852 0.019637462235649546
0 0.39463746223564955 0.007930513595166163 0.05966767371601209 0.017371601208459216
0 0.25944108761329304 0.4437311178247734 0.05664652567975831 0.0445619335347432
0 0.2673716012084592 0.368202416918429 0.03323262839879154 0.026435045317220542
0 0.23187311178247735 0.3293051359516616 0.045317220543806644 0.045317220543806644
0 0.22016616314199397 0.31608761329305135 0.05362537764350453 0.04154078549848943
1 0.21638972809667673 0.2862537764350453 0.05664652567975831 0.03323262839879154
0 0.20619335347432025 0.24055891238670696 0.0513595166163142 0.04909365558912387
0 0.1884441087613293 0.23413897280966767 0.04758308157099698 0.04833836858006042
0 0.1952416918429003 0.20619335347432025 0.05211480362537765 0.04229607250755287
0 0.17673716012084592 0.19901812688821752 0.054380664652567974 0.04154078549848943
0 0.1729607250755287 0.16314199395770393 0.04984894259818731 0.03927492447129909
0 0.1714501510574018 0.1216012084592145 0.055891238670694864 0.03625377643504532
0 0.16578549848942598 0.10347432024169184 0.04607250755287009 0.03927492447129909
0 0.1555891238670695 0.09176737160120846 0.03625377643504532 0.03700906344410876
0 0.14425981873111782 0.06080060422960725 0.052870090634441085 0.03700906344410876
1 0.12726586102719034 0.03965256797583082 0.05362537764350453 0.03851963746223565
1 0.1299093655589124 0.01661631419939577 0.05891238670694864 0.03474320241691843
