0 0.3157099697885196 0.5674931129476584 0.030211480362537763 0.1349862258953168
0 0.29154078549848944 0.5296143250688705 0.028700906344410877 0.1418732782369146
0 0.26661631419939574 0.4986225895316805 0.030211480362537763 0.14049586776859505
0 0.2413141993957704 0.47451790633608815 0.030966767371601207 0.1418732782369146
0 0.19561933534743203 0.4056473829201102 0.03172205438066465 0.1418732782369146
0 0.17031722054380666 0.3677685950413223 0.02190332326283988 0.1349862258953168
0 0.1469033232628399 0.3484848484848485 0.0324773413897281 0.13774104683195593
0 0.118202416918429 0.3168044077134986 0.02945619335347432 0.1322314049586777
1 0.09705438066465256 0.2892561983471075 0.026435045317220542 0.12672176308539945
0 0.06986404833836858 0.26515151515151514 0.04305135951661632 0.09228650137741047
0 0.05022658610271903 0.23829201101928377 0.0445619335347432 0.049586776859504134
0 0.19750755287009064 0.918732782369146 0.0445619335347432 0.11019283746556474
0 0.1695619335347432 0.9111570247933884 0.04003021148036254 0.11432506887052342
1 0.13330815709969787 0.9049586776859504 0.05966767371601209 0.0881542699724518
0 0.11178247734138973 0.9566115702479339 0.06797583081570997 0.0674931129476584
0 0.09138972809667674 0.9703856749311295 0.05891238670694864 0.048209366391184574
