2 0.14652567975830816 0.5051107325383305 0.03323262839879154 0.027257240204429302
2 0.13935045317220543 0.5587734241908007 0.033987915407854986 0.03577512776831346
3 0.5460725075528701 0.1196763202725724 0.1027190332326284 0.1575809199318569
3 0.572129909365559 0.3164395229982964 0.08836858006042296 0.17291311754684838
3 0.7885196374622356 0.9092844974446337 0.09365558912386707 0.1575809199318569
0 0.8024924471299094 0.26362862010221466 0.04154078549848943 0.05706984667802385
2 0.6672960725075529 0.11925042589437819 0.03700906344410876 0.040885860306643956
0 0.7012839879154078 0.12904599659284496 0.04154078549848943 0.05536626916524702
2 0.7043051359516617 0.12862010221465076 0.027945619335347432 0.030664395229982964
2 0.8021148036253777 0.061754684838160136 0.03625377643504532 0.04003407155025554
2 0.8138217522658611 0.08475298126064736 0.03851963746223565 0.026405451448040886
0 0.947129909365559 0.42248722316865417 0.04078549848942598 0.03577512776831346
0 0.949773413897281 0.4557069846678024 0.04305135951661632 0.027257240204429302
0 0.9486404833836858 0.47700170357751276 0.045317220543806644 0.028960817717206135
