0 0.6284860557768924 0.18617824773413896 0.08167330677290836 0.0581570996978852
0 0.5557768924302788 0.19788519637462235 0.07171314741035856 0.04984894259818731
0 0.5049800796812749 0.20996978851963746 0.06573705179282868 0.04833836858006042
0 0.448207171314741 0.2126132930513595 0.0398406374501992 0.04607250755287009
1 0.39741035856573703 0.2243202416918429 0.09362549800796813 0.04682779456193353
1 0.350597609561753 0.22998489425981872 0.05976095617529881 0.04758308157099698
0 0.27589641434262946 0.23564954682779457 0.07370517928286853 0.045317220543806644
0 0.21215139442231076 0.24055891238670696 0.0697211155378486 0.04758308157099698
0 0.15438247011952191 0.25 0.08167330677290836 0.04833836858006042
1 0.11553784860557768 0.26246223564954685 0.07569721115537849 0.04909365558912387
0 0.04880478087649402 0.26510574018126887 0.07370517928286853 0.04682779456193353
1 0.5249003984063745 0.44637462235649544 0.12151394422310757 0.04078549848942598
0 0.5517928286852589 0.4478851963746224 0.09561752988047809 0.04078549848942598
1 0.6334661354581673 0.4324018126888218 0.11553784860557768 0.06268882175226587
0 0.6872509960159362 0.4316465256797583 0.0796812749003984 0.05513595166163142
0 0.750996015936255 0.4259818731117825 0.10756972111553785 0.04682779456193353
0 0.9432270916334661 0.3972809667673716 0.0697211155378486 0.0513595166163142
0 0.9770916334661355 0.3659365558912387 0.037848605577689244 0.02039274924471299
1 0.8426294820717132 0.40672205438066467 0.12749003984063745 0.03851963746223565
