2 0.5506042296072508 0.9582623509369677 0.0377643504531722 0.030664395229982964
3 0.42938066465256797 0.8530664395229983 0.10800604229607251 0.18143100511073254
0 0.12613293051359517 0.9727427597955707 0.052870090634441085 0.04258943781942078
0 0.16200906344410876 0.9271720613287905 0.05211480362537765 0.031516183986371384
0 0.2466012084592145 0.8786201022146508 0.05211480362537765 0.036626916524701875
1 0.19410876132930513 0.8798977853492334 0.054380664652567974 0.030664395229982964
0 0.5045317220543807 0.6034923339011925 0.06797583081570997 0.041737649063032366
0 0.4626132930513595 0.6592844974446337 0.06570996978851963 0.04258943781942078
0 0.45959214501510576 0.6869676320272573 0.06268882175226587 0.03833049403747871
1 0.2156344410876133 0.8160136286201022 0.06117824773413897 0.022146507666098807
1 0.2277190332326284 0.8321976149914821 0.06117824773413897 0.030664395229982964
0 0.20921450151057402 0.7934412265758092 0.0513595166163142 0.028109028960817718
0 0.2175226586102719 0.7597955706984668 0.04682779456193353 0.030664395229982964
0 0.25 0.7299829642248722 0.060422960725075525 0.028960817717206135
0 0.24358006042296074 0.7022998296422487 0.05060422960725076 0.024701873935264056
1 0.22016616314199397 0.6814310051107325 0.05211480362537765 0.03747870528109029
0 0.49962235649546827 0.5366269165247018 0.0581570996978852 0.04770017035775128
0 0.45468277945619334 0.5404599659284498 0.05891238670694864 0.051959114139693355
0 0.45657099697885195 0.5076660988074958 0.05966767371601209 0.04258943781942078
0 0.46299093655589124 0.4787052810902896 0.05740181268882175 0.03747870528109029
0 0.11442598187311179 0.551107325383305 0.05211480362537765 0.027257240204429302
0 0.03323262839879154 0.561328790459966 0.0513595166163142 0.03577512776831346
0 0.08799093655589124 0.6239352640545145 0.04607250755287009 0.036626916524701875
1 0.05173716012084592 0.6260647359454855 0.0445619335347432 0.04258943781942078
1 0.0222809667673716 0.629045996592845 0.04305135951661632 0.046848381601362864
0 0.263595166163142 0.502129471890971 0.052870090634441085 0.02129471890971039
0 0.26510574018126887 0.4846678023850085 0.04078549848942598 0.017035775127768313
1 0.2700151057401813 0.4620954003407155 0.04607250755287009 0.019591141396933562
1 0.27492447129909364 0.4476149914821124 0.0513595166163142 0.01788756388415673
0 0.2598187311178248 0.42163543441226575 0.0513595166163142 0.02385008517887564
0 0.27152567975830816 0.39182282793867124 0.05060422960725076 0.017035775127768313
0 0.25490936555891236 0.40332197614991483 0.04758308157099698 0.01788756388415673
1 0.26132930513595165 0.3739352640545145 0.052870090634441085 0.027257240204429302
0 0.26661631419939574 0.34965928449744466 0.05891238670694864 0.029812606473594547
1 0.26472809667673713 0.32623509369676323 0.05513595166163142 0.03236797274275979
0 0.2692598187311178 0.29258943781942076 0.05362537764350453 0.02129471890971039
0 0.2669939577039275 0.2764054514480409 0.05664652567975831 0.019591141396933562
1 0.2669939577039275 0.25979557069846676 0.05513595166163142 0.020442930153321978
1 0.27303625377643503 0.24148211243611584 0.05966767371601209 0.022998296422487224
0 0.2737915407854985 0.22870528109028962 0.05966767371601209 0.016183986371379896
0 0.26321752265861026 0.21550255536626917 0.05211480362537765 0.027257240204429302
0 0.256797583081571 0.2014480408858603 0.04984894259818731 0.031516183986371384
0 0.2598187311178248 0.1686541737649063 0.060422960725075525 0.030664395229982964
1 0.2707703927492447 0.1409710391822828 0.05664652567975831 0.024701873935264056
0 0.2700151057401813 0.11882453151618398 0.05211480362537765 0.024701873935264056
1 0.2685045317220544 0.09284497444633731 0.05362537764350453 0.02555366269165247
0 0.2620845921450151 0.07282793867120954 0.0513595166163142 0.022998296422487224
0 0.26623867069486407 0.048551959114139696 0.05513595166163142 0.02385008517887564
0 0.2756797583081571 0.022146507666098807 0.0513595166163142 0.027257240204429302
