3 0.5698640483383686 0.2681268882175227 0.25 0.18277945619335348
3 0.12726586102719034 0.4705438066465257 0.1472809667673716 0.19637462235649547
3 0.8874622356495468 0.4467522658610272 0.18277945619335348 0.15483383685800603
0 0.7609516616314199 0.338368580060423 0.07628398791540786 0.04380664652567976
0 0.2258308157099698 0.747356495468278 0.07854984894259819 0.035498489425981876
0 0.21299093655589124 0.7930513595166163 0.06797583081570997 0.03474320241691843
0 0.18126888217522658 0.8281722054380665 0.06948640483383686 0.030966767371601207
0 0.1665407854984894 0.8515861027190332 0.06722054380664652 0.035498489425981876
0 0.1491691842900302 0.8908610271903323 0.07779456193353475 0.0445619335347432
0 0.13330815709969787 0.9059667673716012 0.06722054380664652 0.03700906344410876
0 0.12046827794561933 0.9222054380664653 0.0702416918429003 0.04229607250755287
0 0.09705438066465256 0.9308912386706949 0.06419939577039276 0.02945619335347432
0 0.10574018126888217 0.9554380664652568 0.0649546827794562 0.022658610271903322
0 0.07628398791540786 0.9830060422960725 0.0755287009063444 0.027945619335347432
