2 0.8894422310756972 0.6316013628620102 0.08565737051792828 0.028109028960817718
2 0.8635458167330677 0.6115843270868825 0.08167330677290836 0.027257240204429302
2 0.9183266932270916 0.4867972742759796 0.09561752988047809 0.024701873935264056
2 0.898406374501992 0.467206132879046 0.08764940239043825 0.026405451448040886
0 0.9123505976095617 0.4944633730834753 0.06772908366533864 0.051959114139693355
0 0.8645418326693227 0.6354344122657581 0.06772908366533864 0.056218057921635436
2 0.7091633466135459 0.6175468483816013 0.09561752988047809 0.03236797274275979
1 0.6723107569721115 0.5868824531516184 0.11354581673306773 0.030664395229982964
1 0.6623505976095617 0.5630323679727428 0.10956175298804781 0.02555366269165247
1 0.648406374501992 0.5502555366269165 0.11354581673306773 0.02555366269165247
0 0.6185258964143426 0.5310902896081772 0.08565737051792828 0.03492333901192504
0 0.6075697211155379 0.5089437819420783 0.099601593625498 0.029812606473594547
1 0.602589641434263 0.487649063032368 0.13346613545816732 0.019591141396933562
1 0.5836653386454184 0.4735945485519591 0.10756972111553785 0.028960817717206135
1 0.5577689243027888 0.4612436115843271 0.10358565737051792 0.024701873935264056
1 0.5617529880478087 0.444633730834753 0.10358565737051792 0.020442930153321978
0 0.5796812749003984 0.4335604770017036 0.099601593625498 0.013628620102214651
0 0.5418326693227091 0.4280238500851789 0.08764940239043825 0.024701873935264056
0 0.5278884462151394 0.4233390119250426 0.10756972111553785 0.030664395229982964
0 0.8864541832669323 0.3194207836456559 0.13545816733067728 0.044293015332197615
0 0.8217131474103585 0.29173764906303234 0.11354581673306773 0.028109028960817718
0 0.7948207171314741 0.2670357751277683 0.09163346613545817 0.029812606473594547
0 0.49203187250996017 0.39906303236797275 0.10358565737051792 0.022998296422487224
0 0.4442231075697211 0.3743611584327087 0.11952191235059761 0.019591141396933562
0 0.43227091633466136 0.3471039182282794 0.099601593625498 0.04003407155025554
0 0.399402390438247 0.338160136286201 0.10159362549800796 0.028960817717206135
0 0.37350597609561753 0.31175468483816016 0.08565737051792828 0.040885860306643956
0 0.33167330677290835 0.30195911413969334 0.09362549800796813 0.031516183986371384
0 0.29780876494023906 0.28534923339011925 0.049800796812749 0.039182282793867124
0 0.2549800796812749 0.2657580919931857 0.09561752988047809 0.02555366269165247
1 0.23107569721115537 0.25851788756388416 0.09561752988047809 0.031516183986371384
1 0.20318725099601592 0.24148211243611584 0.09163346613545817 0.03833049403747871
1 0.1902390438247012 0.2270017035775128 0.07768924302788845 0.04003407155025554
1 0.1743027888446215 0.21507666098807496 0.11354581673306773 0.022998296422487224
0 0.12450199203187251 0.2061328790459966 0.09362549800796813 0.030664395229982964
0 0.7529880478087649 0.16354344122657583 0.099601593625498 0.040885860306643956
0 0.6922310756972111 0.15417376490630325 0.07370517928286853 0.04770017035775128
0 0.6583665338645418 0.13287904599659284 0.049800796812749 0.04770017035775128
0 0.6145418326693227 0.09667802385008518 0.045816733067729085 0.041737649063032366
0 0.5846613545816733 0.07666098807495741 0.05776892430278884 0.04599659284497445
0 0.5418326693227091 0.059625212947189095 0.099601593625498 0.044293015332197615
0 0.10458167330677291 0.19122657580919933 0.10557768924302789 0.036626916524701875
0 0.061752988047808766 0.18313458262350937 0.09163346613545817 0.039182282793867124
0 0.043824701195219126 0.17035775127768313 0.08764940239043825 0.03577512776831346
