0 0.5913897280966768 0.02512776831345826 0.03927492447129909 0.05025553662691652
1 0.572129909365559 0.03577512776831346 0.03851963746223565 0.06473594548551959
0 0.6340634441087614 0.020868824531516183 0.023413897280966767 0.041737649063032366
0 0.6170694864048338 0.02001703577512777 0.0256797583081571 0.041737649063032366
0 0.5494712990936556 0.026405451448040886 0.033987915407854986 0.054514480408858604
0 0.5249244712990937 0.038756388415672915 0.03625377643504532 0.062180579216354344
0 0.5003776435045317 0.038756388415672915 0.0324773413897281 0.058773424190800685
1 0.4860271903323263 0.05536626916524702 0.04003021148036254 0.06814310051107325
0 0.4690332326283988 0.048551959114139696 0.028700906344410877 0.054514480408858604
0 0.4561933534743202 0.06260647359454856 0.03474320241691843 0.065587734241908
0 0.4380664652567976 0.059625212947189095 0.028700906344410877 0.06984667802385008
0 0.4248489425981873 0.06984667802385008 0.033987915407854986 0.05792163543441227
0 0.4070996978851964 0.0706984667802385 0.028700906344410877 0.05792163543441227
0 0.38972809667673713 0.09667802385008518 0.03474320241691843 0.065587734241908
0 0.36895770392749244 0.08177172061328791 0.02945619335347432 0.06132879045996593
0 0.3538519637462236 0.09838160136286202 0.04154078549848943 0.07410562180579217
1 0.33345921450151056 0.08773424190800681 0.02945619335347432 0.06643952299829642
0 0.3236404833836858 0.11201022146507666 0.04305135951661632 0.07410562180579217
0 0.3047583081570997 0.10477001703577513 0.02945619335347432 0.07155025553662692
0 0.29229607250755285 0.11201022146507666 0.0377643504531722 0.065587734241908
0 0.2707703927492447 0.11456558773424191 0.03851963746223565 0.06899488926746167
0 0.24886706948640483 0.12393526405451448 0.033987915407854986 0.065587734241908
0 0.23225075528700906 0.1358603066439523 0.033987915407854986 0.065587734241908
0 0.20808157099697885 0.12819420783645655 0.0324773413897281 0.062180579216354344
0 0.19561933534743203 0.141396933560477 0.04078549848942598 0.06643952299829642
0 0.17069486404833836 0.151618398637138 0.03172205438066465 0.06132879045996593
0 0.1578549848942598 0.16141396933560478 0.03625377643504532 0.06729131175468483
0 0.13632930513595165 0.1520442930153322 0.0324773413897281 0.065587734241908
0 0.11140483383685801 0.15843270868824533 0.04154078549848943 0.06984667802385008
1 0.047960725075528704 0.17546848381601363 0.02945619335347432 0.06643952299829642
0 0.01623867069486405 0.19591141396933562 0.030966767371601207 0.07666098807495741
0 0.034365558912386705 0.5055366269165247 0.0445619335347432 0.06047700170357751
0 0.06231117824773414 0.5055366269165247 0.04607250755287009 0.046848381601362864
0 0.06986404833836858 0.4838160136286201 0.04758308157099698 0.04940374787052811
1 0.09743202416918428 0.5012776831345827 0.04078549848942598 0.058773424190800685
1 0.11178247734138973 0.4557069846678024 0.05740181268882175 0.05281090289608177
1 0.13821752265861026 0.465076660988075 0.04229607250755287 0.05792163543441227
1 0.16389728096676737 0.4616695059625213 0.045317220543806644 0.06643952299829642
1 0.17258308157099697 0.4395229982964225 0.05513595166163142 0.06303236797274277
1 0.21487915407854985 0.43568994889267465 0.0581570996978852 0.065587734241908
0 0.20619335347432025 0.45528109028960817 0.03927492447129909 0.05025553662691652
0 0.24848942598187312 0.4109880749574106 0.04682779456193353 0.05706984667802385
0 0.27341389728096677 0.36754684838160134 0.04229607250755287 0.07751277683134583
0 0.2737915407854985 0.43100511073253833 0.03700906344410876 0.06473594548551959
1 0.33648036253776437 0.40034071550255534 0.05362537764350453 0.06643952299829642
1 0.31608761329305135 0.42163543441226575 0.0581570996978852 0.056218057921635436
1 0.381797583081571 0.39693356047700173 0.0445619335347432 0.056218057921635436
0 0.36367069486404835 0.3965076660988075 0.03700906344410876 0.05366269165247019
0 0.39652567975830816 0.3752129471890971 0.03625377643504532 0.05706984667802385
0 0.42862537764350456 0.356473594548552 0.03700906344410876 0.058773424190800685
1 0.42220543806646527 0.3692504258943782 0.04229607250755287 0.06388415672913117
1 0.45128398791540786 0.37265758091993184 0.04003021148036254 0.06729131175468483
0 0.4679003021148036 0.3624361158432709 0.03700906344410876 0.058773424190800685
0 0.49584592145015105 0.3364565587734242 0.04305135951661632 0.05281090289608177
0 0.4890483383685801 0.3624361158432709 0.03700906344410876 0.05706984667802385
1 0.5249244712990937 0.34071550255536626 0.03927492447129909 0.06132879045996593
1 0.5506042296072508 0.3411413969335605 0.04229607250755287 0.06388415672913117
0 0.551737160120846 0.30664395229982966 0.05060422960725076 0.05281090289608177
0 0.6049848942598187 0.32964224872231684 0.03927492447129909 0.05792163543441227
1 0.6163141993957704 0.3143100511073254 0.04984894259818731 0.054514480408858604
0 0.6340634441087614 0.31090289608177174 0.04305135951661632 0.05792163543441227
0 0.652190332326284 0.3049403747870528 0.04154078549848943 0.05792163543441227
1 0.6831570996978852 0.28833049403747874 0.04909365558912387 0.06388415672913117
0 0.705060422960725 0.28492333901192507 0.04607250755287009 0.05706984667802385
1 0.7356495468277946 0.2823679727427598 0.04682779456193353 0.05706984667802385
0 0.7549093655589124 0.2721465076660988 0.04305135951661632 0.051959114139693355
1 0.7760574018126888 0.2670357751277683 0.04607250755287009 0.062180579216354344
0 0.8085347432024169 0.24233390119250425 0.04305135951661632 0.048551959114139696
0 0.8421450151057401 0.2389267461669506 0.04984894259818731 0.058773424190800685
1 0.8859516616314199 0.24787052810902896 0.04984894259818731 0.05792163543441227
0 0.9138972809667674 0.23381601362862012 0.04984894259818731 0.058773424190800685
0 0.9342900302114804 0.21294718909710392 0.04984894259818731 0.059625212947189095
0 0.9709214501510574 0.21805792163543442 0.0324773413897281 0.05792163543441227
