0 0.08496978851963746 0.7265758091993186 0.0324773413897281 0.07666098807495741
0 0.10762839879154079 0.7423339011925043 0.03851963746223565 0.062180579216354344
0 0.1299093655589124 0.7555366269165247 0.03172205438066465 0.059625212947189095
0 0.15483383685800603 0.7798126064735945 0.03927492447129909 0.058773424190800685
0 0.16578549848942598 0.8057921635434412 0.04003021148036254 0.059625212947189095
0 0.22356495468277945 0.8326235093696763 0.030211480362537763 0.06899488926746167
0 0.2533987915407855 0.8615843270868825 0.035498489425981876 0.075809199318569
0 0.3047583081570997 0.8999148211243612 0.03700906344410876 0.075809199318569
0 0.3549848942598187 0.948892674616695 0.0377643504531722 0.08006814310051108
0 0.3821752265861027 0.956984667802385 0.028700906344410877 0.075809199318569
0 0.411631419939577 0.9676320272572402 0.03172205438066465 0.059625212947189095
1 0.19901812688821752 0.8270868824531517 0.02945619335347432 0.07666098807495741
