1 0.6080060422960725 0.9388217522658611 0.04833836858006042 0.04380664652567976
1 0.7594410876132931 0.8780211480362538 0.0324773413897281 0.05060422960725076
1 0.7507552870090635 0.8972809667673716 0.054380664652567974 0.04682779456193353
1 0.7722809667673716 0.8629154078549849 0.0445619335347432 0.07326283987915408
1 0.8021148036253777 0.8602719033232629 0.04833836858006042 0.05891238670694864
0 0.6552114803625377 0.975453172205438 0.033987915407854986 0.04305135951661632
0 0.6638972809667674 0.9282477341389728 0.04833836858006042 0.04078549848942598
0 0.6850453172205438 0.9403323262839879 0.028700906344410877 0.055891238670694864
0 0.5740181268882175 0.9667673716012084 0.028700906344410877 0.04229607250755287
1 0.5524924471299094 0.9792296072507553 0.033987915407854986 0.035498489425981876
0 0.5283232628398792 0.9807401812688822 0.026435045317220542 0.035498489425981876
1 0.7095921450151057 0.9044561933534743 0.04305135951661632 0.05211480362537765
0 0.6880664652567976 0.9029456193353474 0.03172205438066465 0.05513595166163142
1 0.8172205438066465 0.830060422960725 0.03474320241691843 0.054380664652567974
0 0.841012084592145 0.8425226586102719 0.027945619335347432 0.0445619335347432
0 0.8542296072507553 0.8202416918429003 0.0256797583081571 0.045317220543806644
0 0.875 0.8183534743202416 0.0324773413897281 0.04607250755287009
1 0.8931268882175226 0.8024924471299094 0.04305135951661632 0.05513595166163142
0 0.9324018126888217 0.8013595166163142 0.04607250755287009 0.03927492447129909
0 0.9561933534743202 0.7926737160120846 0.03625377643504532 0.05211480362537765
0 0.9818731117824774 0.7590634441087614 0.02416918429003021 0.05740181268882175
