2 0.45996978851963743 0.4935800604229607 0.0513595166163142 0.03700906344410876
0 0.3013595166163142 0.03851963746223565 0.055891238670694864 0.06948640483383686
2 0.3104229607250755 0.035498489425981876 0.03172205438066465 0.03927492447129909
2 0.4554380664652568 0.5211480362537765 0.0377643504531722 0.030211480362537763
1 0.2058157099697885 0.49962235649546827 0.0445619335347432 0.05966767371601209
1 0.21487915407854985 0.4799848942598187 0.033987915407854986 0.05060422960725076
0 0.23716012084592145 0.49697885196374625 0.030211480362537763 0.04682779456193353
0 0.25793051359516617 0.4882930513595166 0.03851963746223565 0.0581570996978852
0 0.2556646525679758 0.45657099697885195 0.03700906344410876 0.05513595166163142
0 0.2911631419939577 0.4882930513595166 0.02945619335347432 0.05513595166163142
0 0.324773413897281 0.5015105740181269 0.0377643504531722 0.0634441087613293
0 0.354607250755287 0.4943353474320242 0.030966767371601207 0.05211480362537765
0 0.3814199395770393 0.49206948640483383 0.0377643504531722 0.0445619335347432
0 0.1593655589123867 0.5249244712990937 0.0377643504531722 0.052870090634441085
0 0.13217522658610273 0.5430513595166163 0.0377643504531722 0.05891238670694864
0 0.10876132930513595 0.5736404833836858 0.03474320241691843 0.04909365558912387
1 0.10989425981873112 0.5117069486404834 0.02945619335347432 0.06570996978851963
1 0.09214501510574018 0.5456948640483383 0.03927492447129909 0.07477341389728097
0 0.22922960725075528 0.21185800604229607 0.04154078549848943 0.05664652567975831
0 0.1952416918429003 0.20166163141993956 0.026435045317220542 0.04682779456193353
0 0.17371601208459214 0.20694864048338368 0.03172205438066465 0.052870090634441085
0 0.16842900302114805 0.23338368580060423 0.04229607250755287 0.04833836858006042
0 0.15143504531722055 0.24622356495468278 0.05362537764350453 0.04380664652567976
1 0.11555891238670694 0.23867069486404835 0.045317220543806644 0.06797583081570997
0 0.08950151057401813 0.2545317220543807 0.033987915407854986 0.0513595166163142
0 0.06646525679758308 0.2590634441087613 0.028700906344410877 0.04833836858006042
0 0.05853474320241692 0.27681268882175225 0.04154078549848943 0.04607250755287009
1 0.03474320241691843 0.26774924471299094 0.030211480362537763 0.05060422960725076
1 0.02379154078549849 0.3009818731117825 0.035498489425981876 0.05211480362537765
0 0.04947129909365559 0.595166163141994 0.03700906344410876 0.06797583081570997
0 0.026057401812688823 0.601963746223565 0.030966767371601207 0.0513595166163142
0 0.438821752265861 0.5615558912386707 0.0256797583081571 0.05211480362537765
0 0.41729607250755285 0.502643504531722 0.033987915407854986 0.05513595166163142
0 0.3923716012084592 0.5143504531722054 0.023413897280966767 0.0513595166163142
0 0.42371601208459214 0.5392749244712991 0.03323262839879154 0.04078549848942598
