1 0.4943353474320242 0.24659284497444633 0.06419939577039276 0.051959114139693355
1 0.550226586102719 0.35477001703577515 0.05664652567975831 0.06388415672913117
1 0.574773413897281 0.3432708688245315 0.04833836858006042 0.06984667802385008
1 0.6975075528700906 0.596252129471891 0.0581570996978852 0.07155025553662692
1 0.679380664652568 0.6622657580919932 0.08534743202416918 0.05536626916524702
1 0.6295317220543807 0.5783645655877343 0.06268882175226587 0.05281090289608177
0 0.779833836858006 0.21124361158432708 0.04607250755287009 0.06473594548551959
0 0.8115558912386707 0.1895229982964225 0.035498489425981876 0.06047700170357751
0 0.8357250755287009 0.18015332197614992 0.03851963746223565 0.065587734241908
0 0.8564954682779456 0.17035775127768313 0.03625377643504532 0.06814310051107325
0 0.8889728096676737 0.17120954003407154 0.0377643504531722 0.07325383304940375
0 0.8534743202416919 0.39778534923339015 0.045317220543806644 0.07325383304940375
0 0.8919939577039275 0.3781942078364566 0.04078549848942598 0.08006814310051108
0 0.925226586102719 0.3730834752981261 0.0377643504531722 0.06984667802385008
0 0.9475075528700906 0.3615843270868825 0.04003021148036254 0.0706984667802385
0 0.9694108761329305 0.3543441226575809 0.0445619335347432 0.06814310051107325
0 0.9312688821752266 0.14437819420783646 0.045317220543806644 0.05536626916524702
1 0.9142749244712991 0.16609880749574105 0.03700906344410876 0.06984667802385008
0 0.966012084592145 0.14991482112436116 0.0513595166163142 0.06473594548551959
0 0.9697885196374623 0.11115843270868825 0.045317220543806644 0.05706984667802385
