0 0.611404833836858 0.8292163543441227 0.05664652567975831 0.03492333901192504
0 0.5966767371601208 0.7653321976149915 0.0513595166163142 0.04514480408858603
0 0.5898791540785498 0.7363713798977853 0.04380664652567976 0.03833049403747871
0 0.5592900302114804 0.67206132879046 0.05664652567975831 0.044293015332197615
0 0.5611782477341389 0.6490630323679728 0.0634441087613293 0.03577512776831346
0 0.5494712990936556 0.6252129471890971 0.05362537764350453 0.04770017035775128
0 0.5370090634441088 0.57793867120954 0.04984894259818731 0.046848381601362864
0 0.524546827794562 0.547274275979557 0.05966767371601209 0.036626916524701875
0 0.5117069486404834 0.4804088586030664 0.04909365558912387 0.05110732538330494
0 0.49962235649546827 0.446763202725724 0.05664652567975831 0.041737649063032366
1 0.5151057401812689 0.510221465076661 0.061933534743202415 0.03236797274275979
1 0.49962235649546827 0.47061328790459966 0.05211480362537765 0.0434412265758092
0 0.38557401812688824 0.04131175468483816 0.06722054380664652 0.05536626916524702
0 0.3840634441087613 0.020442930153321978 0.04909365558912387 0.04258943781942078
0 0.3610271903323263 0.019165247018739354 0.03625377643504532 0.04003407155025554
0 0.7809667673716012 0.5089437819420783 0.0649546827794562 0.04003407155025554
0 0.7692598187311178 0.4710391822827939 0.05966767371601209 0.04258943781942078
0 0.7545317220543807 0.4403747870528109 0.05891238670694864 0.040885860306643956
0 0.7503776435045317 0.40502555366269166 0.05211480362537765 0.036626916524701875
0 0.7398036253776435 0.3803236797274276 0.06268882175226587 0.028109028960817718
1 0.745845921450151 0.3513628620102215 0.06117824773413897 0.04003407155025554
0 0.7333836858006042 0.32197614991482115 0.060422960725075525 0.044293015332197615
0 0.7171450151057401 0.2985519591141397 0.05211480362537765 0.03321976149914821
0 0.7133685800604229 0.27896081771720616 0.04607250755287009 0.029812606473594547
0 0.7122356495468278 0.25212947189097107 0.052870090634441085 0.03577512776831346
1 0.6967522658610272 0.2231686541737649 0.04758308157099698 0.05110732538330494
1 0.6869335347432024 0.19122657580919933 0.05966767371601209 0.03833049403747871
0 0.6710725075528701 0.15885860306643954 0.0581570996978852 0.03492333901192504
0 0.6763595166163142 0.12691652470187395 0.05664652567975831 0.034071550255536626
0 0.6631419939577039 0.10732538330494037 0.05891238670694864 0.028960817717206135
0 0.654833836858006 0.08006814310051108 0.05740181268882175 0.034071550255536626
0 0.638595166163142 0.05706984667802385 0.06268882175226587 0.030664395229982964
0 0.6283987915407855 0.014480408858603067 0.06797583081570997 0.030664395229982964
