3 0.28323262839879154 0.5608006042296072 0.1797583081570997 0.13066465256797583
3 0.2938066465256798 0.6899546827794562 0.19939577039274925 0.1336858006042296
0 0.043429003021148035 0.034365558912386705 0.05362537764350453 0.030966767371601207
0 0.050981873111782476 0.05324773413897281 0.05362537764350453 0.033987915407854986
0 0.06080060422960725 0.07515105740181269 0.0581570996978852 0.04154078549848943
0 0.06646525679758308 0.10460725075528701 0.061933534743202415 0.030966767371601207
0 0.08761329305135952 0.138595166163142 0.0634441087613293 0.033987915407854986
0 0.09856495468277945 0.1714501510574018 0.06268882175226587 0.03172205438066465
0 0.3402567975830816 0.9652567975830816 0.04909365558912387 0.04984894259818731
0 0.35347432024169184 0.9176737160120846 0.07250755287009064 0.027190332326283987
1 0.12348942598187311 0.22356495468277945 0.0702416918429003 0.03625377643504532
0 0.12651057401812688 0.24358006042296074 0.05211480362537765 0.033987915407854986
0 0.14577039274924472 0.2700151057401813 0.061933534743202415 0.04758308157099698
0 0.14841389728096677 0.30551359516616317 0.06268882175226587 0.02039274924471299
1 0.1695619335347432 0.36555891238670696 0.05211480362537765 0.030211480362537763
0 0.17371601208459214 0.3787764350453172 0.052870090634441085 0.030966767371601207
0 0.19373111782477342 0.4350453172205438 0.05664652567975831 0.03323262839879154
0 0.13746223564954682 0.4981117824773414 0.06646525679758308 0.04305135951661632
0 0.1216012084592145 0.4807401812688822 0.05740181268882175 0.0445619335347432
0 0.026812688821752265 0.25604229607250756 0.05211480362537765 0.03927492447129909
1 0.03361027190332326 0.27983383685800606 0.05362537764350453 0.03700906344410876
1 0.04305135951661632 0.3062688821752266 0.0513595166163142 0.04003021148036254
1 0.047960725075528704 0.3391238670694864 0.05362537764350453 0.027190332326283987
0 0.04909365558912387 0.3557401812688822 0.04984894259818731 0.03172205438066465
0 0.0770392749244713 0.3889728096676737 0.04682779456193353 0.03323262839879154
1 0.08157099697885196 0.415785498489426 0.060422960725075525 0.03700906344410876
0 0.0891238670694864 0.43655589123867067 0.04229607250755287 0.04380664652567976
0 0.10045317220543806 0.4645015105740181 0.04833836858006042 0.0377643504531722
2 0.0290785498489426 0.9010574018126888 0.035498489425981876 0.04229607250755287
0 0.026057401812688823 0.975453172205438 0.04305135951661632 0.04305135951661632
0 0.39123867069486407 0.8904833836858006 0.061933534743202415 0.04229607250755287
1 0.43466767371601206 0.877643504531722 0.04154078549848943 0.04984894259818731
1 0.4777190332326284 0.8436555891238671 0.035498489425981876 0.04833836858006042
0 0.4588368580060423 0.8527190332326284 0.033987915407854986 0.04229607250755287
0 0.506797583081571 0.8270392749244713 0.045317220543806644 0.054380664652567974
1 0.5294561933534743 0.8119335347432024 0.03474320241691843 0.04984894259818731
0 0.6963746223564955 0.7137462235649547 0.028700906344410877 0.0513595166163142
0 0.7167673716012085 0.7088368580060423 0.028700906344410877 0.04607250755287009
0 0.6816465256797583 0.7352719033232629 0.023413897280966767 0.04154078549848943
1 0.6635196374622356 0.7322507552870091 0.04003021148036254 0.03851963746223565
0 0.6499244712990937 0.7571752265861027 0.035498489425981876 0.04305135951661632
0 0.5800604229607251 0.7900302114803626 0.04380664652567976 0.04984894259818731
1 0.6200906344410876 0.7628398791540786 0.0377643504531722 0.04682779456193353
0 0.7681268882175226 0.6740936555891238 0.03172205438066465 0.04909365558912387
0 0.7564199395770392 0.6891993957703928 0.033987915407854986 0.04758308157099698
1 0.7356495468277946 0.6918429003021148 0.03927492447129909 0.0513595166163142
1 0.7968277945619335 0.6559667673716012 0.04682779456193353 0.03700906344410876
0 0.8104229607250756 0.6487915407854985 0.03323262839879154 0.0377643504531722
0 0.8293051359516617 0.6378398791540786 0.030211480362537763 0.04154078549848943
0 0.8413897280966768 0.620845921450151 0.04229607250755287 0.04682779456193353
0 0.8859516616314199 0.5996978851963746 0.0377643504531722 0.045317220543806644
0 0.9237160120845922 0.5823262839879154 0.0256797583081571 0.04078549848942598
0 0.8984138972809668 0.5845921450151057 0.0324773413897281 0.04380664652567976
0 0.872356495468278 0.6155589123867069 0.03323262839879154 0.0377643504531722
