3 0.8515861027190332 0.2190082644628099 0.1714501510574018 0.2865013774104683
3 0.10838368580060423 0.22451790633608815 0.15332326283987915 0.3415977961432507
0 0.7273413897280967 0.03994490358126722 0.07099697885196375 0.07162534435261708
0 0.18089123867069487 0.6838842975206612 0.07930513595166164 0.06198347107438017
0 0.16805135951661632 0.7644628099173554 0.06873111782477341 0.06060606060606061
0 0.1355740181268882 0.8126721763085399 0.0702416918429003 0.05785123966942149
0 0.11518126888217523 0.8581267217630855 0.06419939577039276 0.06060606060606061
0 0.08950151057401813 0.9035812672176309 0.0581570996978852 0.06611570247933884
0 0.08119335347432025 0.940771349862259 0.05513595166163142 0.06060606060606061
0 0.061933534743202415 0.9517906336088154 0.05740181268882175 0.06060606060606061
0 0.04305135951661632 0.9745179063360881 0.07250755287009064 0.03994490358126722
