0 0.3009818731117825 0.3833081570996979 0.05966767371601209 0.04607250755287009
0 0.31080060422960726 0.42031722054380666 0.06268882175226587 0.04154078549848943
0 0.31948640483383683 0.4520392749244713 0.060422960725075525 0.04607250755287009
0 0.32779456193353473 0.5608006042296072 0.03172205438066465 0.04607250755287009
0 0.34818731117824775 0.574773413897281 0.03927492447129909 0.054380664652567974
0 0.4240936555891239 0.665785498489426 0.03700906344410876 0.05362537764350453
0 0.3919939577039275 0.6503021148036254 0.03172205438066465 0.055891238670694864
0 0.3776435045317221 0.6359516616314199 0.03625377643504532 0.054380664652567974
0 0.3651812688821752 0.6012084592145015 0.02945619335347432 0.054380664652567974
0 0.5891238670694864 0.9799848942598187 0.055891238670694864 0.026435045317220542
1 0.5981873111782477 0.9327794561933535 0.03474320241691843 0.05740181268882175
0 0.5351208459214502 0.8746223564954683 0.04154078549848943 0.052870090634441085
0 0.5483383685800605 0.8625377643504532 0.03474320241691843 0.04682779456193353
0 0.5604229607250756 0.8462990936555891 0.0377643504531722 0.05362537764350453
1 0.5789274924471299 0.8198640483383686 0.0445619335347432 0.04607250755287009
1 0.6027190332326284 0.8134441087613293 0.0256797583081571 0.04984894259818731
1 0.6140483383685801 0.7941842900302115 0.03474320241691843 0.05362537764350453
0 0.5838368580060423 0.7787009063444109 0.03625377643504532 0.0513595166163142
0 0.6193353474320241 0.9033232628398792 0.03323262839879154 0.04682779456193353
0 0.625 0.9010574018126888 0.026435045317220542 0.04682779456193353
0 0.6351963746223565 0.8912386706948641 0.03625377643504532 0.05891238670694864
0 0.6510574018126888 0.868202416918429 0.03323262839879154 0.05211480362537765
0 0.9599697885196374 0.9822507552870091 0.04078549848942598 0.030966767371601207
0 0.9720543806646526 0.9848942598187311 0.030211480362537763 0.0256797583081571
0 0.9705438066465257 0.9444864048338368 0.030211480362537763 0.02945619335347432
0 0.9588368580060423 0.9335347432024169 0.035498489425981876 0.03474320241691843
1 0.9501510574018127 0.9199395770392749 0.03625377643504532 0.04078549848942598
0 0.9256042296072508 0.9108761329305136 0.0324773413897281 0.028700906344410877
0 0.9425981873111783 0.8893504531722054 0.03625377643504532 0.027945619335347432
1 0.926737160120846 0.8825528700906344 0.04229607250755287 0.04154078549848943
1 0.9214501510574018 0.8644259818731118 0.045317220543806644 0.030966767371601207
1 0.9146525679758308 0.8455438066465257 0.03625377643504532 0.033987915407854986
0 0.9308912386706949 0.8391238670694864 0.0188821752265861 0.03625377643504532
0 0.9108761329305136 0.8153323262839879 0.03625377643504532 0.023413897280966767
0 0.9290030211480362 0.7904078549848943 0.030211480362537763 0.03700906344410876
1 0.8663141993957704 0.779833836858006 0.022658610271903322 0.05513595166163142
0 0.6314199395770392 0.7851208459214502 0.03172205438066465 0.05362537764350453
1 0.6533232628398792 0.7779456193353474 0.03625377643504532 0.0513595166163142
0 0.6699395770392749 0.7669939577039275 0.021148036253776436 0.04607250755287009
0 0.6801359516616314 0.7688821752265861 0.02039274924471299 0.04984894259818731
0 0.6903323262839879 0.7620845921450151 0.01661631419939577 0.0513595166163142
1 0.709214501510574 0.7688821752265861 0.021148036253776436 0.055891238670694864
1 0.7194108761329305 0.7613293051359517 0.024924471299093656 0.060422960725075525
0 0.7314954682779456 0.7700151057401813 0.02039274924471299 0.0445619335347432
0 0.9025679758308157 0.7783232628398792 0.022658610271903322 0.04305135951661632
0 0.8863293051359517 0.7828549848942599 0.0188821752265861 0.033987915407854986
0 0.849320241691843 0.7987160120845922 0.0324773413897281 0.04909365558912387
0 0.8164652567975831 0.773036253776435 0.028700906344410877 0.04154078549848943
0 0.827416918429003 0.8040030211480362 0.015861027190332326 0.05211480362537765
1 0.8111782477341389 0.7960725075528701 0.02416918429003021 0.055891238670694864
0 0.7968277945619335 0.7911631419939577 0.03474320241691843 0.05362537764350453
0 0.775679758308157 0.7715256797583081 0.02416918429003021 0.05513595166163142
1 0.7617069486404834 0.773036253776435 0.024924471299093656 0.05513595166163142
1 0.75 0.7666163141993958 0.022658610271903322 0.05891238670694864
1 0.4161631419939577 0.0789274924471299 0.05740181268882175 0.035498489425981876
1 0.4240936555891239 0.10762839879154079 0.05060422960725076 0.04003021148036254
1 0.43731117824773413 0.118202416918429 0.04078549848942598 0.0324773413897281
0 0.44108761329305135 0.13821752265861026 0.0513595166163142 0.022658610271903322
0 0.4520392749244713 0.16049848942598188 0.05211480362537765 0.024924471299093656
1 0.4561933534743202 0.17749244712990936 0.060422960725075525 0.019637462235649546
1 0.4580815709969788 0.19108761329305135 0.05362537764350453 0.019637462235649546
1 0.46487915407854985 0.2141238670694864 0.05513595166163142 0.024924471299093656
0 0.4792296072507553 0.236404833836858 0.06873111782477341 0.022658610271903322
0 0.47205438066465255 0.2556646525679758 0.055891238670694864 0.02039274924471299
0 0.4928247734138973 0.2688821752265861 0.05664652567975831 0.028700906344410877
0 0.5113293051359517 0.29342900302114805 0.05891238670694864 0.023413897280966767
0 0.5147280966767371 0.3175981873111782 0.05362537764350453 0.024924471299093656
0 0.5317220543806647 0.3368580060422961 0.06797583081570997 0.02416918429003021
1 0.6053625377643505 0.43580060422960726 0.026435045317220542 0.06646525679758308
0 0.6121601208459214 0.4452416918429003 0.04003021148036254 0.05362537764350453
0 0.5388972809667674 0.36895770392749244 0.024924471299093656 0.0581570996978852
0 0.55702416918429 0.3776435045317221 0.024924471299093656 0.05740181268882175
0 0.5728851963746223 0.3859516616314199 0.023413897280966767 0.0513595166163142
0 0.5925226586102719 0.4112537764350453 0.04154078549848943 0.03851963746223565
0 0.6374622356495468 0.46110271903323263 0.04833836858006042 0.026435045317220542
0 0.6408610271903323 0.4830060422960725 0.0324773413897281 0.04154078549848943
0 0.6593655589123867 0.48527190332326287 0.030211480362537763 0.04909365558912387
0 0.6895770392749244 0.5056646525679759 0.03474320241691843 0.05060422960725076
0 0.6967522658610272 0.5490936555891238 0.02945619335347432 0.04833836858006042
1 0.7379154078549849 0.5419184290030211 0.03172205438066465 0.05060422960725076
0 0.7212990936555891 0.5275679758308157 0.0256797583081571 0.04909365558912387
1 0.7669939577039275 0.5709969788519638 0.04003021148036254 0.0634441087613293
1 0.793429003021148 0.5819486404833837 0.026435045317220542 0.05060422960725076
1 0.8228851963746223 0.5985649546827795 0.027945619335347432 0.05362537764350453
1 0.8319486404833837 0.5819486404833837 0.030966767371601207 0.05664652567975831
0 0.8632930513595166 0.6042296072507553 0.03323262839879154 0.03474320241691843
0 0.8908610271903323 0.601963746223565 0.0445619335347432 0.03474320241691843
1 0.8806646525679759 0.5623111782477341 0.01812688821752266 0.05211480362537765
1 0.8863293051359517 0.5555135951661632 0.03851963746223565 0.0445619335347432
1 0.8621601208459214 0.5653323262839879 0.02190332326283988 0.033987915407854986
0 0.9003021148036254 0.547583081570997 0.03927492447129909 0.0513595166163142
0 0.9188066465256798 0.5487160120845922 0.027945619335347432 0.03851963746223565
0 0.9365558912386707 0.551737160120846 0.019637462235649546 0.04154078549848943
0 0.9667673716012084 0.5589123867069486 0.01661631419939577 0.04833836858006042
1 0.949773413897281 0.543429003021148 0.0188821752265861 0.04003021148036254
1 0.9376888217522659 0.525679758308157 0.03700906344410876 0.03474320241691843
0 0.9603474320241692 0.5139728096676737 0.030966767371601207 0.03700906344410876
