0 0.5313444108761329 0.13330494037478705 0.05211480362537765 0.048551959114139696
0 0.5370090634441088 0.16098807495741058 0.04833836858006042 0.040885860306643956
1 0.5385196374622356 0.206984667802385 0.052870090634441085 0.05792163543441227
2 0.5052870090634441 0.2657580919931857 0.03474320241691843 0.040885860306643956
0 0.479607250755287 0.4459114139693356 0.045317220543806644 0.06729131175468483
2 0.6363293051359517 0.3074957410562181 0.035498489425981876 0.034071550255536626
2 0.6370845921450151 0.3432708688245315 0.023413897280966767 0.04770017035775128
0 0.698262839879154 0.43611584327086883 0.0702416918429003 0.04599659284497445
0 0.6348187311178247 0.34071550255536626 0.05664652567975831 0.028960817717206135
0 0.8972809667673716 0.8909710391822828 0.05740181268882175 0.03236797274275979
2 0.8984138972809668 0.8875638841567292 0.030966767371601207 0.027257240204429302
2 0.8538519637462235 0.32112436115843274 0.04003021148036254 0.03577512776831346
2 0.9082326283987915 0.3317717206132879 0.0445619335347432 0.046848381601362864
0 0.8674471299093656 0.40545144804088584 0.06873111782477341 0.04599659284497445
0 0.7987160120845922 0.4454855195911414 0.04758308157099698 0.059625212947189095
0 0.8753776435045317 0.46252129471890974 0.055891238670694864 0.04770017035775128
0 0.9543051359516617 0.4476149914821124 0.05513595166163142 0.05536626916524702
