1 0.47016616314199394 0.39841389728096677 0.0324773413897281 0.0581570996978852
1 0.4705438066465257 0.4675226586102719 0.0377643504531722 0.061933534743202415
1 0.40370090634441086 0.4214501510574018 0.035498489425981876 0.05891238670694864
1 0.36744712990936557 0.4425981873111782 0.07779456193353475 0.021148036253776436
1 0.35876132930513593 0.4943353474320242 0.05891238670694864 0.026435045317220542
1 0.3678247734138973 0.5320996978851964 0.07401812688821752 0.024924471299093656
1 0.341012084592145 0.35083081570996977 0.04305135951661632 0.0581570996978852
1 0.3413897280966767 0.39841389728096677 0.045317220543806644 0.05966767371601209
1 0.36895770392749244 0.5592900302114804 0.08534743202416918 0.030966767371601207
1 0.3765105740181269 0.5713746223564955 0.06722054380664652 0.027945619335347432
1 0.37802114803625375 0.5845921450151057 0.0702416918429003 0.030211480362537763
1 0.3693353474320242 0.6068731117824774 0.06948640483383686 0.02039274924471299
1 0.36631419939577037 0.6261329305135952 0.06646525679758308 0.0256797583081571
1 0.3776435045317221 0.6620090634441088 0.07099697885196375 0.026435045317220542
0 0.3795317220543807 0.6446374622356495 0.0702416918429003 0.027945619335347432
1 0.37084592145015105 0.6888217522658611 0.05891238670694864 0.028700906344410877
1 0.3848187311178248 0.7696374622356495 0.05664652567975831 0.04229607250755287
0 0.4679003021148036 0.6816465256797583 0.04003021148036254 0.06722054380664652
0 0.506797583081571 0.6865558912386707 0.0256797583081571 0.05891238670694864
0 0.552870090634441 0.5392749244712991 0.05740181268882175 0.03172205438066465
0 0.5645770392749244 0.5898791540785498 0.0581570996978852 0.03323262839879154
0 0.5589123867069486 0.6238670694864048 0.060422960725075525 0.027190332326283987
0 0.5645770392749244 0.645392749244713 0.05966767371601209 0.023413897280966767
0 0.5589123867069486 0.6650302114803626 0.060422960725075525 0.027945619335347432
0 0.5585347432024169 0.6933534743202416 0.06419939577039276 0.028700906344410877
0 0.5506042296072508 0.7114803625377644 0.055891238670694864 0.019637462235649546
0 0.5524924471299094 0.7586858006042296 0.05966767371601209 0.023413897280966767
1 0.5581570996978852 0.7820996978851964 0.06948640483383686 0.02945619335347432
0 0.5445619335347432 0.8429003021148036 0.061933534743202415 0.0377643504531722
0 0.5509818731117825 0.8697129909365559 0.06268882175226587 0.017371601208459216
0 0.5540030211480362 0.8836858006042296 0.06419939577039276 0.019637462235649546
0 0.5438066465256798 0.9010574018126888 0.04984894259818731 0.021148036253776436
0 0.5483383685800605 0.9229607250755287 0.061933534743202415 0.027190332326283987
0 0.554380664652568 0.9509063444108762 0.052870090634441085 0.028700906344410877
0 0.5143504531722054 0.9705438066465257 0.022658610271903322 0.04682779456193353
0 0.5487160120845922 0.974320241691843 0.0581570996978852 0.022658610271903322
0 0.9890483383685801 0.4671450151057402 0.017371601208459216 0.04607250755287009
0 0.9663897280966768 0.4754531722054381 0.030966767371601207 0.04607250755287009
0 0.9403323262839879 0.4573262839879154 0.03625377643504532 0.05362537764350453
0 0.9324018126888217 0.49697885196374625 0.05362537764350453 0.021148036253776436
0 0.9335347432024169 0.5154833836858006 0.054380664652567974 0.024924471299093656
0 0.926737160120846 0.5445619335347432 0.054380664652567974 0.028700906344410877
0 0.9410876132930514 0.5698640483383686 0.05740181268882175 0.026435045317220542
0 0.9433534743202416 0.6529456193353474 0.05891238670694864 0.027945619335347432
0 0.8081570996978852 0.8644259818731118 0.052870090634441085 0.02190332326283988
1 0.8357250755287009 0.8719788519637462 0.07175226586102719 0.030966767371601207
1 0.8175981873111783 0.8859516616314199 0.06873111782477341 0.02416918429003021
1 0.8051359516616314 0.8987915407854985 0.055891238670694864 0.02416918429003021
0 0.8281722054380665 0.9222054380664653 0.0581570996978852 0.028700906344410877
0 0.8406344410876133 0.9358006042296072 0.061933534743202415 0.030211480362537763
0 0.8308157099697885 0.9637462235649547 0.060422960725075525 0.03323262839879154
0 0.8209969788519638 0.9890483383685801 0.06797583081570997 0.0188821752265861
