3 0.6231117824773413 0.5540885860306644 0.1661631419939577 0.16780238500851788
3 0.7031722054380665 0.9080068143100511 0.17220543806646527 0.1686541737649063
3 0.30551359516616317 0.6081771720613288 0.16993957703927492 0.18739352640545145
0 0.720166163141994 0.6426746166950597 0.04154078549848943 0.07751277683134583
0 0.7481117824773413 0.6545996592844975 0.03851963746223565 0.08262350936967632
0 0.8009818731117825 0.68015332197615 0.04305135951661632 0.065587734241908
0 0.8602719033232629 0.717206132879046 0.03172205438066465 0.07495741056218058
0 0.8810422960725075 0.7436115843270868 0.0324773413897281 0.06984667802385008
0 0.9078549848942599 0.7576660988074958 0.03323262839879154 0.06899488926746167
0 0.9305135951661632 0.7815161839863713 0.04229607250755287 0.06899488926746167
0 0.9505287009063444 0.8057921635434412 0.04154078549848943 0.06473594548551959
1 0.9762084592145015 0.8253833049403748 0.035498489425981876 0.08006814310051108
1 0.7805891238670695 0.674190800681431 0.0324773413897281 0.07751277683134583
1 0.38746223564954685 0.6933560477001703 0.052870090634441085 0.0868824531516184
1 0.5509818731117825 0.825809199318569 0.0324773413897281 0.10136286201022146
0 0.5917673716012085 0.8202725724020443 0.07175226586102719 0.044293015332197615
0 0.408987915407855 0.7061328790459966 0.035498489425981876 0.07155025553662692
0 0.422583081570997 0.7167802385008518 0.05060422960725076 0.06899488926746167
0 0.43768882175226587 0.7363713798977853 0.035498489425981876 0.06899488926746167
0 0.46148036253776437 0.7636286201022147 0.0377643504531722 0.07751277683134583
0 0.48489425981873113 0.7721465076660988 0.04833836858006042 0.06729131175468483
0 0.502643504531722 0.7913117546848382 0.03851963746223565 0.06473594548551959
0 0.5237915407854985 0.801107325383305 0.035498489425981876 0.06899488926746167
0 0.5241691842900302 0.456984667802385 0.0377643504531722 0.09454855195911414
0 0.502643504531722 0.4386712095400341 0.04003021148036254 0.06303236797274277
0 0.4833836858006042 0.42674616695059625 0.04833836858006042 0.06132879045996593
0 0.46299093655589124 0.4109880749574106 0.04229607250755287 0.065587734241908
0 0.44486404833836857 0.399488926746167 0.03474320241691843 0.07666098807495741
0 0.425226586102719 0.38458262350936967 0.028700906344410877 0.0706984667802385
0 0.4150302114803625 0.37350936967632026 0.02945619335347432 0.065587734241908
0 0.3961480362537764 0.36115843270868825 0.030966767371601207 0.06643952299829642
1 0.37197885196374625 0.34880749574105624 0.04154078549848943 0.07921635434412266
0 0.35196374622356497 0.32708688245315165 0.03474320241691843 0.06473594548551959
1 0.32817220543806647 0.31175468483816016 0.030966767371601207 0.06473594548551959
0 0.30249244712990936 0.3049403747870528 0.04003021148036254 0.07325383304940375
0 0.283987915407855 0.2959965928449744 0.03323262839879154 0.06047700170357751
0 0.2311178247734139 0.2444633730834753 0.04833836858006042 0.05110732538330494
0 0.24962235649546827 0.2593696763202726 0.04154078549848943 0.046848381601362864
0 0.2639728096676737 0.2657580919931857 0.030966767371601207 0.06814310051107325
0 0.2084592145015106 0.22955706984667804 0.045317220543806644 0.05366269165247019
0 0.17522658610271905 0.19207836456558774 0.03323262839879154 0.06047700170357751
1 0.19184290030211482 0.2231686541737649 0.030211480362537763 0.07325383304940375
1 0.14614803625377643 0.17504258943781942 0.033987915407854986 0.058773424190800685
0 0.023036253776435044 0.07410562180579217 0.0324773413897281 0.059625212947189095
0 0.03814199395770393 0.08304940374787052 0.024924471299093656 0.051959114139693355
0 0.055513595166163145 0.10391822827938671 0.02190332326283988 0.054514480408858604
0 0.07212990936555891 0.11499148211243612 0.026435045317220542 0.056218057921635436
0 0.1351963746223565 0.1575809199318569 0.0256797583081571 0.06303236797274277
0 0.118202416918429 0.15034071550255537 0.02945619335347432 0.05366269165247019
0 0.10083081570996978 0.14011925042589438 0.027945619335347432 0.05536626916524702
0 0.08308157099697885 0.12691652470187395 0.027190332326283987 0.05281090289608177
0 0.2239425981873112 0.5719761499148212 0.0581570996978852 0.046848381601362864
0 0.2122356495468278 0.5477001703577513 0.05740181268882175 0.028960817717206135
0 0.18957703927492447 0.5268313458262351 0.0377643504531722 0.065587734241908
0 0.09365558912386707 0.45741056218057924 0.054380664652567974 0.03236797274275979
0 0.12046827794561933 0.47402044293015333 0.027945619335347432 0.06388415672913117
0 0.12462235649546828 0.5025553662691653 0.03927492447129909 0.05281090289608177
0 0.15823262839879154 0.5017035775127768 0.04305135951661632 0.056218057921635436
0 0.1695619335347432 0.5170357751277683 0.04003021148036254 0.059625212947189095
0 0.07175226586102719 0.4399488926746167 0.04833836858006042 0.05366269165247019
0 0.06948640483383686 0.4190800681431005 0.0377643504531722 0.04599659284497445
0 0.015861027190332326 0.38671209540034074 0.03323262839879154 0.06303236797274277
0 0.03625377643504532 0.4058773424190801 0.03927492447129909 0.0434412265758092
0 0.050981873111782476 0.4182282793867121 0.035498489425981876 0.04940374787052811
