0 0.4641238670694864 0.045317220543806644 0.10045317220543806 0.08308157099697885
2 0.44222054380664655 0.0324773413897281 0.015861027190332326 0.028700906344410877
2 0.46487915407854985 0.02945619335347432 0.024924471299093656 0.0256797583081571
3 0.547583081570997 0.2156344410876133 0.1933534743202417 0.13217522658610273
3 0.5513595166163142 0.3485649546827795 0.17522658610271905 0.10649546827794562
0 0.017749244712990938 0.09063444108761329 0.023413897280966767 0.05891238670694864
0 0.03965256797583082 0.06948640483383686 0.033987915407854986 0.055891238670694864
1 0.06835347432024169 0.07854984894259819 0.033987915407854986 0.05740181268882175
0 0.08345921450151057 0.054003021148036255 0.027945619335347432 0.05664652567975831
0 0.10800604229607251 0.05362537764350453 0.030211480362537763 0.055891238670694864
1 0.14123867069486404 0.043429003021148035 0.030211480362537763 0.05966767371601209
0 0.15672205438066467 0.0256797583081571 0.015861027190332326 0.04984894259818731
0 0.17862537764350453 0.04154078549848943 0.026435045317220542 0.054380664652567974
1 0.19259818731117825 0.024924471299093656 0.030211480362537763 0.0513595166163142
0 0.2141238670694864 0.02379154078549849 0.02190332326283988 0.0445619335347432
1 0.24546827794561935 0.019259818731117824 0.028700906344410877 0.04003021148036254
0 0.27983383685800606 0.019637462235649546 0.035498489425981876 0.03625377643504532
0 0.7163897280966768 0.4569486404833837 0.05966767371601209 0.03625377643504532
0 0.6465256797583081 0.513595166163142 0.05740181268882175 0.03625377643504532
0 0.7341389728096677 0.4811178247734139 0.04833836858006042 0.04229607250755287
0 0.754154078549849 0.49962235649546827 0.04758308157099698 0.03851963746223565
0 0.7692598187311178 0.5219033232628398 0.04154078549848943 0.04380664652567976
1 0.7741691842900302 0.5555135951661632 0.055891238670694864 0.04154078549848943
0 0.7719033232628398 0.5853474320241692 0.052870090634441085 0.03474320241691843
0 0.7987160120845922 0.6098942598187311 0.06117824773413897 0.03851963746223565
0 0.8058912386706949 0.6272658610271903 0.05891238670694864 0.0324773413897281
1 0.8074018126888217 0.6423716012084593 0.0513595166163142 0.024924471299093656
0 0.8040030211480362 0.6582326283987915 0.05362537764350453 0.023413897280966767
1 0.8104229607250756 0.6759818731117825 0.0513595166163142 0.045317220543806644
1 0.8168429003021148 0.7156344410876133 0.05211480362537765 0.04003021148036254
1 0.822129909365559 0.6907099697885196 0.05966767371601209 0.026435045317220542
0 0.8228851963746223 0.7333836858006042 0.05966767371601209 0.0377643504531722
1 0.830060422960725 0.7507552870090635 0.0513595166163142 0.04984894259818731
0 0.8459214501510574 0.7813444108761329 0.0513595166163142 0.024924471299093656
0 0.8583836858006042 0.7998489425981873 0.05513595166163142 0.03323262839879154
0 0.8440332326283988 0.8225075528700906 0.06268882175226587 0.030211480362537763
0 0.8651812688821753 0.8285498489425982 0.05966767371601209 0.027190332326283987
0 0.8621601208459214 0.8542296072507553 0.0581570996978852 0.028700906344410877
0 0.8666918429003021 0.8772658610271903 0.04607250755287009 0.03851963746223565
0 0.8806646525679759 0.8919939577039275 0.045317220543806644 0.0256797583081571
0 0.8772658610271903 0.9112537764350453 0.04758308157099698 0.024924471299093656
0 0.8889728096676737 0.922583081570997 0.04682779456193353 0.030966767371601207
0 0.8908610271903323 0.9422205438066465 0.06117824773413897 0.0324773413897281
0 0.9108761329305136 0.9584592145015106 0.0513595166163142 0.030211480362537763
0 0.7836102719033232 0.9622356495468278 0.04909365558912387 0.022658610271903322
0 0.7749244712990937 0.9448640483383686 0.05891238670694864 0.03172205438066465
0 0.770392749244713 0.9120090634441088 0.060422960725075525 0.030966767371601207
0 0.800226586102719 0.9841389728096677 0.05060422960725076 0.027190332326283987
0 0.7662386706948641 0.8848187311178247 0.06722054380664652 0.023413897280966767
0 0.7533987915407855 0.8515861027190332 0.06570996978851963 0.03700906344410876
0 0.7330060422960725 0.8157099697885196 0.05513595166163142 0.027190332326283987
1 0.7137462235649547 0.7552870090634441 0.07099697885196375 0.02416918429003021
0 0.7080815709969789 0.7292296072507553 0.05966767371601209 0.033987915407854986
0 0.6899546827794562 0.6925981873111783 0.07175226586102719 0.028700906344410877
0 0.6827794561933535 0.6638972809667674 0.052870090634441085 0.01812688821752266
1 0.6873111782477341 0.6397280966767371 0.07250755287009064 0.028700906344410877
1 0.6706948640483383 0.5981873111782477 0.061933534743202415 0.0256797583081571
0 0.668429003021148 0.584214501510574 0.054380664652567974 0.026435045317220542
0 0.6552114803625377 0.5619335347432024 0.06873111782477341 0.03927492447129909
