2 0.735519591141397 0.21763085399449036 0.03492333901192504 0.06336088154269973
2 0.7734241908006815 0.23278236914600553 0.04258943781942078 0.05509641873278237
0 0.8202725724020443 0.540633608815427 0.04599659284497445 0.05922865013774105
0 0.8368824531516184 0.5936639118457301 0.06729131175468483 0.03856749311294766
0 0.84412265758092 0.6446280991735538 0.05792163543441227 0.05785123966942149
0 0.8573253833049403 0.8278236914600551 0.05025553662691652 0.07988980716253444
0 0.8926746166950597 0.8457300275482094 0.027257240204429302 0.0881542699724518
0 0.9067291311754685 0.887741046831956 0.022998296422487224 0.10055096418732783
0 0.9237649063032368 0.9517906336088154 0.012776831345826235 0.08539944903581267
0 0.9390971039182283 0.9600550964187328 0.016183986371379896 0.07162534435261708
1 0.9625212947189097 0.06542699724517906 0.06643952299829642 0.07024793388429752
1 0.9718909710391823 0.09848484848484848 0.05281090289608177 0.048209366391184574
1 0.9735945485519591 0.14738292011019283 0.04599659284497445 0.046831955922865015
0 0.9808347529812607 0.16322314049586778 0.022998296422487224 0.045454545454545456
