0 0.017749244712990938 0.9131419939577039 0.024924471299093656 0.054380664652567974
0 0.03851963746223565 0.904833836858006 0.028700906344410877 0.0513595166163142
0 0.06080060422960725 0.8882175226586103 0.02190332326283988 0.05891238670694864
0 0.08308157099697885 0.8942598187311178 0.02416918429003021 0.055891238670694864
0 0.10120845921450151 0.8848187311178247 0.0256797583081571 0.05664652567975831
0 0.12726586102719034 0.872356495468278 0.0324773413897281 0.060422960725075525
0 0.14463746223564955 0.8663141993957704 0.026435045317220542 0.04984894259818731
0 0.17711480362537765 0.8629154078549849 0.027945619335347432 0.0581570996978852
1 0.18995468277945618 0.8387462235649547 0.024924471299093656 0.05966767371601209
0 0.21299093655589124 0.8462990936555891 0.02416918429003021 0.05362537764350453
0 0.23187311178247735 0.8323262839879154 0.01812688821752266 0.04984894259818731
0 0.25302114803625375 0.8398791540785498 0.02416918429003021 0.061933534743202415
0 0.2700151057401813 0.8168429003021148 0.023413897280966767 0.05664652567975831
0 0.5241691842900302 0.7303625377643505 0.027190332326283987 0.05891238670694864
0 0.5 0.7337613293051359 0.0256797583081571 0.05664652567975831
0 0.47847432024169184 0.7443353474320241 0.02945619335347432 0.05211480362537765
1 0.4554380664652568 0.7579305135951662 0.030211480362537763 0.04758308157099698
0 0.42749244712990936 0.7590634441087614 0.010574018126888218 0.04984894259818731
0 0.3995468277945619 0.7688821752265861 0.028700906344410877 0.0513595166163142
0 0.37197885196374625 0.7737915407854985 0.02190332326283988 0.05211480362537765
1 0.36027190332326287 0.7953172205438066 0.028700906344410877 0.055891238670694864
0 0.341012084592145 0.7885196374622356 0.0188821752265861 0.05891238670694864
0 0.324773413897281 0.8036253776435045 0.0256797583081571 0.054380664652567974
0 0.3062688821752266 0.801737160120846 0.017371601208459216 0.05211480362537765
0 0.290785498489426 0.8145770392749244 0.027190332326283987 0.05060422960725076
0 0.9199395770392749 0.8440332326283988 0.03323262839879154 0.05362537764350453
1 0.8825528700906344 0.8542296072507553 0.024924471299093656 0.04984894259818731
0 0.854607250755287 0.8731117824773413 0.033987915407854986 0.05891238670694864
0 0.8153323262839879 0.8799093655589124 0.04305135951661632 0.04833836858006042
0 0.7824773413897281 0.9037009063444109 0.05740181268882175 0.04758308157099698
1 0.7564199395770392 0.9165407854984894 0.0445619335347432 0.04154078549848943
0 0.7152567975830816 0.9195619335347432 0.04078549848942598 0.05211480362537765
0 0.6842900302114804 0.927870090634441 0.0377643504531722 0.04758308157099698
1 0.6623867069486404 0.9437311178247734 0.0377643504531722 0.05060422960725076
1 0.6419939577039275 0.9539274924471299 0.03625377643504532 0.04984894259818731
0 0.6197129909365559 0.9675226586102719 0.04003021148036254 0.04380664652567976
1 0.5959214501510574 0.9724320241691843 0.03625377643504532 0.04758308157099698
0 0.5604229607250756 0.9792296072507553 0.03625377643504532 0.03851963746223565
