1 0.947129909365559 0.9359504132231405 0.0377643504531722 0.09228650137741047
0 0.9758308157099698 0.9242424242424243 0.02416918429003021 0.07162534435261708
0 0.9879154078549849 0.8526170798898072 0.021148036253776436 0.07162534435261708
0 0.8957703927492447 0.9579889807162535 0.028700906344410877 0.07300275482093664
0 0.9679003021148036 0.47658402203856753 0.02039274924471299 0.08539944903581267
0 0.9463746223564955 0.4855371900826446 0.0256797583081571 0.07024793388429752
0 0.9422205438066465 0.534435261707989 0.027945619335347432 0.07713498622589532
0 0.9172960725075529 0.5516528925619835 0.0445619335347432 0.07024793388429752
1 0.8825528700906344 0.5585399449035813 0.03851963746223565 0.08953168044077135
0 0.8610271903323263 0.5709366391184573 0.03172205438066465 0.07575757575757576
0 0.8398791540785498 0.5881542699724518 0.028700906344410877 0.06611570247933884
0 0.8270392749244713 0.6260330578512396 0.028700906344410877 0.07851239669421488
1 0.7987160120845922 0.6239669421487604 0.02945619335347432 0.08264462809917356
1 0.7968277945619335 0.668732782369146 0.03172205438066465 0.09228650137741047
1 0.7654833836858006 0.6721763085399449 0.02945619335347432 0.08539944903581267
1 0.7424471299093656 0.6935261707988981 0.0377643504531722 0.08677685950413223
1 0.7035498489425982 0.7493112947658402 0.04003021148036254 0.0881542699724518
0 0.6774924471299094 0.7479338842975207 0.027190332326283987 0.08264462809917356
0 0.6733383685800605 0.8016528925619835 0.0324773413897281 0.07713498622589532
0 0.6476586102719033 0.7878787878787878 0.02945619335347432 0.0881542699724518
0 0.648036253776435 0.8836088154269973 0.03625377643504532 0.07575757575757576
1 0.6061178247734139 0.800275482093664 0.03851963746223565 0.07162534435261708
1 0.5853474320241692 0.8353994490358126 0.04229607250755287 0.09228650137741047
0 0.5649546827794562 0.859504132231405 0.0256797583081571 0.07988980716253444
1 0.5400302114803626 0.8622589531680441 0.03625377643504532 0.07162534435261708
0 0.5320996978851964 0.9077134986225895 0.02945619335347432 0.07162534435261708
1 0.506797583081571 0.9166666666666667 0.03625377643504532 0.08953168044077135
0 0.49962235649546827 0.9421487603305785 0.035498489425981876 0.09366391184573003
1 0.47583081570996977 0.9249311294765841 0.03927492447129909 0.09779614325068871
0 0.4573262839879154 0.9476584022038568 0.035498489425981876 0.0743801652892562
0 0.438821752265861 0.9586776859504132 0.030211480362537763 0.06887052341597796
