0 0.749003984063745 0.13972809667673716 0.13545816733067728 0.03625377643504532
0 0.7948207171314741 0.12009063444108761 0.11155378486055777 0.03172205438066465
0 0.8764940239043825 0.1042296072507553 0.10358565737051792 0.045317220543806644
0 0.19820717131474103 0.09441087613293052 0.08964143426294821 0.054380664652567974
0 0.25298804780876494 0.08610271903323263 0.09163346613545817 0.055891238670694864
0 0.2948207171314741 0.07288519637462236 0.06374501992031872 0.04909365558912387
1 0.3386454183266932 0.07288519637462236 0.055776892430278883 0.05513595166163142
0 0.1454183266932271 0.10649546827794562 0.04780876494023904 0.04682779456193353
0 0.07370517928286853 0.118202416918429 0.05179282868525896 0.05362537764350453
0 0.037848605577689244 0.13028700906344412 0.06772908366533864 0.05513595166163142
0 0.5039840637450199 0.03700906344410876 0.043824701195219126 0.05740181268882175
0 0.4043824701195219 0.05513595166163142 0.07569721115537849 0.05740181268882175
