0 0.551737160120846 0.108603066439523 0.06117824773413897 0.046848381601362864
0 0.7088368580060423 0.141396933560477 0.05362537764350453 0.04258943781942078
0 0.7107250755287009 0.17248722316865417 0.0634441087613293 0.041737649063032366
0 0.7930513595166163 0.2717206132879046 0.04984894259818731 0.039182282793867124
2 0.75 0.29258943781942076 0.027190332326283987 0.031516183986371384
2 0.7930513595166163 0.2712947189097104 0.04078549848942598 0.029812606473594547
0 0.7820996978851964 0.3104770017035775 0.05362537764350453 0.036626916524701875
1 0.5521148036253777 0.15417376490630325 0.07401812688821752 0.034071550255536626
0 0.5604229607250756 0.1793015332197615 0.07854984894259819 0.03833049403747871
1 0.49509063444108764 0.20315161839863713 0.06419939577039276 0.05366269165247019
1 0.49395770392749244 0.24233390119250425 0.06646525679758308 0.031516183986371384
0 0.5630664652567976 0.25127768313458265 0.06722054380664652 0.040885860306643956
0 0.504154078549849 0.30068143100511074 0.05966767371601209 0.030664395229982964
0 0.5139728096676737 0.4199318568994889 0.05513595166163142 0.040885860306643956
0 0.5249244712990937 0.4395229982964225 0.05740181268882175 0.03236797274275979
0 0.5222809667673716 0.46465076660988075 0.05060422960725076 0.029812606473594547
0 0.5207703927492447 0.48594548551959116 0.0581570996978852 0.026405451448040886
0 0.5207703927492447 0.5195911413969335 0.0581570996978852 0.034071550255536626
0 0.5249244712990937 0.5413117546848382 0.0634441087613293 0.026405451448040886
0 0.5294561933534743 0.5813458262350937 0.055891238670694864 0.04003407155025554
0 0.533987915407855 0.6235093696763203 0.054380664652567974 0.034071550255536626
0 0.5336102719033232 0.674190800681431 0.05664652567975831 0.036626916524701875
0 0.6012084592145015 0.6839863713798978 0.060422960725075525 0.034071550255536626
0 0.5336102719033232 0.7189097103918228 0.06419939577039276 0.039182282793867124
0 0.5305891238670695 0.7619250425894378 0.06722054380664652 0.036626916524701875
0 0.554380664652568 0.8590289608177172 0.0634441087613293 0.031516183986371384
0 0.8334592145015106 0.8398637137989778 0.06570996978851963 0.034071550255536626
0 0.7790785498489426 0.807495741056218 0.05966767371601209 0.034071550255536626
0 0.774546827794562 0.7751277683134583 0.06117824773413897 0.044293015332197615
1 0.8429003021148036 0.7700170357751278 0.055891238670694864 0.027257240204429302
0 0.8293051359516617 0.793015332197615 0.052870090634441085 0.034071550255536626
0 0.823262839879154 0.7517035775127768 0.055891238670694864 0.024701873935264056
0 0.820619335347432 0.7299829642248722 0.07326283987915408 0.030664395229982964
0 0.8191087613293051 0.7052810902896082 0.06117824773413897 0.020442930153321978
0 0.8085347432024169 0.6379897785349233 0.05060422960725076 0.020442930153321978
0 0.8089123867069486 0.6077512776831346 0.0513595166163142 0.026405451448040886
0 0.8119335347432024 0.5741056218057922 0.060422960725075525 0.02555366269165247
1 0.8349697885196374 0.6733390119250426 0.05362537764350453 0.03321976149914821
1 0.797583081570997 0.38245315161839866 0.06646525679758308 0.03236797274275979
0 0.7994712990936556 0.42461669505962524 0.06117824773413897 0.028109028960817718
0 0.801737160120846 0.46252129471890974 0.0581570996978852 0.028960817717206135
0 0.8062688821752266 0.497870528109029 0.05966767371601209 0.029812606473594547
0 0.8058912386706949 0.5221465076660988 0.05740181268882175 0.028960817717206135
