0 0.5857250755287009 0.5192837465564738 0.06570996978851963 0.1349862258953168
2 0.5868580060422961 0.522038567493113 0.028700906344410877 0.05234159779614325
2 0.5921450151057401 0.5509641873278237 0.03474320241691843 0.030303030303030304
1 0.5959214501510574 0.3753443526170799 0.0513595166163142 0.10606060606060606
2 0.5966767371601208 0.38498622589531684 0.03474320241691843 0.05096418732782369
1 0.5509818731117825 0.13016528925619836 0.07175226586102719 0.14462809917355374
2 0.5509818731117825 0.13980716253443526 0.033987915407854986 0.07024793388429752
2 0.45996978851963743 0.23071625344352617 0.045317220543806644 0.07575757575757576
2 0.4675226586102719 0.28994490358126723 0.07250755287009064 0.05647382920110193
0 0.1540785498489426 0.1391184573002755 0.04380664652567976 0.12121212121212122
0 0.12802114803625378 0.15771349862258954 0.035498489425981876 0.10606060606060606
1 0.0789274924471299 0.20041322314049587 0.027945619335347432 0.07300275482093664
0 0.09592145015105741 0.22176308539944906 0.030211480362537763 0.06060606060606061
1 0.09441087613293052 0.11294765840220386 0.03323262839879154 0.1046831955922865
0 0.0411631419939577 0.25413223140495866 0.04305135951661632 0.10330578512396695
1 0.19826283987915408 0.06404958677685951 0.033987915407854986 0.10881542699724518
0 0.2277190332326284 0.06198347107438017 0.027945619335347432 0.09090909090909091
0 0.24962235649546827 0.045454545454545456 0.030966767371601207 0.0743801652892562
0 0.2775679758308157 0.03994490358126722 0.024924471299093656 0.07162534435261708
0 0.3157099697885196 0.05578512396694215 0.03625377643504532 0.10330578512396695
0 0.34516616314199394 0.046143250688705235 0.022658610271903322 0.07575757575757576
0 0.3768882175226586 0.05716253443526171 0.02416918429003021 0.08953168044077135
0 0.40181268882175225 0.04338842975206612 0.027190332326283987 0.07024793388429752
0 0.39916918429003023 0.09917355371900827 0.02945619335347432 0.06060606060606061
0 0.42182779456193353 0.12603305785123967 0.033987915407854986 0.081267217630854
