0 0.5762839879154078 0.029833836858006044 0.06948640483383686 0.026435045317220542
0 0.56797583081571 0.04267371601208459 0.060422960725075525 0.02039274924471299
0 0.5551359516616314 0.061555891238670696 0.060422960725075525 0.026435045317220542
0 0.5600453172205438 0.08761329305135952 0.0581570996978852 0.022658610271903322
0 0.5713746223564955 0.10083081570996978 0.05966767371601209 0.02190332326283988
0 0.5664652567975831 0.11744712990936555 0.0649546827794562 0.026435045317220542
1 0.5675981873111783 0.14123867069486404 0.05966767371601209 0.021148036253776436
1 0.524546827794562 0.12462235649546828 0.02945619335347432 0.05891238670694864
0 0.5687311178247734 0.1574773413897281 0.05740181268882175 0.023413897280966767
0 0.5702416918429003 0.17560422960725075 0.0634441087613293 0.024924471299093656
1 0.5649546827794562 0.1884441087613293 0.05891238670694864 0.026435045317220542
0 0.5675981873111783 0.20732628398791542 0.06117824773413897 0.0188821752265861
0 0.5581570996978852 0.22469788519637462 0.052870090634441085 0.023413897280966767
0 0.5585347432024169 0.24471299093655588 0.05664652567975831 0.021148036253776436
0 0.5641993957703928 0.2669939577039275 0.05740181268882175 0.024924471299093656
1 0.5762839879154078 0.29871601208459214 0.06797583081570997 0.0324773413897281
0 0.5675981873111783 0.32817220543806647 0.06117824773413897 0.024924471299093656
1 0.5736404833836858 0.34629909365558914 0.05664652567975831 0.02190332326283988
1 0.5796827794561934 0.3580060422960725 0.05664652567975831 0.021148036253776436
1 0.5808157099697885 0.39916918429003023 0.060422960725075525 0.023413897280966767
0 0.581570996978852 0.4248489425981873 0.0649546827794562 0.02039274924471299
1 0.5626888217522659 0.4418429003021148 0.055891238670694864 0.027190332326283987
1 0.5740181268882175 0.4509063444108761 0.060422960725075525 0.021148036253776436
1 0.5702416918429003 0.4709214501510574 0.0634441087613293 0.026435045317220542
0 0.5702416918429003 0.49773413897280966 0.06948640483383686 0.030211480362537763
0 0.5683534743202416 0.5377643504531722 0.06873111782477341 0.030211480362537763
2 0.6729607250755287 0.551737160120846 0.03927492447129909 0.04305135951661632
2 0.6389728096676737 0.6095166163141994 0.03172205438066465 0.03323262839879154
1 0.5770392749244713 0.5634441087613293 0.05740181268882175 0.02416918429003021
0 0.5728851963746223 0.5834592145015106 0.0581570996978852 0.023413897280966767
1 0.5887462235649547 0.6155589123867069 0.06722054380664652 0.02416918429003021
0 0.5592900302114804 0.6412386706948641 0.05060422960725076 0.0256797583081571
2 0.6367069486404834 0.8213746223564955 0.03625377643504532 0.03700906344410876
2 0.654833836858006 0.8455438066465257 0.0377643504531722 0.02945619335347432
2 0.6227341389728097 0.8496978851963746 0.030966767371601207 0.03474320241691843
0 0.6027190332326284 0.8243957703927492 0.03172205438066465 0.05362537764350453
0 0.5683534743202416 0.8296827794561934 0.035498489425981876 0.05513595166163142
0 0.5370090634441088 0.827416918429003 0.03323262839879154 0.0581570996978852
1 0.5003776435045317 0.824773413897281 0.02945619335347432 0.05891238670694864
0 0.524546827794562 0.9418429003021148 0.03851963746223565 0.054380664652567974
0 0.5347432024169184 0.9558157099697885 0.028700906344410877 0.04909365558912387
0 0.5592900302114804 0.9588368580060423 0.024924471299093656 0.05664652567975831
0 0.5857250755287009 0.9493957703927492 0.026435045317220542 0.055891238670694864
2 0.677870090634441 0.9848942598187311 0.03700906344410876 0.027190332326283987
1 0.8927492447129909 0.9709214501510574 0.055891238670694864 0.04305135951661632
1 0.8840634441087614 0.9165407854984894 0.05513595166163142 0.04154078549848943
1 0.875 0.8761329305135952 0.0581570996978852 0.03927492447129909
0 0.8621601208459214 0.841012084592145 0.05966767371601209 0.027945619335347432
0 0.845166163141994 0.8115558912386707 0.04833836858006042 0.04607250755287009
1 0.8636706948640483 0.7326283987915407 0.05966767371601209 0.0377643504531722
1 0.870845921450151 0.7496223564954683 0.05891238670694864 0.027945619335347432
0 0.8538519637462235 0.6914652567975831 0.05966767371601209 0.02039274924471299
0 0.854607250755287 0.6729607250755287 0.05966767371601209 0.02416918429003021
1 0.8802870090634441 0.6487915407854985 0.05664652567975831 0.0256797583081571
1 0.854607250755287 0.6336858006042296 0.05664652567975831 0.027190332326283987
1 0.8625377643504532 0.5981873111782477 0.0634441087613293 0.028700906344410877
1 0.8572507552870091 0.5891238670694864 0.06646525679758308 0.02416918429003021
1 0.8557401812688822 0.5645770392749244 0.06646525679758308 0.023413897280966767
0 0.849320241691843 0.550226586102719 0.06419939577039276 0.024924471299093656
1 0.845166163141994 0.5 0.05740181268882175 0.03172205438066465
1 0.8466767371601208 0.5253021148036254 0.07099697885196375 0.030966767371601207
1 0.8470543806646526 0.4437311178247734 0.05966767371601209 0.035498489425981876
1 0.899546827794562 0.41389728096676737 0.04078549848942598 0.06646525679758308
1 0.8447885196374623 0.39992447129909364 0.06117824773413897 0.033987915407854986
1 0.8557401812688822 0.37537764350453173 0.061933534743202415 0.030211480362537763
1 0.8629154078549849 0.34818731117824775 0.06268882175226587 0.04229607250755287
1 0.8481873111782477 0.33496978851963743 0.0634441087613293 0.03851963746223565
1 0.8432779456193353 0.16125377643504532 0.06117824773413897 0.02945619335347432
1 0.8761329305135952 0.19070996978851965 0.052870090634441085 0.0324773413897281
1 0.8727341389728097 0.21525679758308158 0.05664652567975831 0.027190332326283987
1 0.8897280966767371 0.2590634441087613 0.03323262839879154 0.0634441087613293
1 0.8357250755287009 0.24395770392749244 0.06268882175226587 0.03323262839879154
0 0.8372356495468278 0.2809667673716012 0.05513595166163142 0.030211480362537763
0 0.8470543806646526 0.2979607250755287 0.06419939577039276 0.030966767371601207
0 0.8209969788519638 0.17598187311178248 0.05740181268882175 0.019637462235649546
0 0.822129909365559 0.18995468277945618 0.06570996978851963 0.0324773413897281
0 0.8149546827794562 0.20959214501510573 0.0513595166163142 0.0324773413897281
