0 0.4078549848942598 0.3402203856749311 0.0634441087613293 0.09641873278236915
0 0.3859516616314199 0.25895316804407714 0.06797583081570997 0.07162534435261708
0 0.35989425981873113 0.19903581267217632 0.05966767371601209 0.081267217630854
0 0.3523413897280967 0.12809917355371903 0.06268882175226587 0.07162534435261708
0 0.35347432024169184 0.08057851239669422 0.06646525679758308 0.0674931129476584
1 0.3421450151057402 0.048209366391184574 0.08761329305135952 0.0743801652892562
0 0.49886706948640486 0.03787878787878788 0.06722054380664652 0.07024793388429752
0 0.5222809667673716 0.0743801652892562 0.06873111782477341 0.06887052341597796
0 0.5320996978851964 0.10950413223140495 0.035498489425981876 0.10055096418732783
0 0.5305891238670695 0.16735537190082644 0.06268882175226587 0.0674931129476584
0 0.5483383685800605 0.21487603305785125 0.061933534743202415 0.05234159779614325
0 0.5498489425981873 0.25 0.061933534743202415 0.048209366391184574
0 0.5634441087613293 0.3023415977961433 0.0649546827794562 0.07024793388429752
0 0.5649546827794562 0.3546831955922865 0.061933534743202415 0.0674931129476584
0 0.5857250755287009 0.46005509641873277 0.06570996978851963 0.07713498622589532
0 0.5955438066465257 0.5075757575757576 0.06117824773413897 0.07851239669421488
0 0.604607250755287 0.5454545454545454 0.04305135951661632 0.0743801652892562
0 0.6095166163141994 0.609504132231405 0.07250755287009064 0.08677685950413223
0 0.6325528700906344 0.6893939393939394 0.07477341389728097 0.081267217630854
0 0.6816465256797583 0.8553719008264463 0.06722054380664652 0.09090909090909091
0 0.7016616314199395 0.9366391184573003 0.07854984894259819 0.06887052341597796
