3 0.6831570996978852 0.7753021148036254 0.12009063444108761 0.1714501510574018
0 0.2836102719033233 0.11858006042296072 0.04758308157099698 0.054380664652567974
0 0.2711480362537764 0.13255287009063443 0.04229607250755287 0.05664652567975831
0 0.24584592145015105 0.14350453172205438 0.04305135951661632 0.05740181268882175
0 0.23904833836858005 0.17900302114803626 0.04607250755287009 0.060422960725075525
0 0.19901812688821752 0.1423716012084592 0.04758308157099698 0.0702416918429003
0 0.19637462235649547 0.17749244712990936 0.04229607250755287 0.060422960725075525
0 0.16125377643504532 0.15445619335347432 0.02945619335347432 0.05664652567975831
0 0.3640483383685801 0.7405589123867069 0.05740181268882175 0.030966767371601207
0 0.3723564954682779 0.7741691842900302 0.061933534743202415 0.0256797583081571
0 0.38255287009063443 0.8051359516616314 0.06570996978851963 0.03172205438066465
1 0.3938821752265861 0.8678247734138973 0.04909365558912387 0.0256797583081571
1 0.40558912386706947 0.895392749244713 0.05891238670694864 0.02945619335347432
1 0.42673716012084595 0.9478851963746223 0.04833836858006042 0.027190332326283987
0 0.41729607250755285 0.9218277945619335 0.04003021148036254 0.030966767371601207
0 0.7484894259818731 0.9176737160120846 0.027190332326283987 0.06646525679758308
1 0.43089123867069484 0.970166163141994 0.04154078549848943 0.030966767371601207
0 0.7681268882175226 0.9086102719033232 0.03323262839879154 0.05891238670694864
0 0.7847432024169184 0.9037009063444109 0.02416918429003021 0.05513595166163142
0 0.8024924471299094 0.8957703927492447 0.0188821752265861 0.060422960725075525
0 0.8285498489425982 0.8825528700906344 0.021148036253776436 0.05211480362537765
0 0.8455438066465257 0.8670694864048338 0.035498489425981876 0.05740181268882175
0 0.8693353474320241 0.8591389728096677 0.030211480362537763 0.05513595166163142
0 0.8829305135951662 0.8470543806646526 0.03172205438066465 0.05513595166163142
1 0.8999244712990937 0.8481873111782477 0.026435045317220542 0.052870090634441085
0 0.9123867069486404 0.8311933534743202 0.01812688821752266 0.0445619335347432
0 0.929380664652568 0.8319486404833837 0.026435045317220542 0.05513595166163142
0 0.9626132930513596 0.8138217522658611 0.0188821752265861 0.0581570996978852
0 0.9833836858006042 0.7847432024169184 0.030211480362537763 0.045317220543806644
0 0.9724320241691843 0.7968277945619335 0.02190332326283988 0.055891238670694864
