0 0.552870090634441 0.01850453172205438 0.05891238670694864 0.03851963746223565
0 0.5536253776435045 0.04229607250755287 0.05740181268882175 0.04229607250755287
1 0.5604229607250756 0.06382175226586102 0.054380664652567974 0.033987915407854986
1 0.5672205438066465 0.07628398791540786 0.05891238670694864 0.03474320241691843
0 0.5691087613293051 0.09592145015105741 0.06570996978851963 0.03625377643504532
1 0.5755287009063444 0.13595166163141995 0.052870090634441085 0.045317220543806644
0 0.5853474320241692 0.17069486404833836 0.060422960725075525 0.04078549848942598
0 0.5970543806646526 0.19637462235649547 0.06419939577039276 0.028700906344410877
0 0.611404833836858 0.22734138972809667 0.07175226586102719 0.03625377643504532
0 0.6076283987915407 0.24735649546827795 0.05966767371601209 0.03851963746223565
1 0.6234894259818731 0.27303625377643503 0.05966767371601209 0.0324773413897281
0 0.6231117824773413 0.2994712990936556 0.04682779456193353 0.04607250755287009
0 0.6348187311178247 0.31344410876132933 0.05362537764350453 0.04682779456193353
0 0.6419939577039275 0.3372356495468278 0.054380664652567974 0.05513595166163142
0 0.6401057401812689 0.3697129909365559 0.05966767371601209 0.027945619335347432
0 0.6499244712990937 0.3950151057401813 0.06419939577039276 0.03172205438066465
0 0.6476586102719033 0.41540785498489424 0.05513595166163142 0.03927492447129909
0 0.6563444108761329 0.43768882175226587 0.05891238670694864 0.04154078549848943
0 0.6540785498489426 0.4709214501510574 0.05891238670694864 0.04758308157099698
0 0.6665407854984894 0.5264350453172205 0.04909365558912387 0.0377643504531722
0 0.6718277945619335 0.5547583081570997 0.0445619335347432 0.04003021148036254
0 0.6816465256797583 0.5687311178247734 0.04758308157099698 0.04380664652567976
0 0.679380664652568 0.6042296072507553 0.05211480362537765 0.04682779456193353
0 0.6933534743202416 0.6423716012084593 0.052870090634441085 0.04154078549848943
0 0.7182779456193353 0.7326283987915407 0.061933534743202415 0.04833836858006042
0 0.7262084592145015 0.7764350453172205 0.05211480362537765 0.04078549848942598
0 0.7394259818731118 0.8753776435045317 0.05891238670694864 0.03625377643504532
0 0.7522658610271903 0.9259818731117825 0.05891238670694864 0.027190332326283987
1 0.7552870090634441 0.9509063444108762 0.052870090634441085 0.03172205438066465
1 0.7575528700906344 0.9671450151057401 0.05891238670694864 0.0324773413897281
0 0.7594410876132931 0.9886706948640483 0.0581570996978852 0.01812688821752266
