3 0.12776831345826234 0.5630664652567976 0.11925042589437819 0.06722054380664652
3 0.2768313458262351 0.550226586102719 0.151618398637138 0.07628398791540786
3 0.604344122657581 0.5392749244712991 0.1626916524701874 0.07250755287009064
3 0.782793867120954 0.527190332326284 0.18057921635434412 0.07854984894259819
3 0.8321976149914821 0.12726586102719034 0.09540034071550256 0.16691842900302115
2 0.8845826235093697 0.050981873111782476 0.04514480408858603 0.0324773413897281
0 0.840289608177172 0.3557401812688822 0.058773424190800685 0.04833836858006042
0 0.8347529812606473 0.4052114803625378 0.06473594548551959 0.0445619335347432
2 0.6635434412265758 0.6049848942598187 0.05792163543441227 0.030211480362537763
0 0.840289608177172 0.7250755287009063 0.06729131175468483 0.03323262839879154
0 0.8496592844974447 0.7447129909365559 0.058773424190800685 0.030211480362537763
0 0.8458262350936968 0.7647280966767371 0.06303236797274277 0.027945619335347432
0 0.8577512776831346 0.779833836858006 0.06984667802385008 0.0324773413897281
0 0.8513628620102215 0.8062688821752266 0.06388415672913117 0.026435045317220542
0 0.8534923339011925 0.8345921450151057 0.08177172061328791 0.03625377643504532
3 0.8671209540034072 0.8893504531722054 0.18057921635434412 0.08987915407854985
