0 0.3867069486404834 0.01283987915407855 0.055891238670694864 0.027190332326283987
0 0.39916918429003023 0.02945619335347432 0.05664652567975831 0.03323262839879154
0 0.41351963746223563 0.0547583081570997 0.06419939577039276 0.0324773413897281
0 0.41918429003021146 0.07628398791540786 0.052870090634441085 0.02416918429003021
0 0.45128398791540786 0.1510574018126888 0.05966767371601209 0.022658610271903322
0 0.5370090634441088 0.12462235649546828 0.05891238670694864 0.045317220543806644
0 0.5283232628398792 0.08157099697885196 0.05513595166163142 0.0256797583081571
0 0.5404078549848943 0.0547583081570997 0.03700906344410876 0.026435045317220542
0 0.5120845921450151 0.05362537764350453 0.052870090634441085 0.027190332326283987
0 0.5309667673716012 0.03172205438066465 0.055891238670694864 0.01661631419939577
0 0.5098187311178247 0.019637462235649546 0.0755287009063444 0.03323262839879154
0 0.43089123867069484 0.09176737160120846 0.05513595166163142 0.033987915407854986
0 0.4331570996978852 0.11518126888217523 0.05211480362537765 0.033987915407854986
0 0.45317220543806647 0.13066465256797583 0.060422960725075525 0.022658610271903322
