2 0.5600453172205438 0.8406344410876133 0.04003021148036254 0.03625377643504532
2 0.618202416918429 0.7941842900302115 0.024924471299093656 0.026435045317220542
0 0.36178247734138974 0.5615558912386707 0.03172205438066465 0.05211480362537765
0 0.3795317220543807 0.5947885196374623 0.027945619335347432 0.05362537764350453
0 0.39274924471299094 0.631797583081571 0.019637462235649546 0.0581570996978852
0 0.4142749244712991 0.6193353474320241 0.02190332326283988 0.0634441087613293
0 0.43013595166163143 0.6408610271903323 0.027945619335347432 0.0581570996978852
0 0.45392749244712993 0.6367069486404834 0.019637462235649546 0.0649546827794562
0 0.4901812688821752 0.6363293051359517 0.04229607250755287 0.06570996978851963
0 0.5154833836858006 0.652190332326284 0.023413897280966767 0.0702416918429003
0 0.5388972809667674 0.6533232628398792 0.017371601208459216 0.0649546827794562
0 0.5649546827794562 0.6570996978851964 0.028700906344410877 0.0649546827794562
0 0.5838368580060423 0.6948640483383686 0.02416918429003021 0.0634441087613293
0 0.6012084592145015 0.652190332326284 0.0256797583081571 0.05966767371601209
1 0.6163141993957704 0.6616314199395771 0.01812688821752266 0.0649546827794562
1 0.6442598187311178 0.648036253776435 0.04229607250755287 0.07099697885196375
0 0.698262839879154 0.6234894259818731 0.02945619335347432 0.06117824773413897
0 0.7250755287009063 0.618202416918429 0.02416918429003021 0.07326283987915408
1 0.7549093655589124 0.6404833836858006 0.02945619335347432 0.060422960725075525
0 0.7613293051359517 0.5872356495468278 0.01812688821752266 0.05513595166163142
1 0.7775679758308157 0.5936555891238671 0.02190332326283988 0.0513595166163142
0 0.8243957703927492 0.5675981873111783 0.04154078549848943 0.06570996978851963
0 0.8568731117824774 0.5566465256797583 0.026435045317220542 0.06646525679758308
0 0.877643504531722 0.5713746223564955 0.022658610271903322 0.0581570996978852
0 0.895392749244713 0.5589123867069486 0.02190332326283988 0.06646525679758308
0 0.9172960725075529 0.5490936555891238 0.0324773413897281 0.05891238670694864
0 0.9380664652567976 0.5317220543806647 0.030211480362537763 0.060422960725075525
0 0.9622356495468278 0.5419184290030211 0.027190332326283987 0.05664652567975831
0 0.976963746223565 0.5279456193353474 0.027945619335347432 0.055891238670694864
0 0.5694864048338368 0.9546827794561934 0.04682779456193353 0.0649546827794562
0 0.6064954682779456 0.9629909365558912 0.03172205438066465 0.0513595166163142
0 0.631797583081571 0.9626132930513596 0.026435045317220542 0.05966767371601209
0 0.6446374622356495 0.9335347432024169 0.035498489425981876 0.055891238670694864
0 0.6737160120845922 0.9301359516616314 0.04380664652567976 0.0445619335347432
1 0.7126132930513596 0.9290030211480362 0.05060422960725076 0.060422960725075525
0 0.7360271903323263 0.9172960725075529 0.035498489425981876 0.05513595166163142
0 0.7654833836858006 0.9206948640483383 0.033987915407854986 0.055891238670694864
0 0.777190332326284 0.898036253776435 0.0377643504531722 0.05740181268882175
1 0.7964501510574018 0.9078549848942599 0.0324773413897281 0.054380664652567974
1 0.8191087613293051 0.861404833836858 0.03851963746223565 0.04607250755287009
1 0.8285498489425982 0.9033232628398792 0.04984894259818731 0.04229607250755287
1 0.8753776435045317 0.8648036253776435 0.04078549848942598 0.061933534743202415
1 0.8863293051359517 0.847809667673716 0.04154078549848943 0.04758308157099698
0 0.9150302114803626 0.8644259818731118 0.0445619335347432 0.05060422960725076
1 0.9263595166163142 0.8383685800604229 0.04003021148036254 0.04984894259818731
0 0.955060422960725 0.8572507552870091 0.03700906344410876 0.05740181268882175
1 0.8512084592145015 0.872356495468278 0.03323262839879154 0.055891238670694864
0 0.9667673716012084 0.8172205438066465 0.0377643504531722 0.04984894259818731
0 0.9882930513595166 0.7700151057401813 0.0188821752265861 0.05060422960725076
0 0.9879154078549849 0.8417673716012085 0.019637462235649546 0.05060422960725076
