3 0.6472809667673716 0.35477001703577515 0.17522658610271905 0.09625212947189098
3 0.6450151057401813 0.49744463373083475 0.18277945619335348 0.10732538330494037
3 0.6514350453172205 0.6814310051107325 0.19108761329305135 0.10221465076660988
1 0.2707703927492447 0.39693356047700173 0.0581570996978852 0.03747870528109029
2 0.2416918429003021 0.5166098807495741 0.03323262839879154 0.0434412265758092
2 0.2175226586102719 0.534923339011925 0.03172205438066465 0.054514480408858604
0 0.2756797583081571 0.5506814310051107 0.060422960725075525 0.0434412265758092
2 0.28512084592145015 0.8432708688245315 0.033987915407854986 0.03577512776831346
2 0.30173716012084595 0.9561328790459966 0.04154078549848943 0.03833049403747871
0 0.2949395770392749 0.07240204429301533 0.05664652567975831 0.039182282793867124
0 0.27794561933534745 0.12776831345826234 0.05891238670694864 0.044293015332197615
2 0.4845166163141994 0.206984667802385 0.0445619335347432 0.03577512776831346
2 0.4898036253776435 0.23466780238500853 0.03851963746223565 0.03833049403747871
1 0.4890483383685801 0.24403747870528109 0.06873111782477341 0.03321976149914821
2 0.5438066465256798 0.28449744463373083 0.03625377643504532 0.040885860306643956
0 0.5415407854984894 0.29131175468483816 0.05891238670694864 0.040885860306643956
2 0.7685045317220544 0.1903747870528109 0.033987915407854986 0.036626916524701875
2 0.7496223564954683 0.1997444633730835 0.027945619335347432 0.026405451448040886
3 0.6272658610271903 0.08986371379897785 0.18202416918429004 0.08432708688245315
2 0.8844410876132931 0.02129471890971039 0.03625377643504532 0.04258943781942078
2 0.9172960725075529 0.15289608177172062 0.026435045317220542 0.04514480408858603
