0 0.3523413897280967 0.03512084592145015 0.06722054380664652 0.04154078549848943
0 0.37084592145015105 0.10460725075528701 0.055891238670694864 0.04003021148036254
0 0.3693353474320242 0.1559667673716012 0.0634441087613293 0.0324773413897281
0 0.37613293051359514 0.2583081570996979 0.055891238670694864 0.03625377643504532
0 0.3693353474320242 0.29531722054380666 0.054380664652567974 0.03172205438066465
0 0.36895770392749244 0.33987915407854985 0.06117824773413897 0.04229607250755287
0 0.05173716012084592 0.1846676737160121 0.04909365558912387 0.05362537764350453
0 0.04909365558912387 0.09516616314199396 0.060422960725075525 0.04078549848942598
0 0.06722054380664652 0.04947129909365559 0.054380664652567974 0.04305135951661632
0 0.3704682779456193 0.4093655589123867 0.06419939577039276 0.04380664652567976
0 0.37386706948640486 0.44826283987915405 0.055891238670694864 0.035498489425981876
0 0.3640483383685801 0.4935800604229607 0.060422960725075525 0.0324773413897281
2 0.3217522658610272 0.5781722054380665 0.030211480362537763 0.030966767371601207
2 0.2998489425981873 0.5845921450151057 0.03323262839879154 0.04380664652567976
2 0.4070996978851964 0.7016616314199395 0.03625377643504532 0.030211480362537763
2 0.2035498489425982 0.8236404833836858 0.030966767371601207 0.03700906344410876
2 0.16125377643504532 0.8444108761329305 0.03700906344410876 0.03323262839879154
0 0.06080060422960725 0.7760574018126888 0.05966767371601209 0.03700906344410876
0 0.06986404833836858 0.8429003021148036 0.05664652567975831 0.03625377643504532
0 0.06873111782477341 0.8950151057401813 0.061933534743202415 0.03474320241691843
2 0.18315709969788518 0.7009063444108762 0.03851963746223565 0.04078549848942598
0 0.054003021148036255 0.6555891238670695 0.05362537764350453 0.028700906344410877
0 0.0634441087613293 0.7273413897280967 0.055891238670694864 0.03625377643504532
