0 0.7569721115537849 0.9127643504531722 0.11952191235059761 0.035498489425981876
0 0.7938247011952191 0.8999244712990937 0.10557768924302789 0.033987915407854986
0 0.8764940239043825 0.8768882175226587 0.09561752988047809 0.04380664652567976
0 0.19820717131474103 0.8663141993957704 0.08167330677290836 0.055891238670694864
0 0.26195219123505975 0.8587613293051359 0.07370517928286853 0.05891238670694864
0 0.1553784860557769 0.8859516616314199 0.0398406374501992 0.04833836858006042
0 0.08366533864541832 0.8927492447129909 0.05179282868525896 0.052870090634441085
0 0.044820717131474105 0.9044561933534743 0.06573705179282868 0.05664652567975831
0 0.022908366533864542 0.9104984894259819 0.049800796812749 0.06268882175226587
0 0.2968127490039841 0.850453172205438 0.06374501992031872 0.054380664652567974
1 0.3396414342629482 0.8470543806646526 0.05776892430278884 0.05513595166163142
0 0.3645418326693227 0.8281722054380665 0.05179282868525896 0.04607250755287009
0 0.4073705179282868 0.8289274924471299 0.05776892430278884 0.0581570996978852
0 0.5039840637450199 0.8157099697885196 0.055776892430278883 0.04984894259818731
0 0.602589641434263 0.7817220543806647 0.07768924302788845 0.04984894259818731
0 0.5567729083665338 0.7847432024169184 0.061752988047808766 0.04380664652567976
1 0.6254980079681275 0.7666163141993958 0.0796812749003984 0.04984894259818731
0 0.6902390438247011 0.7662386706948641 0.04183266932270916 0.05060422960725076
0 0.7161354581673307 0.7654833836858006 0.05776892430278884 0.04758308157099698
0 0.7739043824701195 0.7628398791540786 0.061752988047808766 0.04984894259818731
1 0.8207171314741035 0.7575528700906344 0.06772908366533864 0.0377643504531722
