0 0.8130664652567976 0.9276859504132232 0.035498489425981876 0.07851239669421488
0 0.8024924471299094 0.9566115702479339 0.027945619335347432 0.0674931129476584
0 0.834214501510574 0.9400826446280992 0.0324773413897281 0.08402203856749312
0 0.8444108761329305 0.912534435261708 0.028700906344410877 0.08402203856749312
0 0.8697129909365559 0.9352617079889808 0.02945619335347432 0.06887052341597796
0 0.8833081570996979 0.9194214876033058 0.0324773413897281 0.09228650137741047
0 0.9101208459214502 0.9256198347107438 0.028700906344410877 0.10192837465564739
1 0.9584592145015106 0.9641873278236914 0.021148036253776436 0.06060606060606061
0 0.9335347432024169 0.8925619834710744 0.030211480362537763 0.08264462809917356
1 0.9656344410876133 0.8567493112947658 0.05664652567975831 0.05509641873278237
1 0.7847432024169184 0.3650137741046832 0.03323262839879154 0.10192837465564739
0 0.7549093655589124 0.06336088154269973 0.035498489425981876 0.07713498622589532
0 0.7284743202416919 0.05440771349862259 0.026435045317220542 0.09228650137741047
0 0.7768126888217523 0.05785123966942149 0.035498489425981876 0.09090909090909091
0 0.8032477341389728 0.05509641873278237 0.026435045317220542 0.0881542699724518
0 0.8262839879154078 0.048898071625344354 0.027190332326283987 0.07851239669421488
0 0.8542296072507553 0.0371900826446281 0.030211480362537763 0.06336088154269973
0 0.7439577039274925 0.365702479338843 0.03625377643504532 0.09504132231404959
0 0.80702416918429 0.33333333333333337 0.03851963746223565 0.08264462809917356
0 0.8308157099697885 0.3154269972451791 0.04380664652567976 0.09366391184573003
1 0.8629154078549849 0.2706611570247934 0.023413897280966767 0.10881542699724518
0 0.899546827794562 0.2644628099173554 0.03172205438066465 0.1184573002754821
0 0.9271148036253777 0.24793388429752067 0.030966767371601207 0.1046831955922865
1 0.9501510574018127 0.209366391184573 0.03172205438066465 0.07988980716253444
0 0.9637462235649547 0.4035812672176309 0.021148036253776436 0.09366391184573003
1 0.9784743202416919 0.39118457300275483 0.02945619335347432 0.1046831955922865
0 0.94297583081571 0.4283746556473829 0.02039274924471299 0.1046831955922865
0 0.9229607250755287 0.40633608815426997 0.028700906344410877 0.10192837465564739
1 0.8961480362537765 0.4166666666666667 0.024924471299093656 0.10606060606060606
0 0.8731117824773413 0.43870523415977963 0.03927492447129909 0.10055096418732783
0 0.8376132930513596 0.43388429752066116 0.04380664652567976 0.11019283746556474
0 0.8126888217522659 0.46212121212121215 0.03625377643504532 0.09779614325068871
0 0.7722809667673716 0.4724517906336088 0.033987915407854986 0.09090909090909091
0 0.5079305135951662 0.5509641873278237 0.05362537764350453 0.06887052341597796
0 0.5415407854984894 0.6349862258953168 0.05891238670694864 0.07713498622589532
0 0.5615558912386707 0.6012396694214877 0.04003021148036254 0.06473829201101929
0 0.5845921450151057 0.5723140495867769 0.04229607250755287 0.07300275482093664
1 0.6151812688821753 0.6033057851239669 0.026435045317220542 0.11019283746556474
0 0.6325528700906344 0.575068870523416 0.026435045317220542 0.08953168044077135
0 0.7496223564954683 0.5048209366391184 0.0324773413897281 0.08677685950413223
0 0.7288519637462235 0.5144628099173554 0.022658610271903322 0.08677685950413223
0 0.7073262839879154 0.5179063360881543 0.02945619335347432 0.0881542699724518
0 0.6635196374622356 0.5826446280991736 0.026435045317220542 0.11019283746556474
0 0.6861782477341389 0.5516528925619835 0.027945619335347432 0.1115702479338843
0 0.7186555891238671 0.378099173553719 0.0324773413897281 0.09779614325068871
0 0.6888217522658611 0.39462809917355374 0.03625377643504532 0.10055096418732783
0 0.6499244712990937 0.4194214876033058 0.035498489425981876 0.10606060606060606
0 0.6234894259818731 0.42768595041322316 0.04305135951661632 0.09504132231404959
0 0.5996978851963746 0.4228650137741047 0.03927492447129909 0.09366391184573003
0 0.5237915407854985 0.509641873278237 0.04305135951661632 0.0743801652892562
0 0.540785498489426 0.48140495867768596 0.04380664652567976 0.09228650137741047
0 0.5713746223564955 0.49104683195592286 0.035498489425981876 0.09228650137741047
0 0.5895015105740181 0.4696969696969697 0.035498489425981876 0.07988980716253444
0 0.4550604229607251 0.17286501377410468 0.033987915407854986 0.10330578512396695
0 0.4762084592145015 0.15702479338842976 0.04154078549848943 0.11019283746556474
0 0.49886706948640486 0.09848484848484848 0.024924471299093656 0.08953168044077135
0 0.5377643504531722 0.14738292011019283 0.0256797583081571 0.09641873278236915
0 0.5487160120845922 0.10537190082644629 0.03700906344410876 0.09779614325068871
0 0.5811933534743202 0.14393939393939395 0.026435045317220542 0.09504132231404959
1 0.573262839879154 0.05922865013774105 0.04229607250755287 0.0881542699724518
0 0.6008308157099698 0.09710743801652894 0.026435045317220542 0.10055096418732783
0 0.6064954682779456 0.05647382920110193 0.021148036253776436 0.08264462809917356
0 0.627643504531722 0.07369146005509641 0.0256797583081571 0.11432506887052342
0 0.6574773413897281 0.05509641873278237 0.030966767371601207 0.08539944903581267
0 0.6910876132930514 0.06818181818181818 0.0256797583081571 0.10606060606060606
0 0.7080815709969789 0.046143250688705235 0.030966767371601207 0.081267217630854
