0 0.38821752265861026 0.8096676737160121 0.03927492447129909 0.0770392749244713
0 0.36442598187311176 0.7866314199395771 0.04305135951661632 0.0823262839879154
0 0.33799093655589124 0.7696374622356495 0.03700906344410876 0.08006042296072508
0 0.3100453172205438 0.7556646525679759 0.0445619335347432 0.08383685800604229
0 0.2654833836858006 0.7137462235649547 0.05060422960725076 0.09063444108761329
0 0.2348942598187311 0.6952416918429003 0.0377643504531722 0.07326283987915408
0 0.2088368580060423 0.6759818731117825 0.04305135951661632 0.0770392749244713
0 0.1797583081570997 0.6597432024169184 0.0377643504531722 0.07779456193353475
0 0.03927492447129909 0.551737160120846 0.03927492447129909 0.08081570996978851
0 0.06231117824773414 0.572129909365559 0.026435045317220542 0.07779456193353475
0 0.08610271903323263 0.5804380664652568 0.0377643504531722 0.06722054380664652
0 0.11178247734138973 0.6072507552870091 0.030211480362537763 0.0649546827794562
0 0.12915407854984895 0.6246223564954683 0.04380664652567976 0.052870090634441085
1 0.01812688821752266 0.543429003021148 0.03172205438066465 0.07779456193353475
1 0.15521148036253776 0.6472809667673716 0.03700906344410876 0.0770392749244713
