0 0.20996978851963746 0.18228279386712096 0.04682779456193353 0.04599659284497445
1 0.22885196374622357 0.21890971039182283 0.04984894259818731 0.03577512776831346
1 0.243202416918429 0.24318568994889267 0.06646525679758308 0.0434412265758092
1 0.2654833836858006 0.2632027257240204 0.0581570996978852 0.044293015332197615
1 0.27341389728096677 0.28534923339011925 0.05740181268882175 0.04599659284497445
0 0.27870090634441086 0.32410562180579217 0.04984894259818731 0.03492333901192504
1 0.2820996978851964 0.356473594548552 0.05362537764350453 0.05536626916524702
1 0.283987915407855 0.4126916524701874 0.054380664652567974 0.048551959114139696
1 0.2911631419939577 0.44718909710391824 0.05362537764350453 0.056218057921635436
0 0.2945619335347432 0.4816865417376491 0.0513595166163142 0.03321976149914821
0 0.3100453172205438 0.5085178875638842 0.05362537764350453 0.044293015332197615
2 0.4622356495468278 0.4007666098807496 0.04078549848942598 0.046848381601362864
0 0.29040785498489424 0.571550255536627 0.05362537764350453 0.02385008517887564
1 0.29418429003021146 0.5898637137989778 0.05060422960725076 0.031516183986371384
0 0.29871601208459214 0.6320272572402045 0.06419939577039276 0.02555366269165247
0 0.2919184290030212 0.6528960817717206 0.05211480362537765 0.028109028960817718
1 0.2881419939577039 0.7308347529812607 0.05966767371601209 0.034071550255536626
1 0.2938066465256798 0.7423339011925043 0.055891238670694864 0.024701873935264056
1 0.2919184290030212 0.686541737649063 0.06722054380664652 0.05110732538330494
1 0.2930513595166163 0.7619250425894378 0.06797583081570997 0.024701873935264056
0 0.2930513595166163 0.7819420783645656 0.0634441087613293 0.027257240204429302
1 0.2964501510574018 0.8019591141396933 0.06268882175226587 0.03833049403747871
1 0.29607250755287007 0.8321976149914821 0.05891238670694864 0.044293015332197615
1 0.29418429003021146 0.8896933560477002 0.06419939577039276 0.036626916524701875
1 0.24735649546827795 0.9233390119250426 0.03700906344410876 0.06814310051107325
1 0.29607250755287007 0.9382453151618398 0.06646525679758308 0.03321976149914821
1 0.283987915407855 0.9603918228279387 0.07099697885196375 0.028109028960817718
1 0.2854984894259819 0.9787052810902896 0.060422960725075525 0.030664395229982964
2 0.4509063444108761 0.7840715502555367 0.03323262839879154 0.03833049403747871
