0 0.8440332326283988 0.01859504132231405 0.06873111782477341 0.03994490358126722
1 0.8364803625377644 0.03856749311294766 0.0702416918429003 0.05234159779614325
0 0.8413897280966768 0.06887052341597796 0.06797583081570997 0.049586776859504134
0 0.7915407854984894 0.04132231404958678 0.045317220543806644 0.07162534435261708
0 0.7870090634441088 0.06680440771349863 0.04229607250755287 0.07851239669421488
0 0.7787009063444109 0.0915977961432507 0.045317220543806644 0.07300275482093664
0 0.7594410876132931 0.12396694214876033 0.04154078549848943 0.09366391184573003
1 0.7715256797583081 0.11639118457300276 0.03851963746223565 0.08953168044077135
0 0.7462235649546828 0.14462809917355374 0.03625377643504532 0.0881542699724518
0 0.7330060422960725 0.1618457300275482 0.030966767371601207 0.081267217630854
0 0.7099697885196374 0.17148760330578514 0.03927492447129909 0.09504132231404959
0 0.6869335347432024 0.1921487603305785 0.04003021148036254 0.12534435261707988
0 0.6748489425981873 0.20523415977961434 0.03851963746223565 0.1046831955922865
0 0.6431268882175226 0.2066115702479339 0.0581570996978852 0.11294765840220386
1 0.6095166163141994 0.2238292011019284 0.04229607250755287 0.12534435261707988
1 0.6518126888217523 0.21625344352617082 0.04229607250755287 0.10743801652892562
0 0.5766616314199395 0.23484848484848486 0.04607250755287009 0.10606060606060606
1 0.5615558912386707 0.2603305785123967 0.05211480362537765 0.09917355371900827
0 0.5419184290030211 0.2830578512396694 0.05513595166163142 0.08677685950413223
0 0.5101963746223565 0.3009641873278237 0.04909365558912387 0.12258953168044077
0 0.48678247734138974 0.3216253443526171 0.02945619335347432 0.12534435261707988
0 0.46034743202416917 0.2926997245179063 0.04305135951661632 0.08677685950413223
0 0.4176737160120846 0.35881542699724517 0.027190332326283987 0.10055096418732783
1 0.4342900302114804 0.32920110192837465 0.045317220543806644 0.1046831955922865
0 0.3768882175226586 0.7224517906336089 0.03927492447129909 0.09228650137741047
0 0.40181268882175225 0.5929752066115702 0.030211480362537763 0.10606060606060606
0 0.3878398791540785 0.6122589531680441 0.02190332326283988 0.10330578512396695
1 0.4206948640483384 0.5709366391184573 0.03323262839879154 0.1115702479338843
0 0.4407099697885196 0.5654269972451791 0.026435045317220542 0.1115702479338843
0 0.45959214501510576 0.5757575757575758 0.024924471299093656 0.09366391184573003
1 0.4679003021148036 0.5578512396694215 0.03851963746223565 0.11570247933884298
1 0.4860271903323263 0.5351239669421488 0.03851963746223565 0.10881542699724518
1 0.5101963746223565 0.5303030303030303 0.04154078549848943 0.11570247933884298
0 0.5302114803625377 0.5309917355371901 0.03323262839879154 0.09779614325068871
0 0.5392749244712991 0.5123966942148761 0.03474320241691843 0.09641873278236915
0 0.5577794561933535 0.487603305785124 0.030966767371601207 0.11019283746556474
0 0.5766616314199395 0.4724517906336088 0.0324773413897281 0.11019283746556474
1 0.5955438066465257 0.4820936639118457 0.03851963746223565 0.11019283746556474
0 0.6155589123867069 0.46556473829201106 0.04229607250755287 0.11019283746556474
1 0.6389728096676737 0.45041322314049587 0.03323262839879154 0.12121212121212122
1 0.6695619335347432 0.42768595041322316 0.04909365558912387 0.10606060606060606
0 0.6574773413897281 0.44696969696969696 0.033987915407854986 0.1115702479338843
0 0.7084592145015106 0.40771349862258954 0.027190332326283987 0.11570247933884298
0 0.7246978851963746 0.3925619834710744 0.0324773413897281 0.11019283746556474
0 0.7405589123867069 0.3925619834710744 0.03851963746223565 0.11294765840220386
0 0.7715256797583081 0.3629476584022039 0.0324773413897281 0.10055096418732783
0 0.756797583081571 0.37396694214876036 0.03474320241691843 0.11707988980716254
0 0.7854984894259819 0.331267217630854 0.0377643504531722 0.1115702479338843
0 0.8119335347432024 0.32300275482093666 0.0377643504531722 0.1115702479338843
0 0.8308157099697885 0.2975206611570248 0.04229607250755287 0.10743801652892562
