1 0.774546827794562 0.03209969788519638 0.06117824773413897 0.024924471299093656
0 0.7719033232628398 0.06533232628398791 0.05740181268882175 0.027945619335347432
0 0.7726586102719033 0.08421450151057402 0.060422960725075525 0.02190332326283988
0 0.7734138972809668 0.1095166163141994 0.054380664652567974 0.021148036253776436
1 0.7450906344410876 0.15181268882175228 0.04003021148036254 0.0513595166163142
1 0.7613293051359517 0.18768882175226587 0.06797583081570997 0.026435045317220542
0 0.7715256797583081 0.2171450151057402 0.04758308157099698 0.035498489425981876
0 0.7820996978851964 0.2639728096676737 0.027945619335347432 0.05362537764350453
1 0.7492447129909365 0.27492447129909364 0.030211480362537763 0.060422960725075525
0 0.7337613293051359 0.28058912386706947 0.0324773413897281 0.05211480362537765
0 0.7141238670694864 0.286631419939577 0.02190332326283988 0.05060422960725076
0 0.6978851963746223 0.290785498489426 0.021148036253776436 0.0513595166163142
1 0.6499244712990937 0.277190332326284 0.04305135951661632 0.054380664652567974
1 0.6824018126888217 0.2820996978851964 0.017371601208459216 0.05664652567975831
2 0.03512084592145015 0.46487915407854985 0.03700906344410876 0.05513595166163142
2 0.03172205438066465 0.5275679758308157 0.03474320241691843 0.03700906344410876
2 0.023036253776435044 0.19410876132930513 0.026435045317220542 0.021148036253776436
0 0.13444108761329304 0.2243202416918429 0.06646525679758308 0.04380664652567976
0 0.12726586102719034 0.10536253776435045 0.05211480362537765 0.02190332326283988
0 0.15256797583081572 0.1268882175226586 0.05891238670694864 0.03625377643504532
0 0.1642749244712991 0.14841389728096677 0.0581570996978852 0.027945619335347432
0 0.14577039274924472 0.16729607250755288 0.052870090634441085 0.017371601208459216
0 0.17711480362537765 0.2054380664652568 0.05211480362537765 0.022658610271903322
0 0.1865558912386707 0.26510574018126887 0.060422960725075525 0.02416918429003021
0 0.21450151057401812 0.283987915407855 0.05891238670694864 0.03172205438066465
0 0.1778700906344411 0.3168429003021148 0.06117824773413897 0.024924471299093656
0 0.2601963746223565 0.2416918429003021 0.027945619335347432 0.04984894259818731
0 0.3368580060422961 0.23867069486404835 0.0649546827794562 0.027190332326283987
0 0.300226586102719 0.2556646525679758 0.05966767371601209 0.0188821752265861
0 0.2983383685800604 0.27416918429003023 0.054380664652567974 0.019637462235649546
1 0.290785498489426 0.28965256797583083 0.05740181268882175 0.017371601208459216
0 0.29720543806646527 0.30891238670694865 0.04758308157099698 0.030211480362537763
0 0.33270392749244715 0.2964501510574018 0.02945619335347432 0.04909365558912387
0 0.23678247734138974 0.30966767371601206 0.05211480362537765 0.04229607250755287
0 0.24622356495468278 0.32779456193353473 0.05891238670694864 0.027190332326283987
0 0.2345166163141994 0.11782477341389729 0.05513595166163142 0.0256797583081571
0 0.22734138972809667 0.08761329305135952 0.061933534743202415 0.022658610271903322
1 0.2949395770392749 0.11140483383685801 0.06268882175226587 0.024924471299093656
1 0.30702416918429004 0.13066465256797583 0.05513595166163142 0.019637462235649546
1 0.3100453172205438 0.15861027190332327 0.05664652567975831 0.0377643504531722
1 0.3542296072507553 0.29607250755287007 0.019637462235649546 0.04984894259818731
0 0.3783987915407855 0.3085347432024169 0.02416918429003021 0.06268882175226587
0 0.395392749244713 0.2979607250755287 0.023413897280966767 0.05362537764350453
0 0.41729607250755285 0.2994712990936556 0.026435045317220542 0.0581570996978852
1 0.4618580060422961 0.30060422960725075 0.0188821752265861 0.05891238670694864
1 0.47583081570996977 0.2994712990936556 0.021148036253776436 0.05664652567975831
0 0.436178247734139 0.2979607250755287 0.02190332326283988 0.05513595166163142
0 0.581570996978852 0.40181268882175225 0.04682779456193353 0.04984894259818731
1 0.5396525679758308 0.24055891238670696 0.06268882175226587 0.0445619335347432
0 0.5604229607250756 0.28700906344410876 0.019637462235649546 0.052870090634441085
0 0.5759063444108762 0.29003021148036257 0.014350453172205438 0.052870090634441085
0 0.5887462235649547 0.283987915407855 0.0188821752265861 0.0513595166163142
0 0.6098942598187311 0.2862537764350453 0.02190332326283988 0.055891238670694864
1 0.627643504531722 0.1797583081570997 0.0513595166163142 0.05740181268882175
0 0.618202416918429 0.44939577039274925 0.05513595166163142 0.021148036253776436
1 0.6200906344410876 0.422583081570997 0.0513595166163142 0.026435045317220542
0 0.6242447129909365 0.3840634441087613 0.04607250755287009 0.03700906344410876
1 0.8666918429003021 0.054003021148036255 0.06117824773413897 0.02945619335347432
0 0.8855740181268882 0.0823262839879154 0.05664652567975831 0.027190332326283987
0 0.8870845921450151 0.11329305135951662 0.05211480362537765 0.021148036253776436
0 0.8840634441087614 0.1608761329305136 0.05513595166163142 0.0256797583081571
0 0.888595166163142 0.18542296072507553 0.0581570996978852 0.026435045317220542
0 0.8893504531722054 0.22280966767371602 0.05211480362537765 0.0377643504531722
0 0.895392749244713 0.25113293051359514 0.04607250755287009 0.027945619335347432
0 0.898036253776435 0.28134441087613293 0.04984894259818731 0.02190332326283988
0 0.8855740181268882 0.30249244712990936 0.05211480362537765 0.017371601208459216
1 0.8836858006042296 0.33459214501510576 0.05891238670694864 0.02416918429003021
1 0.8923716012084593 0.3187311178247734 0.05362537764350453 0.021148036253776436
0 0.8799093655589124 0.37273413897280966 0.04682779456193353 0.02945619335347432
