0 0.01850453172205438 0.32325383304940375 0.026435045317220542 0.05706984667802385
0 0.03663141993957704 0.31771720613287907 0.023413897280966767 0.059625212947189095
0 0.05891238670694864 0.3151618398637138 0.028700906344410877 0.06984667802385008
0 0.08950151057401813 0.30664395229982966 0.027945619335347432 0.05110732538330494
0 0.10876132930513595 0.2972742759795571 0.030211480362537763 0.06303236797274277
0 0.1404833836858006 0.27981260647359457 0.030211480362537763 0.062180579216354344
1 0.1627643504531722 0.2614991482112436 0.04305135951661632 0.05110732538330494
1 0.20506042296072508 0.2453151618398637 0.04758308157099698 0.06473594548551959
0 0.24471299093655588 0.23168654173764908 0.03474320241691843 0.06473594548551959
0 0.2620845921450151 0.2282793867120954 0.03172205438066465 0.06132879045996593
0 0.27794561933534745 0.22359454855195912 0.03474320241691843 0.065587734241908
0 0.33648036253776437 0.2014480408858603 0.023413897280966767 0.062180579216354344
0 0.3576283987915408 0.19293015332197616 0.04003021148036254 0.06388415672913117
0 0.38746223564954685 0.18824531516183987 0.028700906344410877 0.056218057921635436
0 0.40483383685800606 0.174190800681431 0.04682779456193353 0.06047700170357751
0 0.45770392749244715 0.14224872231686542 0.045317220543806644 0.06473594548551959
0 0.4754531722054381 0.13245315161839863 0.030966767371601207 0.05706984667802385
0 0.5052870090634441 0.13373083475298125 0.04078549848942598 0.06303236797274277
1 0.5279456193353474 0.12308347529812606 0.04380664652567976 0.058773424190800685
1 0.3104229607250755 0.20570698466780238 0.030211480362537763 0.065587734241908
0 0.5577794561933535 0.11456558773424191 0.027945619335347432 0.062180579216354344
0 0.5804380664652568 0.10689948892674617 0.030966767371601207 0.06047700170357751
0 0.6265105740181269 0.05749574105621806 0.033987915407854986 0.0706984667802385
0 0.6472809667673716 0.05153321976149915 0.03172205438066465 0.065587734241908
0 0.6703172205438066 0.054514480408858604 0.03700906344410876 0.05792163543441227
0 0.6922205438066465 0.04599659284497445 0.03851963746223565 0.05110732538330494
0 0.7194108761329305 0.03747870528109029 0.0445619335347432 0.059625212947189095
0 0.7337613293051359 0.026831345826235094 0.0445619335347432 0.05366269165247019
0 0.745845921450151 0.030664395229982964 0.0581570996978852 0.04770017035775128
0 0.7779456193353474 0.022572402044293016 0.0377643504531722 0.04514480408858603
0 0.8077794561933535 0.022998296422487224 0.030966767371601207 0.04770017035775128
1 0.604607250755287 0.08986371379897785 0.03700906344410876 0.06047700170357751
1 0.052870090634441085 0.11115843270868825 0.03625377643504532 0.06047700170357751
1 0.06986404833836858 0.08603066439522998 0.03851963746223565 0.059625212947189095
1 0.12915407854984895 0.0813458262350937 0.027190332326283987 0.051959114139693355
1 0.14992447129909364 0.06856899488926746 0.0324773413897281 0.06047700170357751
1 0.1646525679758308 0.05366269165247019 0.03625377643504532 0.059625212947189095
0 0.10007552870090634 0.08177172061328791 0.0324773413897281 0.06303236797274277
0 0.19486404833836857 0.048551959114139696 0.03474320241691843 0.06814310051107325
0 0.2212990936555891 0.040885860306643956 0.02416918429003021 0.056218057921635436
0 0.2413141993957704 0.03321976149914821 0.04154078549848943 0.06814310051107325
0 0.2601963746223565 0.024701873935264056 0.0324773413897281 0.05110732538330494
0 0.3074018126888218 0.018313458262350937 0.028700906344410877 0.03833049403747871
1 0.2836102719033233 0.019165247018739354 0.02190332326283988 0.04003407155025554
