2 0.37915407854984895 0.6450151057401813 0.04380664652567976 0.04984894259818731
0 0.9618580060422961 0.00906344410876133 0.04909365558912387 0.01661631419939577
0 0.9614803625377644 0.030589123867069485 0.052870090634441085 0.026435045317220542
0 0.9694108761329305 0.055891238670694864 0.04909365558912387 0.02416918429003021
0 0.9697885196374623 0.07817220543806647 0.04984894259818731 0.0188821752265861
0 0.9697885196374623 0.09101208459214502 0.0513595166163142 0.024924471299093656
0 0.9709214501510574 0.11253776435045318 0.05513595166163142 0.021148036253776436
1 0.9750755287009063 0.13821752265861026 0.04229607250755287 0.027190332326283987
0 0.9777190332326284 0.16503021148036254 0.04003021148036254 0.026435045317220542
1 0.9788519637462235 0.19259818731117825 0.0377643504531722 0.022658610271903322
1 0.9799848942598187 0.21978851963746224 0.035498489425981876 0.021148036253776436
0 0.9830060422960725 0.24546827794561935 0.030966767371601207 0.01812688821752266
