0 0.25255536626916525 0.9105621805792163 0.05366269165247019 0.030664395229982964
3 0.9689097103918228 0.8057921635434412 0.058773424190800685 0.21465076660988075
2 0.45528109028960817 0.03534923339011925 0.048551959114139696 0.041737649063032366
0 0.4497444633730835 0.11328790459965929 0.05792163543441227 0.06473594548551959
0 0.4403747870528109 0.07453151618398637 0.04770017035775128 0.05536626916524702
0 0.4190800681431005 0.05792163543441227 0.040885860306643956 0.06473594548551959
0 0.3960817717206133 0.07197614991482112 0.040885860306643956 0.048551959114139696
0 0.37734241908006816 0.07027257240204429 0.030664395229982964 0.062180579216354344
1 0.3577512776831346 0.0813458262350937 0.03747870528109029 0.065587734241908
0 0.3351788756388416 0.0762350936967632 0.03321976149914821 0.05706984667802385
0 0.3151618398637138 0.09071550255536627 0.030664395229982964 0.05706984667802385
0 0.2942930153321976 0.08517887563884156 0.03833049403747871 0.06814310051107325
0 0.2632027257240204 0.09028960817717206 0.034071550255536626 0.06473594548551959
0 0.24148211243611584 0.08986371379897785 0.031516183986371384 0.062180579216354344
0 0.2223168654173765 0.10434412265758092 0.04258943781942078 0.05366269165247019
0 0.2018739352640545 0.09838160136286202 0.03747870528109029 0.048551959114139696
0 0.19761499148211245 0.07921635434412266 0.040885860306643956 0.04770017035775128
1 0.1682282793867121 0.0868824531516184 0.036626916524701875 0.06643952299829642
1 0.15417376490630325 0.08858603066439523 0.030664395229982964 0.06473594548551959
1 0.13969335604770017 0.11328790459965929 0.04599659284497445 0.04258943781942078
0 0.11626916524701875 0.08986371379897785 0.03321976149914821 0.062180579216354344
0 0.10136286201022146 0.09327086882453152 0.030664395229982964 0.05706984667802385
0 0.07879045996592846 0.09838160136286202 0.036626916524701875 0.06047700170357751
0 0.05366269165247019 0.10647359454855196 0.030664395229982964 0.06132879045996593
0 0.032793867120954 0.08986371379897785 0.03321976149914821 0.06388415672913117
1 0.020868824531516183 0.10775127768313458 0.026405451448040886 0.062180579216354344
