1 0.479607250755287 0.8601928374655647 0.0513595166163142 0.08402203856749312
1 0.4535498489425982 0.7203856749311295 0.04909365558912387 0.07988980716253444
0 0.4516616314199396 0.65633608815427 0.0513595166163142 0.05647382920110193
1 0.4354229607250755 0.597107438016529 0.05060422960725076 0.081267217630854
1 0.38821752265861026 0.33333333333333337 0.060422960725075525 0.07162534435261708
0 0.36253776435045315 0.20385674931129477 0.05891238670694864 0.07162534435261708
0 0.43051359516616317 0.03168044077134986 0.07250755287009064 0.046831955922865015
0 0.4407099697885196 0.09710743801652894 0.04758308157099698 0.05371900826446281
1 0.44637462235649544 0.13292011019283748 0.061933534743202415 0.05371900826446281
0 0.4520392749244713 0.174931129476584 0.06117824773413897 0.049586776859504134
1 0.4561933534743202 0.21418732782369146 0.05891238670694864 0.05922865013774105
1 0.4818731117824773 0.2679063360881543 0.05740181268882175 0.05096418732782369
1 0.47583081570996977 0.3119834710743802 0.0649546827794562 0.05096418732782369
0 0.4799848942598187 0.3546831955922865 0.0581570996978852 0.03994490358126722
0 0.48564954682779454 0.39325068870523416 0.04682779456193353 0.05096418732782369
0 0.502643504531722 0.49104683195592286 0.04909365558912387 0.05922865013774105
0 0.49924471299093653 0.4428374655647383 0.054380664652567974 0.05371900826446281
0 0.5052870090634441 0.534435261707989 0.0513595166163142 0.03581267217630854
1 0.5173716012084593 0.6487603305785125 0.04380664652567976 0.07988980716253444
0 0.5173716012084593 0.5867768595041323 0.04682779456193353 0.05234159779614325
0 0.524546827794562 0.6893939393939394 0.04758308157099698 0.07575757575757576
1 0.5366314199395771 0.7348484848484849 0.05664652567975831 0.05096418732782369
0 0.5479607250755287 0.7679063360881543 0.05362537764350453 0.05922865013774105
1 0.5487160120845922 0.8009641873278237 0.0445619335347432 0.05647382920110193
0 0.5589123867069486 0.8505509641873279 0.04229607250755287 0.05647382920110193
1 0.5657099697885196 0.8815426997245179 0.04682779456193353 0.049586776859504134
0 0.5645770392749244 0.9139118457300276 0.05211480362537765 0.048209366391184574
1 0.5725075528700906 0.9531680440771351 0.04682779456193353 0.07988980716253444
