2 0.13406344410876134 0.21601208459214502 0.04305135951661632 0.03474320241691843
0 0.17900302114803626 0.05060422960725076 0.07099697885196375 0.03927492447129909
0 0.20430513595166164 0.0702416918429003 0.05211480362537765 0.03323262839879154
0 0.21601208459214502 0.08874622356495468 0.060422960725075525 0.0324773413897281
0 0.20090634441087613 0.10460725075528701 0.0634441087613293 0.04003021148036254
0 0.22167673716012085 0.1095166163141994 0.05664652567975831 0.03474320241691843
0 0.22205438066465258 0.12386706948640483 0.054380664652567974 0.03625377643504532
0 0.2311178247734139 0.13481873111782477 0.0649546827794562 0.035498489425981876
0 0.2398036253776435 0.1555891238670695 0.05966767371601209 0.03474320241691843
0 0.24244712990936557 0.1695619335347432 0.07250755287009064 0.04003021148036254
0 0.24773413897280966 0.18504531722054382 0.08157099697885196 0.030211480362537763
1 0.2526435045317221 0.20808157099697885 0.07326283987915408 0.04003021148036254
1 0.2564199395770393 0.22318731117824772 0.07175226586102719 0.03851963746223565
0 0.26132930513595165 0.23716012084592145 0.07099697885196375 0.04380664652567976
1 0.2669939577039275 0.25793051359516617 0.07175226586102719 0.04154078549848943
0 0.270392749244713 0.2669939577039275 0.06646525679758308 0.03700906344410876
0 0.2854984894259819 0.28134441087613293 0.07854984894259819 0.03700906344410876
0 0.2753021148036254 0.2964501510574018 0.06268882175226587 0.02945619335347432
0 0.29682779456193353 0.32439577039274925 0.07099697885196375 0.033987915407854986
1 0.2998489425981873 0.3421450151057402 0.08157099697885196 0.03927492447129909
0 0.2979607250755287 0.36064954682779454 0.07477341389728097 0.035498489425981876
0 0.2983383685800604 0.37915407854984895 0.06948640483383686 0.03323262839879154
0 0.3157099697885196 0.3919939577039275 0.06948640483383686 0.03474320241691843
0 0.31344410876132933 0.4097432024169184 0.06646525679758308 0.03851963746223565
0 0.3183534743202417 0.4248489425981873 0.06419939577039276 0.04003021148036254
0 0.3319486404833837 0.43844410876132933 0.06570996978851963 0.03700906344410876
0 0.3251510574018127 0.45845921450151056 0.06722054380664652 0.03625377643504532
0 0.3391238670694864 0.4716767371601208 0.05891238670694864 0.0324773413897281
0 0.33081570996978854 0.4826283987915408 0.07099697885196375 0.03172205438066465
0 0.34894259818731116 0.4916918429003021 0.07250755287009064 0.03474320241691843
1 0.33987915407854985 0.5181268882175226 0.07099697885196375 0.04380664652567976
1 0.3447885196374622 0.5313444108761329 0.07628398791540786 0.04607250755287009
0 0.35989425981873113 0.5388972809667674 0.06873111782477341 0.03851963746223565
1 0.36367069486404835 0.5551359516616314 0.06873111782477341 0.03323262839879154
0 0.361404833836858 0.5740181268882175 0.06873111782477341 0.030211480362537763
0 0.3734894259818731 0.5864803625377644 0.06419939577039276 0.030966767371601207
0 0.3859516616314199 0.6012084592145015 0.0649546827794562 0.028700906344410877
0 0.3904833836858006 0.618202416918429 0.06797583081570997 0.030966767371601207
0 0.3961480362537764 0.6344410876132931 0.07175226586102719 0.03625377643504532
0 0.4078549848942598 0.6503021148036254 0.07854984894259819 0.04078549848942598
0 0.4025679758308157 0.6710725075528701 0.0770392749244713 0.035498489425981876
1 0.41351963746223563 0.6884441087613293 0.07175226586102719 0.0324773413897281
0 0.4131419939577039 0.7039274924471299 0.0770392749244713 0.03625377643504532
0 0.42560422960725075 0.7205438066465257 0.08081570996978851 0.03172205438066465
0 0.42673716012084595 0.7375377643504532 0.0755287009063444 0.024924471299093656
0 0.4259818731117825 0.7549093655589124 0.06797583081570997 0.033987915407854986
0 0.4399546827794562 0.7737915407854985 0.06570996978851963 0.035498489425981876
0 0.4169184290030212 0.793429003021148 0.0649546827794562 0.04003021148036254
0 0.44637462235649544 0.7960725075528701 0.0649546827794562 0.03474320241691843
0 0.4535498489425982 0.8270392749244713 0.0581570996978852 0.03323262839879154
0 0.43731117824773413 0.845166163141994 0.06797583081570997 0.03323262839879154
0 0.45317220543806647 0.8587613293051359 0.061933534743202415 0.03172205438066465
0 0.4335347432024169 0.8663141993957704 0.0649546827794562 0.03474320241691843
0 0.47205438066465255 0.8840634441087614 0.0755287009063444 0.03700906344410876
0 0.46299093655589124 0.922583081570997 0.06797583081570997 0.02945619335347432
0 0.47016616314199394 0.9342900302114804 0.07477341389728097 0.04229607250755287
0 0.4882930513595166 0.9622356495468278 0.07175226586102719 0.03625377643504532
0 0.486404833836858 0.9750755287009063 0.06948640483383686 0.03927492447129909
0 0.9101208459214502 0.05022658610271903 0.04682779456193353 0.04758308157099698
0 0.8878398791540786 0.0222809667673716 0.04305135951661632 0.04305135951661632
0 0.8693353474320241 0.020770392749244714 0.04380664652567976 0.04154078549848943
0 0.8376132930513596 0.012462235649546828 0.030211480362537763 0.024924471299093656
