3 0.8377342419080068 0.20996978851963746 0.18143100511073254 0.07099697885196375
3 0.46976149914821125 0.17220543806646527 0.18143100511073254 0.13444108761329304
3 0.47487223168654175 0.061555891238670696 0.1746166950596252 0.11706948640483383
2 0.24148211243611584 0.39916918429003023 0.062180579216354344 0.024924471299093656
2 0.16780238500851788 0.3851963746223565 0.056218057921635436 0.030211480362537763
1 0.20954003407155025 0.56797583081571 0.05792163543441227 0.04078549848942598
0 0.4867972742759796 0.504154078549849 0.0706984667802385 0.0324773413897281
0 0.47402044293015333 0.5283232628398792 0.062180579216354344 0.0324773413897281
0 0.5843270868824532 0.5290785498489426 0.05792163543441227 0.0324773413897281
1 0.6098807495741057 0.5709969788519638 0.06984667802385008 0.028700906344410877
