3 0.2122356495468278 0.9569486404833837 0.2084592145015106 0.07854984894259819
3 0.4248489425981873 0.8833081570996979 0.18051359516616314 0.12311178247734139
0 0.6299093655589124 0.7719033232628398 0.03927492447129909 0.0649546827794562
0 0.6699395770392749 0.7583081570996979 0.030211480362537763 0.0634441087613293
1 0.6978851963746223 0.7484894259818731 0.03474320241691843 0.05891238670694864
0 0.7330060422960725 0.726963746223565 0.02945619335347432 0.06117824773413897
0 0.752643504531722 0.722809667673716 0.026435045317220542 0.0634441087613293
0 0.7658610271903323 0.7216767371601208 0.027190332326283987 0.06722054380664652
0 0.7941842900302115 0.7137462235649547 0.033987915407854986 0.055891238670694864
0 0.8183534743202416 0.7073262839879154 0.02945619335347432 0.05966767371601209
0 0.8349697885196374 0.6944864048338368 0.02039274924471299 0.05664652567975831
0 0.8512084592145015 0.6910876132930514 0.03323262839879154 0.055891238670694864
0 0.8731117824773413 0.6729607250755287 0.02416918429003021 0.04380664652567976
0 0.8969033232628398 0.6597432024169184 0.03700906344410876 0.05060422960725076
0 0.9191842900302115 0.6593655589123867 0.03474320241691843 0.0634441087613293
0 0.9358006042296072 0.6401057401812689 0.03323262839879154 0.04909365558912387
0 0.9584592145015106 0.6197129909365559 0.030211480362537763 0.05211480362537765
0 0.979607250755287 0.5811933534743202 0.03625377643504532 0.0324773413897281
0 0.9633685800604229 0.9833836858006042 0.05060422960725076 0.027190332326283987
0 0.9577039274924471 0.9611027190332326 0.0513595166163142 0.017371601208459216
0 0.9493957703927492 0.94297583081571 0.061933534743202415 0.027945619335347432
0 0.9403323262839879 0.9195619335347432 0.060422960725075525 0.02945619335347432
0 0.9512839879154078 0.8987915407854985 0.05060422960725076 0.022658610271903322
0 0.9641238670694864 0.8738670694864048 0.05060422960725076 0.027190332326283987
0 0.9656344410876133 0.8557401812688822 0.04305135951661632 0.028700906344410877
