0 0.11329305135951662 0.206984667802385 0.06948640483383686 0.05281090289608177
0 0.12802114803625378 0.2610732538330494 0.05966767371601209 0.05025553662691652
0 0.13783987915407855 0.282793867120954 0.05966767371601209 0.04940374787052811
0 0.16049848942598188 0.32836456558773425 0.06268882175226587 0.048551959114139696
0 0.15445619335347432 0.35562180579216357 0.06117824773413897 0.04003407155025554
0 0.17598187311178248 0.3739352640545145 0.05891238670694864 0.05281090289608177
0 0.18391238670694865 0.41141396933560476 0.05513595166163142 0.05110732538330494
0 0.19977341389728095 0.436541737649063 0.06419939577039276 0.05025553662691652
1 0.20921450151057402 0.47402044293015333 0.07099697885196375 0.05025553662691652
0 0.21638972809667673 0.5029812606473595 0.06117824773413897 0.05366269165247019
0 0.02379154078549849 0.6405451448040886 0.04607250755287009 0.027257240204429302
1 0.02190332326283988 0.6631175468483816 0.045317220543806644 0.029812606473594547
0 0.028700906344410877 0.6984667802385008 0.0513595166163142 0.03747870528109029
0 0.03851963746223565 0.7265758091993186 0.060422960725075525 0.03747870528109029
0 0.04154078549848943 0.7470187393526405 0.0649546827794562 0.040885860306643956
0 0.04154078549848943 0.7661839863713799 0.060422960725075525 0.0434412265758092
1 0.054003021148036255 0.7968483816013628 0.06722054380664652 0.048551959114139696
1 0.06646525679758308 0.8287904599659285 0.07250755287009064 0.05281090289608177
0 0.08119335347432025 0.8590289608177172 0.07628398791540786 0.04003407155025554
0 0.08534743202416918 0.8909710391822828 0.07401812688821752 0.03747870528109029
0 0.09705438066465256 0.9101362862010222 0.07628398791540786 0.03833049403747871
0 0.1027190332326284 0.9399488926746167 0.07099697885196375 0.0434412265758092
0 0.12046827794561933 0.9637989778534923 0.0702416918429003 0.031516183986371384
0 0.3323262839879154 0.8321976149914821 0.0634441087613293 0.044293015332197615
0 0.3387462235649547 0.8671209540034072 0.05664652567975831 0.056218057921635436
0 0.3466767371601208 0.8824531516183987 0.061933534743202415 0.040885860306643956
1 0.3549848942598187 0.9088586030664395 0.0649546827794562 0.04770017035775128
0 0.3447885196374622 0.9339863713798978 0.04758308157099698 0.05536626916524702
0 0.36253776435045315 0.9637989778534923 0.054380664652567974 0.05025553662691652
0 0.3859516616314199 0.9850936967632027 0.07401812688821752 0.026405451448040886
0 0.8901057401812689 0.7061328790459966 0.07326283987915408 0.034071550255536626
0 0.8878398791540786 0.764480408858603 0.06722054380664652 0.029812606473594547
0 0.9101208459214502 0.8070698466780238 0.07099697885196375 0.046848381601362864
0 0.9210725075528701 0.8816013628620102 0.06570996978851963 0.040885860306643956
