1 0.3421450151057402 0.03705281090289608 0.04984894259818731 0.07240204429301533
1 0.3870845921450151 0.023424190800681432 0.06419939577039276 0.04003407155025554
0 0.3802870090634441 0.09156729131175469 0.04909365558912387 0.028109028960817718
0 0.3776435045317221 0.11669505962521295 0.04984894259818731 0.028960817717206135
0 0.3678247734138973 0.1567291311754685 0.05891238670694864 0.027257240204429302
1 0.37537764350453173 0.19378194207836458 0.05891238670694864 0.028109028960817718
1 0.37726586102719034 0.20528109028960817 0.05513595166163142 0.02555366269165247
1 0.37802114803625375 0.24361158432708688 0.05966767371601209 0.034071550255536626
1 0.3716012084592145 0.2666098807495741 0.0649546827794562 0.02385008517887564
0 0.37084592145015105 0.2836456558773424 0.05740181268882175 0.028960817717206135
0 0.3595166163141994 0.3479557069846678 0.05740181268882175 0.029812606473594547
0 0.361404833836858 0.39991482112436116 0.05513595166163142 0.024701873935264056
1 0.36555891238670696 0.4169505962521295 0.055891238670694864 0.024701873935264056
0 0.3610271903323263 0.4680579216354344 0.05740181268882175 0.019591141396933562
0 0.35989425981873113 0.4842419080068143 0.05513595166163142 0.024701873935264056
0 0.3621601208459215 0.5076660988074958 0.05513595166163142 0.028960817717206135
0 0.36555891238670696 0.5298126064735945 0.054380664652567974 0.03236797274275979
0 0.3610271903323263 0.5617546848381602 0.052870090634441085 0.024701873935264056
0 0.36253776435045315 0.5817717206132879 0.052870090634441085 0.02555366269165247
0 0.3595166163141994 0.6175468483816013 0.052870090634441085 0.022146507666098807
1 0.36253776435045315 0.6354344122657581 0.05740181268882175 0.027257240204429302
1 0.36442598187311176 0.6567291311754685 0.05513595166163142 0.02385008517887564
0 0.35913897280966767 0.6733390119250426 0.05966767371601209 0.022998296422487224
1 0.36367069486404835 0.6959114139693356 0.06419939577039276 0.028960817717206135
0 0.361404833836858 0.7687393526405452 0.05966767371601209 0.03321976149914821
1 0.31344410876132933 0.7504258943781942 0.03474320241691843 0.059625212947189095
0 0.35725075528700906 0.8219761499148212 0.055891238670694864 0.027257240204429302
0 0.3610271903323263 0.8713798977853493 0.05740181268882175 0.028960817717206135
1 0.36253776435045315 0.8931005110732538 0.0649546827794562 0.026405451448040886
1 0.3610271903323263 0.9131175468483816 0.05740181268882175 0.028960817717206135
0 0.36064954682779454 0.934412265758092 0.05966767371601209 0.027257240204429302
1 0.3568731117824773 0.9616695059625213 0.06722054380664652 0.03236797274275979
