0 0.7624622356495468 0.5097955706984668 0.04758308157099698 0.075809199318569
2 0.763595166163142 0.5085178875638842 0.03323262839879154 0.040885860306643956
0 0.4663897280966767 0.43100511073253833 0.04758308157099698 0.04599659284497445
0 0.5071752265861027 0.467206132879046 0.035498489425981876 0.062180579216354344
0 0.47394259818731116 0.5149063032367973 0.05211480362537765 0.026405451448040886
0 0.4724320241691843 0.5464224872231687 0.05211480362537765 0.024701873935264056
0 0.4679003021148036 0.5711243611584327 0.05362537764350453 0.028109028960817718
0 0.463368580060423 0.6000851788756388 0.05211480362537765 0.03833049403747871
0 0.4637462235649547 0.666098807495741 0.052870090634441085 0.028960817717206135
0 0.47016616314199394 0.7082623509369677 0.05513595166163142 0.031516183986371384
0 0.4818731117824773 0.8458262350936968 0.055891238670694864 0.03747870528109029
0 0.47205438066465255 0.9054514480408858 0.0513595166163142 0.030664395229982964
0 0.6514350453172205 0.4514480408858603 0.05060422960725076 0.028960817717206135
0 0.6638972809667674 0.487649063032368 0.054380664652567974 0.022998296422487224
0 0.665785498489426 0.5336456558773425 0.05060422960725076 0.03492333901192504
0 0.6537009063444109 0.567717206132879 0.04909365558912387 0.019591141396933562
0 0.652190332326284 0.5898637137989778 0.05211480362537765 0.024701873935264056
0 0.5917673716012085 0.5945485519591142 0.05211480362537765 0.028960817717206135
0 0.6601208459214502 0.649488926746167 0.0513595166163142 0.024701873935264056
0 0.6567220543806647 0.6788756388415673 0.05362537764350453 0.02555366269165247
0 0.5849697885196374 0.7180579216354345 0.04758308157099698 0.02385008517887564
0 0.6627643504531722 0.7180579216354345 0.05211480362537765 0.027257240204429302
0 0.6710725075528701 0.7495741056218058 0.05664652567975831 0.030664395229982964
0 0.658987915407855 0.7823679727427598 0.05362537764350453 0.031516183986371384
0 0.597809667673716 0.772572402044293 0.05211480362537765 0.034071550255536626
0 0.5974320241691843 0.8045144804088586 0.0513595166163142 0.031516183986371384
0 0.6703172205438066 0.8130323679727428 0.0581570996978852 0.03833049403747871
0 0.6642749244712991 0.8534923339011925 0.05513595166163142 0.034071550255536626
0 0.5929003021148036 0.8309199318568995 0.05891238670694864 0.03833049403747871
0 0.5981873111782477 0.864565587734242 0.0513595166163142 0.039182282793867124
0 0.648036253776435 0.8884156729131175 0.0513595166163142 0.028960817717206135
0 0.6676737160120846 0.9237649063032368 0.0634441087613293 0.03321976149914821
0 0.6030966767371602 0.9165247018739353 0.05362537764350453 0.030664395229982964
0 0.6038519637462235 0.9399488926746167 0.05966767371601209 0.03833049403747871
0 0.6676737160120846 0.9620954003407155 0.0513595166163142 0.024701873935264056
0 0.6691842900302115 0.9859454855195912 0.04984894259818731 0.02129471890971039
