0 0.834214501510574 0.026435045317220542 0.06873111782477341 0.0377643504531722
0 0.841012084592145 0.04229607250755287 0.06722054380664652 0.03474320241691843
0 0.8500755287009063 0.06570996978851963 0.06419939577039276 0.045317220543806644
0 0.8549848942598187 0.0823262839879154 0.055891238670694864 0.0377643504531722
0 0.8610271903323263 0.10196374622356495 0.0634441087613293 0.04682779456193353
0 0.9086102719033232 0.0188821752265861 0.07250755287009064 0.0377643504531722
0 0.9074773413897281 0.03361027190332326 0.06570996978851963 0.04758308157099698
0 0.9172960725075529 0.060422960725075525 0.06117824773413897 0.04078549848942598
0 0.9237160120845922 0.07779456193353475 0.0634441087613293 0.04078549848942598
0 0.9433534743202416 0.1197129909365559 0.0634441087613293 0.04607250755287009
0 0.9580815709969789 0.1351963746223565 0.05664652567975831 0.04984894259818731
0 0.9580815709969789 0.1623867069486405 0.06722054380664652 0.04229607250755287
1 0.8863293051359517 0.15445619335347432 0.05966767371601209 0.05211480362537765
1 0.8893504531722054 0.17673716012084592 0.0581570996978852 0.04833836858006042
0 0.898036253776435 0.1933534743202417 0.05740181268882175 0.04380664652567976
0 0.9104984894259819 0.20921450151057402 0.06419939577039276 0.04078549848942598
0 0.9648791540785498 0.18919939577039274 0.06268882175226587 0.04607250755287009
1 0.9263595166163142 0.2571752265861027 0.06722054380664652 0.05664652567975831
1 0.9380664652567976 0.2700151057401813 0.05891238670694864 0.04909365558912387
1 0.9478851963746223 0.2790785498489426 0.054380664652567974 0.04607250755287009
0 0.9516616314199395 0.29342900302114805 0.061933534743202415 0.04003021148036254
0 0.9648791540785498 0.31533232628398794 0.05664652567975831 0.030966767371601207
0 0.9682779456193353 0.33496978851963743 0.055891238670694864 0.030966767371601207
0 0.9709214501510574 0.36064954682779454 0.05211480362537765 0.04003021148036254
0 0.9780966767371602 0.3995468277945619 0.04078549848942598 0.04682779456193353
0 0.9746978851963746 0.2156344410876133 0.0445619335347432 0.035498489425981876
0 0.9803625377643505 0.24244712990936557 0.03323262839879154 0.03474320241691843
