0 0.1491691842900302 0.04909365558912387 0.06268882175226587 0.0377643504531722
1 0.145392749244713 0.10007552870090634 0.04154078549848943 0.06117824773413897
0 0.23187311178247735 0.16200906344410876 0.045317220543806644 0.06268882175226587
0 0.2156344410876133 0.1782477341389728 0.0445619335347432 0.061933534743202415
0 0.20166163141993956 0.19977341389728095 0.04682779456193353 0.06268882175226587
0 0.12953172205438065 0.1404833836858006 0.05211480362537765 0.05740181268882175
0 0.10649546827794562 0.1540785498489426 0.03927492447129909 0.0649546827794562
0 0.08308157099697885 0.1782477341389728 0.045317220543806644 0.0634441087613293
1 0.033987915407854986 0.17258308157099697 0.055891238670694864 0.035498489425981876
1 0.18089123867069487 0.2311178247734139 0.04909365558912387 0.060422960725075525
0 0.17862537764350453 0.2692598187311178 0.04607250755287009 0.06419939577039276
1 0.14425981873111782 0.2601963746223565 0.04078549848942598 0.06419939577039276
0 0.12122356495468278 0.26510574018126887 0.0445619335347432 0.06646525679758308
1 0.08874622356495468 0.2745468277945619 0.04154078549848943 0.06419939577039276
0 0.06608761329305136 0.2862537764350453 0.03700906344410876 0.061933534743202415
0 0.04418429003021148 0.29418429003021146 0.030966767371601207 0.0581570996978852
1 0.021148036253776436 0.290785498489426 0.03474320241691843 0.06797583081570997
0 0.39992447129909364 0.3802870090634441 0.04758308157099698 0.06117824773413897
0 0.4350453172205438 0.3935045317220544 0.0377643504531722 0.06646525679758308
0 0.45279456193353473 0.4070996978851964 0.03851963746223565 0.0634441087613293
0 0.47394259818731116 0.4452416918429003 0.033987915407854986 0.06722054380664652
0 0.4901812688821752 0.47016616314199394 0.052870090634441085 0.05513595166163142
0 0.5234138972809668 0.4833836858006042 0.054380664652567974 0.04682779456193353
0 0.5438066465256798 0.5970543806646526 0.060422960725075525 0.06268882175226587
0 0.5479607250755287 0.6333081570996979 0.06873111782477341 0.04003021148036254
0 0.5691087613293051 0.6635196374622356 0.0581570996978852 0.04758308157099698
0 0.06873111782477341 0.4871601208459215 0.06797583081570997 0.04078549848942598
2 0.05853474320241692 0.49131419939577037 0.03851963746223565 0.0324773413897281
1 0.009818731117824773 0.5426737160120846 0.01812688821752266 0.06570996978851963
0 0.02530211480362538 0.550226586102719 0.0324773413897281 0.0823262839879154
0 0.04909365558912387 0.5468277945619335 0.03625377643504532 0.061933534743202415
0 0.07250755287009064 0.5766616314199395 0.045317220543806644 0.06268882175226587
0 0.10989425981873112 0.5959214501510574 0.035498489425981876 0.061933534743202415
0 0.12462235649546828 0.6049848942598187 0.03474320241691843 0.06646525679758308
0 0.14086102719033233 0.6212235649546828 0.07175226586102719 0.03851963746223565
0 0.18504531722054382 0.6529456193353474 0.04984894259818731 0.06419939577039276
0 0.20506042296072508 0.6718277945619335 0.06117824773413897 0.04758308157099698
0 0.22545317220543806 0.6918429003021148 0.02945619335347432 0.061933534743202415
0 0.24622356495468278 0.7061933534743202 0.030211480362537763 0.07099697885196375
0 0.26963746223564955 0.709214501510574 0.030211480362537763 0.06646525679758308
0 0.2858761329305136 0.7401812688821753 0.07628398791540786 0.03323262839879154
0 0.311178247734139 0.7609516616314199 0.06797583081570997 0.0324773413897281
0 0.3100453172205438 0.7836102719033232 0.06419939577039276 0.02945619335347432
0 0.33648036253776437 0.8066465256797583 0.05966767371601209 0.030211480362537763
0 0.3595166163141994 0.8213746223564955 0.07250755287009064 0.027945619335347432
0 0.3538519637462236 0.8379909365558912 0.06268882175226587 0.02190332326283988
1 0.37726586102719034 0.8689577039274925 0.06117824773413897 0.04607250755287009
1 0.38255287009063443 0.8840634441087614 0.06570996978851963 0.03700906344410876
1 0.3848187311178248 0.8957703927492447 0.06722054380664652 0.030211480362537763
0 0.395392749244713 0.9146525679758308 0.05966767371601209 0.030211480362537763
0 0.4040785498489426 0.93202416918429 0.0634441087613293 0.03172205438066465
1 0.4150302114803625 0.9490181268882175 0.06268882175226587 0.03851963746223565
1 0.42900302114803623 0.9686555891238671 0.0755287009063444 0.030966767371601207
1 0.4324018126888218 0.9833836858006042 0.06722054380664652 0.028700906344410877
