3 0.866695059625213 0.2606473594548552 0.17291311754684838 0.10221465076660988
0 0.9271720613287905 0.08901192504258944 0.07410562180579217 0.051959114139693355
0 0.9224872231686542 0.13415672913117546 0.06473594548551959 0.03833049403747871
0 0.8960817717206133 0.4527257240204429 0.07155025553662692 0.036626916524701875
0 0.9033219761499148 0.46933560477001707 0.065587734241908 0.03236797274275979
0 0.8926746166950597 0.4987223168654174 0.06814310051107325 0.031516183986371384
0 0.9105621805792163 0.5132027257240205 0.054514480408858604 0.03492333901192504
0 0.8965076660988075 0.540885860306644 0.05536626916524702 0.020442930153321978
0 0.8982112436115843 0.5664395229982965 0.0706984667802385 0.03577512776831346
2 0.926320272572402 0.3637137989778535 0.046848381601362864 0.039182282793867124
3 0.368824531516184 0.32751277683134583 0.14991482112436116 0.08432708688245315
3 0.21379897785349233 0.36115843270868825 0.11925042589437819 0.06814310051107325
3 0.07155025553662692 0.39352640545144807 0.131175468483816 0.07666098807495741
3 0.907580919931857 0.6252129471890971 0.1746166950596252 0.10902896081771721
3 0.6878194207836457 0.2823679727427598 0.17120954003407154 0.0809199318568995
3 0.9126916524701874 0.7657580919931857 0.16609880749574105 0.09710391822827939
3 0.8960817717206133 0.8760647359454855 0.17546848381601363 0.11328790459965929
3 0.9331345826235093 0.9642248722316865 0.10136286201022146 0.06643952299829642
