0 0.9531872509960159 0.40370090634441086 0.07768924302788845 0.026435045317220542
1 0.9412350597609561 0.35989425981873113 0.09362549800796813 0.030966767371601207
0 0.8824701195219123 0.30589123867069484 0.11553784860557768 0.00906344410876133
0 0.8595617529880478 0.27983383685800606 0.10557768924302789 0.0188821752265861
0 0.8754980079681275 0.297583081570997 0.09362549800796813 0.01812688821752266
1 0.9113545816733067 0.3402567975830816 0.12151394422310757 0.01283987915407855
1 0.8266932270916334 0.22054380664652568 0.13147410358565736 0.030211480362537763
0 0.7938247011952191 0.1714501510574018 0.1254980079681275 0.01812688821752266
0 0.7758964143426295 0.1537009063444109 0.13346613545816732 0.015861027190332326
0 0.7659362549800797 0.1351963746223565 0.1254980079681275 0.01812688821752266
1 0.7181274900398407 0.1042296072507553 0.13346613545816732 0.03323262839879154
0 0.7201195219123506 0.07477341389728097 0.14143426294820716 0.022658610271903322
0 0.099601593625498 0.05060422960725076 0.08366533864541832 0.04984894259818731
0 0.053784860557768925 0.05664652567975831 0.055776892430278883 0.03625377643504532
0 0.13247011952191234 0.01812688821752266 0.04183266932270916 0.03625377643504532
0 0.18227091633466136 0.030211480362537763 0.045816733067729085 0.04984894259818731
0 0.25796812749003983 0.029833836858006044 0.045816733067729085 0.04305135951661632
0 0.7001992031872509 0.04758308157099698 0.15338645418326693 0.012084592145015106
0 0.37649402390438247 0.01850453172205438 0.04780876494023904 0.033987915407854986
0 0.3336653386454183 0.022658610271903322 0.05776892430278884 0.04078549848942598
1 0.5089641434262948 0.009818731117824773 0.06573705179282868 0.021148036253776436
0 0.6175298804780877 0.01850453172205438 0.07171314741035856 0.035498489425981876
