2 0.6397280966767371 0.5579216354344123 0.030211480362537763 0.030664395229982964
0 0.03361027190332326 0.23807495741056217 0.06419939577039276 0.03833049403747871
0 0.04607250755287009 0.27385008517887566 0.05891238670694864 0.05706984667802385
0 0.08006042296072508 0.36712095400340716 0.07099697885196375 0.040885860306643956
0 0.0993202416918429 0.40928449744463374 0.0702416918429003 0.046848381601362864
0 0.11555891238670694 0.45229982964224874 0.07099697885196375 0.04770017035775128
0 0.12651057401812688 0.49531516183986374 0.06873111782477341 0.0434412265758092
0 0.23791540785498488 0.6695059625212947 0.04229607250755287 0.06132879045996593
0 0.2654833836858006 0.6793015332197615 0.05362537764350453 0.05536626916524702
0 0.3678247734138973 0.67206132879046 0.03927492447129909 0.06303236797274277
0 0.395392749244713 0.6575809199318569 0.04003021148036254 0.06984667802385008
0 0.436178247734139 0.666098807495741 0.033987915407854986 0.07155025553662692
0 0.45657099697885195 0.6592844974446337 0.035498489425981876 0.06814310051107325
0 0.5011329305135952 0.6465076660988075 0.03851963746223565 0.06814310051107325
0 0.520392749244713 0.6316013628620102 0.030211480362537763 0.062180579216354344
0 0.543429003021148 0.6286201022146508 0.04154078549848943 0.07155025553662692
0 0.5668429003021148 0.6056218057921635 0.03700906344410876 0.06814310051107325
0 0.5913897280966768 0.6103066439522998 0.03172205438066465 0.06899488926746167
0 0.6310422960725075 0.5915672913117547 0.04154078549848943 0.075809199318569
0 0.6533232628398792 0.5732538330494038 0.03474320241691843 0.07836456558773425
1 0.6846676737160121 0.5694207836456558 0.04154078549848943 0.07410562180579217
0 0.7012839879154078 0.5498296422487223 0.024924471299093656 0.051959114139693355
0 0.7182779456193353 0.567717206132879 0.03323262839879154 0.07240204429301533
0 0.7341389728096677 0.5298126064735945 0.03172205438066465 0.06814310051107325
0 0.7639728096676737 0.5340715502555367 0.02945619335347432 0.056218057921635436
1 0.7843655589123867 0.5413117546848382 0.033987915407854986 0.07410562180579217
0 0.7956948640483383 0.4936115843270869 0.024924471299093656 0.065587734241908
0 0.8183534743202416 0.4940374787052811 0.024924471299093656 0.06473594548551959
0 0.8417673716012085 0.5208688245315162 0.035498489425981876 0.05706984667802385
0 0.8549848942598187 0.49105621805792166 0.03625377643504532 0.06729131175468483
1 0.8810422960725075 0.4804088586030664 0.03700906344410876 0.08517887563884156
0 0.8946374622356495 0.4710391822827939 0.027945619335347432 0.07325383304940375
0 0.9199395770392749 0.4561328790459966 0.030211480362537763 0.07240204429301533
0 0.9384441087613293 0.4710391822827939 0.035498489425981876 0.07325383304940375
0 0.9675226586102719 0.4889267461669506 0.03625377643504532 0.059625212947189095
0 0.9520392749244713 0.4540034071550256 0.04003021148036254 0.05110732538330494
0 0.9803625377643505 0.4710391822827939 0.03172205438066465 0.059625212947189095
