0 0.5623111782477341 0.3002555366269165 0.05664652567975831 0.058773424190800685
0 0.6148036253776435 0.2866269165247019 0.055891238670694864 0.05706984667802385
1 0.6095166163141994 0.2270017035775128 0.07099697885196375 0.03321976149914821
1 0.6132930513595166 0.25042589437819424 0.061933534743202415 0.030664395229982964
0 0.5509818731117825 0.022146507666098807 0.06419939577039276 0.03236797274275979
0 0.550226586102719 0.03705281090289608 0.06268882175226587 0.029812606473594547
0 0.5547583081570997 0.056643952299829645 0.0581570996978852 0.031516183986371384
0 0.5608006042296072 0.07751277683134583 0.0581570996978852 0.034071550255536626
1 0.5702416918429003 0.10136286201022146 0.06797583081570997 0.040885860306643956
0 0.5649546827794562 0.12350936967632027 0.060422960725075525 0.04258943781942078
1 0.5879909365558912 0.13798977853492334 0.06570996978851963 0.04599659284497445
1 0.5895015105740181 0.15459965928449745 0.06419939577039276 0.05366269165247019
1 0.5959214501510574 0.184412265758092 0.060422960725075525 0.048551959114139696
0 0.599320241691843 0.2014480408858603 0.0581570996978852 0.031516183986371384
0 0.6669184290030211 0.4510221465076661 0.054380664652567974 0.041737649063032366
1 0.6937311178247734 0.45826235093696766 0.06268882175226587 0.040885860306643956
1 0.6899546827794562 0.5 0.06419939577039276 0.03236797274275979
0 0.6861782477341389 0.5255536626916525 0.06117824773413897 0.040885860306643956
1 0.6967522658610272 0.5604770017035775 0.06268882175226587 0.039182282793867124
0 0.7175226586102719 0.5664395229982965 0.0634441087613293 0.030664395229982964
0 0.7046827794561934 0.5894378194207837 0.07099697885196375 0.02555366269165247
0 0.7152567975830816 0.6068994889267462 0.05891238670694864 0.026405451448040886
0 0.7088368580060423 0.6264906303236797 0.06268882175226587 0.026405451448040886
0 0.7152567975830816 0.6499148211243612 0.055891238670694864 0.028960817717206135
0 0.7292296072507553 0.6856899488926746 0.05966767371601209 0.04599659284497445
0 0.7375377643504532 0.712947189097104 0.06419939577039276 0.03236797274275979
1 0.7484894259818731 0.7495741056218058 0.06797583081570997 0.03577512776831346
1 0.7605740181268882 0.7844974446337308 0.06797583081570997 0.04940374787052811
0 0.7669939577039275 0.8087734241908007 0.06117824773413897 0.03833049403747871
1 0.7783232628398792 0.831771720613288 0.06419939577039276 0.024701873935264056
0 0.7734138972809668 0.8577512776831346 0.0755287009063444 0.03747870528109029
0 0.7817220543806647 0.8854344122657581 0.060422960725075525 0.036626916524701875
0 0.8175981873111783 0.9071550255536627 0.06873111782477341 0.03747870528109029
0 0.8085347432024169 0.9412265758091993 0.0581570996978852 0.04940374787052811
0 0.8115558912386707 0.967206132879046 0.06117824773413897 0.031516183986371384
1 0.9346676737160121 0.02555366269165247 0.026435045317220542 0.05110732538330494
0 0.8580060422960725 0.028109028960817718 0.04984894259818731 0.05281090289608177
0 0.8617824773413897 0.038756388415672915 0.0513595166163142 0.046848381601362864
0 0.8625377643504532 0.05536626916524702 0.052870090634441085 0.04599659284497445
0 0.8780211480362538 0.15289608177172062 0.0581570996978852 0.05025553662691652
0 0.8833081570996979 0.16780238500851788 0.05362537764350453 0.05281090289608177
0 0.8851963746223565 0.17333901192504259 0.04229607250755287 0.048551959114139696
0 0.8957703927492447 0.21465076660988075 0.0513595166163142 0.04599659284497445
0 0.902190332326284 0.22955706984667804 0.05211480362537765 0.05025553662691652
0 0.9138972809667674 0.2674616695059625 0.04229607250755287 0.059625212947189095
0 0.9206948640483383 0.303236797274276 0.03927492447129909 0.06132879045996593
0 0.9301359516616314 0.33986371379897784 0.03851963746223565 0.06303236797274277
0 0.9376888217522659 0.36839863713798976 0.03851963746223565 0.06729131175468483
0 0.9459969788519638 0.3952299829642249 0.035498489425981876 0.06303236797274277
0 0.9629909365558912 0.3956558773424191 0.0377643504531722 0.06899488926746167
