0 0.7058157099697885 0.3011073253833049 0.0823262839879154 0.036626916524701875
0 0.7103474320241692 0.2657580919931857 0.07930513595166164 0.034071550255536626
0 0.6586102719033232 0.3113287904599659 0.0770392749244713 0.028109028960817718
0 0.6450151057401813 0.33475298126064734 0.061933534743202415 0.03236797274275979
0 0.6238670694864048 0.3522146507666099 0.06797583081570997 0.031516183986371384
0 0.6310422960725075 0.3743611584327087 0.06873111782477341 0.03492333901192504
0 0.6064954682779456 0.3841567291311755 0.07099697885196375 0.040885860306643956
0 0.6068731117824774 0.4084327086882453 0.07930513595166164 0.041737649063032366
0 0.572129909365559 0.4373935264054514 0.08383685800604229 0.04514480408858603
0 0.5351208459214502 0.4663543441226576 0.08836858006042296 0.03492333901192504
1 0.5404078549848943 0.5017035775127768 0.09290030211480363 0.034071550255536626
0 0.49773413897280966 0.534923339011925 0.06646525679758308 0.04940374787052811
0 0.5169939577039275 0.5281090289608177 0.06722054380664652 0.054514480408858604
0 0.7133685800604229 0.24233390119250425 0.09138972809667674 0.03492333901192504
0 0.736404833836858 0.23040885860306645 0.0770392749244713 0.041737649063032366
0 0.722809667673716 0.20485519591141396 0.052870090634441085 0.03492333901192504
1 0.7564199395770392 0.19378194207836458 0.07779456193353475 0.036626916524701875
0 0.7896525679758308 0.13287904599659284 0.09441087613293052 0.040885860306643956
0 0.7809667673716012 0.1575809199318569 0.0770392749244713 0.030664395229982964
0 0.81797583081571 0.0873083475298126 0.09063444108761329 0.05536626916524702
0 0.8209969788519638 0.06643952299829642 0.06948640483383686 0.039182282793867124
0 0.8368580060422961 0.046422487223168656 0.06797583081570997 0.026405451448040886
0 0.8489425981873112 0.030238500851788756 0.07401812688821752 0.036626916524701875
0 0.47507552870090636 0.5741056218057922 0.07099697885196375 0.03236797274275979
0 0.48753776435045315 0.5954003407155025 0.0581570996978852 0.044293015332197615
0 0.44939577039274925 0.5949744463373083 0.060422960725075525 0.036626916524701875
1 0.46034743202416917 0.6273424190800682 0.08081570996978851 0.029812606473594547
0 0.4259818731117825 0.6388415672913118 0.061933534743202415 0.030664395229982964
0 0.42862537764350456 0.6592844974446337 0.06570996978851963 0.030664395229982964
0 0.4131419939577039 0.6882453151618398 0.061933534743202415 0.030664395229982964
0 0.42220543806646527 0.7155025553662692 0.06646525679758308 0.028960817717206135
0 0.4150302114803625 0.7427597955706985 0.06722054380664652 0.040885860306643956
0 0.39274924471299094 0.772572402044293 0.061933534743202415 0.044293015332197615
0 0.3175981873111782 0.7095400340715503 0.0445619335347432 0.06643952299829642
0 0.29871601208459214 0.770442930153322 0.05513595166163142 0.06047700170357751
0 0.3561178247734139 0.7116695059625213 0.06117824773413897 0.05025553662691652
0 0.3530966767371601 0.7636286201022147 0.05513595166163142 0.04514480408858603
0 0.27870090634441086 0.6980408858603067 0.04833836858006042 0.07751277683134583
0 0.14841389728096677 0.641396933560477 0.05362537764350453 0.07495741056218058
0 0.16729607250755288 0.5949744463373083 0.03700906344410876 0.06388415672913117
0 0.1903323262839879 0.6384156729131175 0.0377643504531722 0.062180579216354344
0 0.21450151057401812 0.6431005110732538 0.04380664652567976 0.07155025553662692
0 0.24848942598187312 0.6810051107325383 0.0377643504531722 0.07751277683134583
0 0.9671450151057401 0.22614991482112437 0.05966767371601209 0.036626916524701875
0 0.9539274924471299 0.25170357751277683 0.055891238670694864 0.046848381601362864
0 0.9410876132930514 0.2712947189097104 0.0634441087613293 0.04514480408858603
0 0.9335347432024169 0.30195911413969334 0.0634441087613293 0.0434412265758092
1 0.9180513595166163 0.3143100511073254 0.0702416918429003 0.030664395229982964
1 0.9093655589123867 0.32325383304940375 0.06797583081570997 0.036626916524701875
1 0.8991691842900302 0.3526405451448041 0.0581570996978852 0.04770017035775128
0 0.8802870090634441 0.36626916524701875 0.06570996978851963 0.044293015332197615
0 0.8693353474320241 0.3905451448040886 0.06646525679758308 0.03833049403747871
0 0.8515861027190332 0.41737649063032367 0.06419939577039276 0.04940374787052811
0 0.8459214501510574 0.4395229982964225 0.07250755287009064 0.04599659284497445
0 0.831570996978852 0.4540034071550256 0.04833836858006042 0.056218057921635436
0 0.8217522658610272 0.47487223168654175 0.0649546827794562 0.051959114139693355
1 0.8096676737160121 0.49701873935264057 0.07250755287009064 0.046848381601362864
0 0.7892749244712991 0.5149063032367973 0.06948640483383686 0.04514480408858603
0 0.773036253776435 0.534923339011925 0.06570996978851963 0.04599659284497445
1 0.7617069486404834 0.5557921635434412 0.06873111782477341 0.03321976149914821
1 0.7345166163141994 0.5843270868824532 0.07779456193353475 0.039182282793867124
0 0.7552870090634441 0.57793867120954 0.054380664652567974 0.05025553662691652
0 0.7299848942598187 0.6060477001703578 0.06570996978851963 0.04003407155025554
0 0.7129909365558912 0.6362862010221465 0.05891238670694864 0.06473594548551959
0 0.7016616314199395 0.6622657580919932 0.054380664652567974 0.046848381601362864
0 0.6756042296072508 0.6631175468483816 0.05211480362537765 0.062180579216354344
0 0.6638972809667674 0.6835604770017036 0.030211480362537763 0.06047700170357751
0 0.6563444108761329 0.7189097103918228 0.04833836858006042 0.06984667802385008
1 0.6382175226586103 0.7423339011925043 0.06948640483383686 0.03492333901192504
0 0.6283987915407855 0.7593696763202726 0.05891238670694864 0.0434412265758092
0 0.6212235649546828 0.7789608177172062 0.06117824773413897 0.04003407155025554
1 0.6053625377643505 0.7938671209540035 0.05513595166163142 0.040885860306643956
1 0.5996978851963746 0.8057921635434412 0.0634441087613293 0.044293015332197615
0 0.5883685800604229 0.8287904599659285 0.05891238670694864 0.05792163543441227
0 0.5736404833836858 0.8522146507666098 0.05664652567975831 0.04514480408858603
0 0.5483383685800605 0.8671209540034072 0.060422960725075525 0.04940374787052811
0 0.540785498489426 0.8828790459965928 0.061933534743202415 0.046848381601362864
0 0.5328549848942599 0.9092844974446337 0.0702416918429003 0.05366269165247019
0 0.5177492447129909 0.9254684838160137 0.0581570996978852 0.04514480408858603
0 0.5128398791540786 0.9518739352640545 0.0634441087613293 0.04514480408858603
0 0.49395770392749244 0.9710391822827938 0.0634441087613293 0.04599659284497445
0 0.029833836858006044 0.8760647359454855 0.05211480362537765 0.041737649063032366
0 0.0411631419939577 0.8884156729131175 0.04758308157099698 0.044293015332197615
0 0.06608761329305136 0.9348381601362862 0.06570996978851963 0.046848381601362864
0 0.0891238670694864 0.936541737649063 0.04833836858006042 0.051959114139693355
0 0.17220543806646527 0.9109880749574105 0.052870090634441085 0.051959114139693355
0 0.18202416918429004 0.946763202725724 0.060422960725075525 0.048551959114139696
0 0.22016616314199397 0.9514480408858603 0.0445619335347432 0.06643952299829642
0 0.24924471299093656 0.9663543441226576 0.04380664652567976 0.058773424190800685
