2 0.27983383685800606 0.756797583081571 0.04607250755287009 0.045317220543806644
0 0.8712235649546828 0.9882930513595166 0.03851963746223565 0.0188821752265861
0 0.8591389728096677 0.975453172205438 0.04909365558912387 0.02039274924471299
0 0.854607250755287 0.9520392749244713 0.04154078549848943 0.03851963746223565
0 0.8515861027190332 0.9237160120845922 0.05060422960725076 0.0256797583081571
0 0.8383685800604229 0.9018126888217523 0.04984894259818731 0.019637462235649546
0 0.8391238670694864 0.8802870090634441 0.04984894259818731 0.026435045317220542
0 0.8383685800604229 0.8500755287009063 0.04380664652567976 0.027945619335347432
0 0.8311933534743202 0.8236404833836858 0.05060422960725076 0.017371601208459216
0 0.8364803625377644 0.804380664652568 0.035498489425981876 0.028700906344410877
1 0.8251510574018127 0.7892749244712991 0.04758308157099698 0.03625377643504532
1 0.7960725075528701 0.6695619335347432 0.054380664652567974 0.030966767371601207
0 0.8198640483383686 0.7620845921450151 0.05513595166163142 0.022658610271903322
0 0.8115558912386707 0.7375377643504532 0.05060422960725076 0.017371601208459216
0 0.8138217522658611 0.7171450151057401 0.05211480362537765 0.017371601208459216
0 0.8062688821752266 0.6990181268882175 0.05966767371601209 0.02039274924471299
0 0.8145770392749244 0.675226586102719 0.04607250755287009 0.0377643504531722
0 0.7885196374622356 0.6427492447129909 0.052870090634441085 0.027190332326283987
0 0.7885196374622356 0.6155589123867069 0.04984894259818731 0.0256797583081571
0 0.7843655589123867 0.5917673716012085 0.05362537764350453 0.023413897280966767
0 0.7813444108761329 0.5672205438066465 0.05362537764350453 0.028700906344410877
0 0.7870090634441088 0.5453172205438066 0.05891238670694864 0.03172205438066465
0 0.7696374622356495 0.5351208459214502 0.054380664652567974 0.0324773413897281
0 0.7549093655589124 0.5158610271903323 0.04909365558912387 0.02416918429003021
0 0.7677492447129909 0.493202416918429 0.04607250755287009 0.028700906344410877
0 0.7537764350453172 0.47507552870090636 0.045317220543806644 0.0377643504531722
1 0.7466012084592145 0.4505287009063444 0.05513595166163142 0.03851963746223565
1 0.7398036253776435 0.42862537764350456 0.0581570996978852 0.030966767371601207
1 0.7284743202416919 0.3678247734138973 0.04758308157099698 0.045317220543806644
0 0.7545317220543807 0.40558912386706947 0.04380664652567976 0.028700906344410877
0 0.7352719033232629 0.3961480362537764 0.05060422960725076 0.033987915407854986
0 0.7171450151057401 0.3474320241691843 0.05966767371601209 0.027190332326283987
0 0.7167673716012085 0.3240181268882175 0.04984894259818731 0.01661631419939577
0 0.7118580060422961 0.2930513595166163 0.0581570996978852 0.0256797583081571
0 0.7163897280966768 0.30891238670694865 0.05513595166163142 0.02416918429003021
0 0.7156344410876133 0.2737915407854985 0.05664652567975831 0.027945619335347432
0 0.7031722054380665 0.26435045317220546 0.04984894259818731 0.03625377643504532
0 0.6986404833836858 0.24018126888217523 0.054380664652567974 0.03625377643504532
0 0.6763595166163142 0.1710725075528701 0.04909365558912387 0.03851963746223565
1 0.6959969788519638 0.18089123867069487 0.05513595166163142 0.0324773413897281
1 0.6944864048338368 0.2141238670694864 0.05664652567975831 0.0324773413897281
0 0.5781722054380665 0.03625377643504532 0.03851963746223565 0.04833836858006042
0 0.6351963746223565 0.023036253776435044 0.04380664652567976 0.03851963746223565
0 0.8678247734138973 0.020770392749244714 0.03625377643504532 0.04305135951661632
0 0.870845921450151 0.046450151057401814 0.03323262839879154 0.04154078549848943
0 0.8761329305135952 0.07741691842900301 0.03474320241691843 0.0445619335347432
0 0.8848187311178247 0.1027190332326284 0.035498489425981876 0.04380664652567976
0 0.8916163141993958 0.12613293051359517 0.04305135951661632 0.03927492447129909
0 0.9108761329305136 0.1351963746223565 0.04833836858006042 0.030211480362537763
0 0.93202416918429 0.30400302114803623 0.04833836858006042 0.03700906344410876
1 0.9690332326283988 0.26321752265861026 0.045317220543806644 0.03700906344410876
1 0.9490181268882175 0.3338368580060423 0.05513595166163142 0.028700906344410877
0 0.9493957703927492 0.3561178247734139 0.0513595166163142 0.02945619335347432
0 0.959214501510574 0.37726586102719034 0.04229607250755287 0.04003021148036254
0 0.966012084592145 0.40294561933534745 0.04833836858006042 0.0324773413897281
0 0.9735649546827795 0.4342900302114804 0.04984894259818731 0.027190332326283987
0 0.974320241691843 0.4826283987915408 0.045317220543806644 0.030211480362537763
0 0.9814954682779456 0.5755287009063444 0.030966767371601207 0.0256797583081571
0 0.9890483383685801 0.6238670694864048 0.017371601208459216 0.019637462235649546
2 0.9788519637462235 0.6608761329305136 0.0377643504531722 0.0256797583081571
