2 0.2639728096676737 0.05929003021148036 0.04758308157099698 0.05211480362537765
1 0.017371601208459216 0.38632930513595165 0.03172205438066465 0.08081570996978851
0 0.026057401812688823 0.3406344410876133 0.03851963746223565 0.054380664652567974
0 0.054380664652567974 0.347809667673716 0.04078549848942598 0.0581570996978852
0 0.07779456193353475 0.3311933534743202 0.04380664652567976 0.05513595166163142
0 0.0993202416918429 0.3255287009063444 0.03851963746223565 0.052870090634441085
0 0.1197129909365559 0.32628398791540786 0.04154078549848943 0.05740181268882175
0 0.13293051359516617 0.31268882175226587 0.03927492447129909 0.0649546827794562
0 0.15521148036253776 0.31268882175226587 0.04003021148036254 0.0513595166163142
0 0.1733383685800604 0.30362537764350456 0.04003021148036254 0.052870090634441085
0 0.19297583081570996 0.29871601208459214 0.04909365558912387 0.05211480362537765
0 0.21978851963746224 0.2862537764350453 0.03927492447129909 0.060422960725075525
0 0.2526435045317221 0.2756797583081571 0.04909365558912387 0.055891238670694864
0 0.2722809667673716 0.27303625377643503 0.0445619335347432 0.05362537764350453
0 0.2847432024169184 0.2571752265861027 0.04078549848942598 0.05966767371601209
0 0.30702416918429004 0.2620845921450151 0.04003021148036254 0.052870090634441085
0 0.3357250755287009 0.2654833836858006 0.06268882175226587 0.0445619335347432
1 0.33081570996978854 0.23904833836858005 0.054380664652567974 0.04154078549848943
1 0.3768882175226586 0.24093655589123866 0.03474320241691843 0.060422960725075525
1 0.4467522658610272 0.21525679758308158 0.0445619335347432 0.05740181268882175
0 0.4161631419939577 0.21525679758308158 0.04984894259818731 0.0513595166163142
0 0.4716767371601208 0.18995468277945618 0.04154078549848943 0.06419939577039276
1 0.4984894259818731 0.18995468277945618 0.030211480362537763 0.06117824773413897
0 0.5139728096676737 0.19259818731117825 0.030966767371601207 0.054380664652567974
0 0.5234138972809668 0.17749244712990936 0.03625377643504532 0.05740181268882175
0 0.5422960725075529 0.16805135951661632 0.03323262839879154 0.05664652567975831
0 0.5683534743202416 0.17598187311178248 0.04154078549848943 0.054380664652567974
0 0.5811933534743202 0.15974320241691842 0.04154078549848943 0.05966767371601209
0 0.6015861027190332 0.15030211480362538 0.030966767371601207 0.05891238670694864
0 0.6265105740181269 0.14161631419939577 0.03851963746223565 0.05362537764350453
0 0.6412386706948641 0.13481873111782477 0.03927492447129909 0.05211480362537765
1 0.6635196374622356 0.13935045317220543 0.04607250755287009 0.05060422960725076
1 0.6703172205438066 0.12386706948640483 0.0445619335347432 0.04984894259818731
0 0.6922205438066465 0.11782477341389729 0.035498489425981876 0.05740181268882175
0 0.7118580060422961 0.10536253776435045 0.03851963746223565 0.05664652567975831
1 0.7439577039274925 0.10460725075528701 0.04078549848942598 0.05513595166163142
0 0.7662386706948641 0.09176737160120846 0.04003021148036254 0.05664652567975831
0 0.7911631419939577 0.09025679758308157 0.03700906344410876 0.05966767371601209
0 0.8111782477341389 0.06835347432024169 0.03927492447129909 0.05060422960725076
1 0.8413897280966768 0.0770392749244713 0.04984894259818731 0.054380664652567974
0 0.8568731117824774 0.05211480362537765 0.04003021148036254 0.0513595166163142
0 0.8870845921450151 0.05324773413897281 0.0324773413897281 0.05362537764350453
1 0.915785498489426 0.044939577039274925 0.04003021148036254 0.0581570996978852
0 0.9282477341389728 0.026057401812688823 0.03172205438066465 0.05362537764350453
0 0.9561933534743202 0.03965256797583082 0.03625377643504532 0.05060422960725076
1 0.9652567975830816 0.026812688821752265 0.03474320241691843 0.05362537764350453
0 0.9852719033232629 0.026057401812688823 0.023413897280966767 0.05060422960725076
