1 0.6759818731117825 0.0377643504531722 0.06797583081570997 0.03625377643504532
0 0.8194864048338368 0.1299093655589124 0.055891238670694864 0.054380664652567974
0 0.7960725075528701 0.138595166163142 0.04833836858006042 0.0581570996978852
0 0.7760574018126888 0.15143504531722055 0.04003021148036254 0.0445619335347432
1 0.7579305135951662 0.15823262839879154 0.035498489425981876 0.04607250755287009
0 0.7307401812688822 0.16691842900302115 0.0445619335347432 0.04984894259818731
0 0.7107250755287009 0.18051359516616314 0.04682779456193353 0.04682779456193353
0 0.7005287009063444 0.1986404833836858 0.04305135951661632 0.0513595166163142
0 0.676737160120846 0.236404833836858 0.0513595166163142 0.061933534743202415
0 0.6518126888217523 0.22243202416918428 0.04833836858006042 0.05513595166163142
0 0.6884441087613293 0.12046827794561933 0.03851963746223565 0.04909365558912387
0 0.6737160120845922 0.12537764350453173 0.03474320241691843 0.04229607250755287
1 0.6446374622356495 0.07439577039274925 0.03700906344410876 0.05513595166163142
0 0.6234894259818731 0.08761329305135952 0.033987915407854986 0.0513595166163142
1 0.6053625377643505 0.09441087613293052 0.030966767371601207 0.054380664652567974
0 0.6574773413897281 0.013972809667673716 0.06722054380664652 0.026435045317220542
0 0.5558912386706949 0.17749244712990936 0.04229607250755287 0.0649546827794562
0 0.5785498489425982 0.2413141993957704 0.03172205438066465 0.06268882175226587
0 0.6030966767371602 0.2416918429003021 0.04909365558912387 0.0634441087613293
0 0.6261329305135952 0.23716012084592145 0.055891238670694864 0.05891238670694864
0 0.822129909365559 0.4618580060422961 0.03851963746223565 0.06117824773413897
0 0.8421450151057401 0.4407099697885196 0.03625377643504532 0.0581570996978852
0 0.8663141993957704 0.44637462235649544 0.03323262839879154 0.060422960725075525
0 0.8810422960725075 0.4206948640483384 0.0324773413897281 0.05891238670694864
0 0.8096676737160121 0.48527190332326287 0.04380664652567976 0.05513595166163142
0 0.7749244712990937 0.4943353474320242 0.04380664652567976 0.05966767371601209
0 0.7450906344410876 0.5139728096676737 0.04305135951661632 0.0581570996978852
1 0.7450906344410876 0.5834592145015106 0.0324773413897281 0.05513595166163142
0 0.7824773413897281 0.5785498489425982 0.03625377643504532 0.05740181268882175
0 0.8100453172205438 0.5691087613293051 0.0445619335347432 0.05966767371601209
0 0.8266616314199395 0.5589123867069486 0.04003021148036254 0.054380664652567974
0 0.8651812688821753 0.5392749244712991 0.03851963746223565 0.060422960725075525
0 0.8851963746223565 0.5351208459214502 0.04229607250755287 0.05362537764350453
0 0.9067220543806647 0.533987915407855 0.05211480362537765 0.0513595166163142
0 0.9297583081570997 0.49131419939577037 0.054380664652567974 0.05362537764350453
0 0.9731873111782477 0.4501510574018127 0.04758308157099698 0.0377643504531722
0 0.9667673716012084 0.4777190332326284 0.04833836858006042 0.05060422960725076
0 0.9584592145015106 0.4916918429003021 0.052870090634441085 0.04833836858006042
0 0.9414652567975831 0.40370090634441086 0.07477341389728097 0.04607250755287009
2 0.9765861027190332 0.3300604229607251 0.04078549848942598 0.0256797583081571
0 0.8183534743202416 0.7669939577039275 0.05060422960725076 0.06419939577039276
0 0.8357250755287009 0.7658610271903323 0.05060422960725076 0.052870090634441085
0 0.8459214501510574 0.7530211480362538 0.0377643504531722 0.05740181268882175
0 0.8825528700906344 0.7601963746223565 0.0445619335347432 0.05966767371601209
0 0.9059667673716012 0.7420694864048338 0.04607250755287009 0.0702416918429003
1 0.9425981873111783 0.736404833836858 0.045317220543806644 0.052870090634441085
0 0.9380664652567976 0.7016616314199395 0.030211480362537763 0.05740181268882175
0 0.9679003021148036 0.7145015105740181 0.03700906344410876 0.0513595166163142
3 0.875 0.8923716012084593 0.11404833836858005 0.10498489425981873
1 0.9697885196374623 0.9244712990936556 0.0513595166163142 0.0256797583081571
0 0.974320241691843 0.9505287009063444 0.045317220543806644 0.027945619335347432
