0 0.831570996978852 0.37137989778534924 0.06948640483383686 0.034071550255536626
1 0.827416918429003 0.43909710391822826 0.08081570996978851 0.05366269165247019
1 0.8323262839879154 0.39863713798977857 0.07099697885196375 0.03747870528109029
1 0.8429003021148036 0.22444633730834754 0.09214501510574018 0.028109028960817718
1 0.8243957703927492 0.2674616695059625 0.06722054380664652 0.044293015332197615
1 0.8413897280966768 0.19378194207836458 0.09365558912386707 0.028109028960817718
1 0.8293051359516617 0.1737649063032368 0.06797583081570997 0.030664395229982964
1 0.8330815709969789 0.1575809199318569 0.06948640483383686 0.028960817717206135
1 0.830060422960725 0.06814310051107325 0.0755287009063444 0.034071550255536626
1 0.8100453172205438 0.046848381601362864 0.08534743202416918 0.02555366269165247
0 0.8368580060422961 0.09923339011925043 0.06797583081570997 0.029812606473594547
0 0.8194864048338368 0.023424190800681432 0.08459214501510574 0.029812606473594547
0 0.8141993957703928 0.6686541737649063 0.06797583081570997 0.039182282793867124
0 0.8240181268882175 0.7142248722316865 0.07250755287009064 0.03321976149914821
0 0.8432779456193353 0.7687393526405452 0.06117824773413897 0.04514480408858603
0 0.8462990936555891 0.8036626916524702 0.06570996978851963 0.05536626916524702
0 0.7481117824773413 0.7972742759795571 0.026435045317220542 0.06984667802385008
0 0.7216767371601208 0.801107325383305 0.027945619335347432 0.07751277683134583
0 0.69297583081571 0.7934412265758092 0.024924471299093656 0.07240204429301533
0 0.6756042296072508 0.798977853492334 0.0324773413897281 0.08347529812606473
0 0.6537009063444109 0.8002555366269165 0.0324773413897281 0.0809199318568995
0 0.611404833836858 0.7857751277683135 0.02190332326283988 0.06729131175468483
0 0.6363293051359517 0.7934412265758092 0.026435045317220542 0.06729131175468483
0 0.5456948640483383 0.7742759795570698 0.0324773413897281 0.07666098807495741
0 0.5664652567975831 0.7819420783645656 0.030211480362537763 0.08517887563884156
0 0.5086858006042296 0.7768313458262351 0.033987915407854986 0.07495741056218058
0 0.25113293051359514 0.7257240204429302 0.027945619335347432 0.07495741056218058
0 0.2711480362537764 0.731686541737649 0.027190332326283987 0.06814310051107325
0 0.2938066465256798 0.739778534923339 0.02416918429003021 0.06899488926746167
0 0.3217522658610272 0.7470187393526405 0.0256797583081571 0.06984667802385008
0 0.3413897280966767 0.7576660988074958 0.03323262839879154 0.07410562180579217
0 0.3640483383685801 0.7504258943781942 0.028700906344410877 0.07666098807495741
0 0.3859516616314199 0.7551107325383305 0.022658610271903322 0.06899488926746167
0 0.40294561933534745 0.7606473594548552 0.023413897280966767 0.07836456558773425
0 0.44561933534743203 0.7606473594548552 0.02416918429003021 0.07495741056218058
0 0.4743202416918429 0.7738500851788757 0.027190332326283987 0.07410562180579217
1 0.7847432024169184 0.8100511073253833 0.028700906344410877 0.08006814310051108
1 0.5970543806646526 0.7874787052810903 0.0324773413897281 0.075809199318569
1 0.43013595166163143 0.7597955706984668 0.026435045317220542 0.08177172061328791
0 0.014350453172205438 0.7270017035775128 0.019637462235649546 0.08432708688245315
0 0.030966767371601207 0.7385008517887564 0.03172205438066465 0.07495741056218058
0 0.06910876132930513 0.7214650766609881 0.0324773413897281 0.07495741056218058
0 0.10913897280966767 0.7223168654173765 0.02945619335347432 0.07155025553662692
0 0.14803625377643503 0.7304088586030665 0.030211480362537763 0.07240204429301533
0 0.18315709969788518 0.7240204429301533 0.030966767371601207 0.07836456558773425
0 0.2190332326283988 0.7291311754684838 0.03625377643504532 0.0868824531516184
0 0.1865558912386707 0.9454855195911414 0.054380664652567974 0.04770017035775128
0 0.15332326283987915 0.9718909710391823 0.04833836858006042 0.04940374787052811
0 0.2277190332326284 0.967206132879046 0.02945619335347432 0.05706984667802385
0 0.2719033232628399 0.9714650766609881 0.03625377643504532 0.05025553662691652
0 0.4679003021148036 0.9633730834752982 0.027945619335347432 0.06643952299829642
0 0.5037764350453172 0.9633730834752982 0.030211480362537763 0.059625212947189095
0 0.5426737160120846 0.9659284497444633 0.033987915407854986 0.059625212947189095
0 0.5838368580060423 0.9697614991482113 0.030211480362537763 0.05366269165247019
0 0.6174471299093656 0.9689097103918228 0.024924471299093656 0.05536626916524702
0 0.6419939577039275 0.9723168654173765 0.03323262839879154 0.05025553662691652
