3 0.5536253776435045 0.8387462235649547 0.18126888217522658 0.2001510574018127
3 0.7284743202416919 0.7386706948640483 0.13217522658610273 0.19184290030211482
3 0.8432779456193353 0.7398036253776435 0.14425981873111782 0.21978851963746224
1 0.3496978851963746 0.16880664652567975 0.07250755287009064 0.07930513595166164
0 0.3021148036253776 0.17522658610271905 0.055891238670694864 0.07401812688821752
0 0.2617069486404834 0.20052870090634442 0.05211480362537765 0.06419939577039276
0 0.21450151057401812 0.20468277945619334 0.0513595166163142 0.07854984894259819
0 0.18806646525679757 0.22998489425981872 0.04078549848942598 0.07930513595166164
0 0.1401057401812689 0.25 0.05362537764350453 0.08610271903323263
0 0.024924471299093656 0.297583081570997 0.04229607250755287 0.09667673716012085
