1 0.9113545816733067 0.39463746223564955 0.10557768924302789 0.05362537764350453
1 0.9252988047808764 0.41654078549848944 0.1254980079681275 0.03700906344410876
1 0.944223107569721 0.4433534743202417 0.099601593625498 0.03625377643504532
0 0.9521912350597609 0.479607250755287 0.08764940239043825 0.027190332326283987
1 0.3376494023904382 0.9709214501510574 0.061752988047808766 0.04003021148036254
0 0.5687250996015936 0.9648791540785498 0.10159362549800796 0.03851963746223565
0 0.599601593625498 0.955060422960725 0.06374501992031872 0.0324773413897281
0 0.6235059760956175 0.9607250755287009 0.05976095617529881 0.03625377643504532
1 0.4651394422310757 0.9520392749244713 0.06573705179282868 0.03851963746223565
0 0.4073705179282868 0.9588368580060423 0.045816733067729085 0.04154078549848943
