2 0.989778534923339 0.80702416918429 0.015332197614991482 0.024924471299093656
0 0.8850085178875639 0.6650302114803626 0.05110732538330494 0.04154078549848943
0 0.5626064735945485 0.6166918429003021 0.0434412265758092 0.05211480362537765
1 0.4919080068143101 0.5970543806646526 0.031516183986371384 0.06419939577039276
0 0.4616695059625213 0.5929003021148036 0.02555366269165247 0.05740181268882175
0 0.43483816013628623 0.5902567975830816 0.028109028960817718 0.04003021148036254
0 0.3624361158432709 0.5925226586102719 0.05536626916524702 0.03851963746223565
1 0.36115843270868825 0.552870090634441 0.06303236797274277 0.0256797583081571
0 0.3577512776831346 0.5117069486404834 0.056218057921635436 0.02039274924471299
0 0.3530664395229983 0.4871601208459215 0.051959114139693355 0.01661631419939577
3 0.12819420783645655 0.7987160120845922 0.08773424190800681 0.15634441087613293
3 0.13926746166950596 0.972809667673716 0.06899488926746167 0.04984894259818731
2 0.04386712095400341 0.9407099697885196 0.02129471890971039 0.026435045317220542
1 0.05366269165247019 0.9331570996978852 0.027257240204429302 0.05211480362537765
3 0.00596252129471891 0.8096676737160121 0.013628620102214651 0.1268882175226586
3 0.011073253833049404 0.9641238670694864 0.022146507666098807 0.06722054380664652
