2 0.41141396933560476 0.6389728096676737 0.04770017035775128 0.03474320241691843
2 0.4663543441226576 0.7447129909365559 0.031516183986371384 0.03323262839879154
2 0.17632027257240204 0.7658610271903323 0.040885860306643956 0.027190332326283987
2 0.06388415672913117 0.8527190332326284 0.056218057921635436 0.027190332326283987
1 0.028109028960817718 0.8243957703927492 0.054514480408858604 0.027945619335347432
1 0.1890971039182283 0.7669939577039275 0.06132879045996593 0.026435045317220542
0 0.4301533219761499 0.6408610271903323 0.06814310051107325 0.0324773413897281
0 0.4846678023850085 0.7462235649546828 0.06473594548551959 0.03474320241691843
1 0.530664395229983 0.8685800604229608 0.07836456558773425 0.03625377643504532
1 0.5400340715502555 0.8965256797583081 0.059625212947189095 0.0377643504531722
0 0.5545144804088586 0.9407099697885196 0.06984667802385008 0.026435045317220542
0 0.5681431005110733 0.972809667673716 0.07325383304940375 0.03172205438066465
0 0.9071550255536627 0.5906344410876133 0.06643952299829642 0.04380664652567976
0 0.8701022146507666 0.6306646525679759 0.075809199318569 0.03474320241691843
0 0.8620102214650767 0.6654078549848943 0.07325383304940375 0.030211480362537763
0 0.8807495741056218 0.6880664652567976 0.06814310051107325 0.030211480362537763
0 0.8820272572402045 0.706570996978852 0.075809199318569 0.033987915407854986
1 0.9020442930153322 0.7246978851963746 0.06984667802385008 0.04154078549848943
0 0.9041737649063033 0.7556646525679759 0.062180579216354344 0.035498489425981876
0 0.9258943781942078 0.7726586102719033 0.06984667802385008 0.028700906344410877
0 0.9275979557069847 0.8051359516616314 0.0868824531516184 0.027190332326283987
0 0.9476149914821125 0.8413897280966768 0.07240204429301533 0.02416918429003021
1 0.9284497444633731 0.8266616314199395 0.06814310051107325 0.04154078549848943
0 0.9505962521294719 0.8632930513595166 0.06814310051107325 0.030211480362537763
0 0.9586882453151618 0.8893504531722054 0.05706984667802385 0.023413897280966767
0 0.9540034071550255 0.9395770392749244 0.05792163543441227 0.021148036253776436
1 0.967206132879046 0.9694108761329305 0.062180579216354344 0.023413897280966767
2 0.868824531516184 0.027945619335347432 0.05281090289608177 0.045317220543806644
