0 0.2722809667673716 0.04940374787052811 0.04909365558912387 0.04940374787052811
0 0.28965256797583083 0.08517887563884156 0.0581570996978852 0.028960817717206135
0 0.3009818731117825 0.11925042589437819 0.05664652567975831 0.04258943781942078
0 0.313821752265861 0.23040885860306645 0.0445619335347432 0.05366269165247019
0 0.338368580060423 0.24063032367972742 0.04078549848942598 0.051959114139693355
0 0.3538519637462236 0.26788756388415674 0.023413897280966767 0.05366269165247019
0 0.3678247734138973 0.3049403747870528 0.028700906344410877 0.059625212947189095
0 0.38557401812688824 0.3198466780238501 0.030966767371601207 0.06729131175468483
0 0.411631419939577 0.3432708688245315 0.04229607250755287 0.05792163543441227
0 0.47507552870090636 0.016609880749574105 0.04984894259818731 0.024701873935264056
0 0.4928247734138973 0.03534923339011925 0.06117824773413897 0.028109028960817718
0 0.5015105740181269 0.0651618398637138 0.028700906344410877 0.058773424190800685
0 0.5207703927492447 0.075809199318569 0.02945619335347432 0.06132879045996593
0 0.5358761329305136 0.08816013628620102 0.027945619335347432 0.058773424190800685
0 0.5562688821752266 0.10988074957410562 0.04003021148036254 0.04940374787052811
1 0.573262839879154 0.14778534923339012 0.04078549848942598 0.06729131175468483
0 0.6042296072507553 0.16737649063032367 0.0513595166163142 0.036626916524701875
0 0.6125377643504532 0.18143100511073254 0.03323262839879154 0.059625212947189095
0 0.6280211480362538 0.19335604770017037 0.02945619335347432 0.056218057921635436
1 0.6401057401812689 0.20783645655877342 0.030966767371601207 0.06473594548551959
0 0.6574773413897281 0.21890971039182283 0.033987915407854986 0.059625212947189095
0 0.6703172205438066 0.25255536626916525 0.030966767371601207 0.051959114139693355
0 0.6873111782477341 0.24659284497444633 0.028700906344410877 0.07240204429301533
1 0.7027945619335347 0.25851788756388416 0.02039274924471299 0.06047700170357751
1 0.7390483383685801 0.29770017035775126 0.04154078549848943 0.05536626916524702
1 0.7828549848942599 0.32836456558773425 0.04305135951661632 0.05536626916524702
1 0.8024924471299094 0.3266609880749574 0.04003021148036254 0.051959114139693355
0 0.868202416918429 0.3522146507666099 0.04909365558912387 0.036626916524701875
0 0.8357250755287009 0.3441226575809199 0.0324773413897281 0.044293015332197615
0 0.8391238670694864 0.3074957410562181 0.02416918429003021 0.03747870528109029
0 0.8587613293051359 0.3040885860306644 0.02416918429003021 0.04940374787052811
0 0.8742447129909365 0.3040885860306644 0.02039274924471299 0.04940374787052811
0 0.8904833836858006 0.3002555366269165 0.02416918429003021 0.05025553662691652
0 0.9101208459214502 0.30281090289608176 0.0256797583081571 0.05536626916524702
0 0.9788519637462235 0.2661839863713799 0.021148036253776436 0.048551959114139696
0 0.9694108761329305 0.2712947189097104 0.02190332326283988 0.051959114139693355
1 0.9648791540785498 0.3062180579216354 0.02190332326283988 0.04003407155025554
0 0.9373111782477341 0.3023850085178876 0.021148036253776436 0.07666098807495741
0 0.622356495468278 0.9608177172061328 0.061933534743202415 0.027257240204429302
0 0.6272658610271903 0.9063032367972743 0.05513595166163142 0.028960817717206135
0 0.6057401812688822 0.868824531516184 0.054380664652567974 0.040885860306643956
0 0.5959214501510574 0.8036626916524702 0.0513595166163142 0.05366269165247019
0 0.6095166163141994 0.7005962521294719 0.052870090634441085 0.04003407155025554
0 0.6121601208459214 0.6477853492333902 0.04909365558912387 0.062180579216354344
0 0.5377643504531722 0.5770868824531517 0.04380664652567976 0.05536626916524702
0 0.5600453172205438 0.5638841567291312 0.033987915407854986 0.05110732538330494
1 0.5759063444108762 0.5400340715502555 0.04305135951661632 0.06643952299829642
1 0.5808157099697885 0.5242759795570698 0.04682779456193353 0.06047700170357751
0 0.5830815709969789 0.48594548551959116 0.0377643504531722 0.05536626916524702
1 0.6136706948640483 0.4991482112436116 0.033987915407854986 0.05792163543441227
0 0.6314199395770392 0.49829642248722317 0.03172205438066465 0.054514480408858604
1 0.648036253776435 0.4919080068143101 0.030211480362537763 0.06388415672913117
0 0.6257552870090635 0.6137137989778535 0.03851963746223565 0.05706984667802385
0 0.649546827794562 0.5911413969335605 0.030211480362537763 0.04940374787052811
0 0.6593655589123867 0.5868824531516184 0.02416918429003021 0.06303236797274277
0 0.668429003021148 0.4846678023850085 0.027190332326283987 0.054514480408858604
0 0.6835347432024169 0.4816865417376491 0.022658610271903322 0.062180579216354344
1 0.7031722054380665 0.49318568994889267 0.027190332326283987 0.06303236797274277
1 0.7133685800604229 0.4804088586030664 0.035498489425981876 0.06303236797274277
1 0.7405589123867069 0.49701873935264057 0.033987915407854986 0.06729131175468483
0 0.7647280966767371 0.5051107325383305 0.030966767371601207 0.059625212947189095
0 0.7911631419939577 0.5289608177172062 0.030966767371601207 0.059625212947189095
0 0.8164652567975831 0.5170357751277683 0.027190332326283987 0.054514480408858604
1 0.8644259818731118 0.5272572402044293 0.02945619335347432 0.06303236797274277
0 0.8413897280966768 0.5468483816013628 0.03172205438066465 0.05792163543441227
0 0.8969033232628398 0.5293867120954003 0.03851963746223565 0.036626916524701875
0 0.9078549848942599 0.5626064735945485 0.03927492447129909 0.04514480408858603
0 0.9146525679758308 0.5945485519591142 0.054380664652567974 0.02385008517887564
1 0.927870090634441 0.6026405451448041 0.0581570996978852 0.03833049403747871
1 0.9271148036253777 0.6264906303236797 0.0445619335347432 0.03833049403747871
1 0.927870090634441 0.6503407155025553 0.04305135951661632 0.0434412265758092
0 0.9410876132930514 0.6673764906303237 0.04833836858006042 0.05025553662691652
1 0.9686555891238671 0.7065587734241908 0.017371601208459216 0.05536626916524702
1 0.9531722054380665 0.692504258943782 0.0377643504531722 0.04258943781942078
0 0.9712990936555891 0.762350936967632 0.045317220543806644 0.04258943781942078
0 0.9799848942598187 0.7772572402044293 0.035498489425981876 0.04514480408858603
0 0.9818731117824774 0.8245315161839863 0.030211480362537763 0.03747870528109029
0 0.9867824773413897 0.7921635434412266 0.023413897280966767 0.040885860306643956
0 0.702416918429003 0.5643100511073254 0.054380664652567974 0.036626916524701875
