0 0.47487223168654175 0.09818731117824774 0.08603066439522998 0.03172205438066465
0 0.477427597955707 0.11744712990936555 0.06388415672913117 0.026435045317220542
0 0.48211243611584326 0.15294561933534742 0.07495741056218058 0.035498489425981876
0 0.5046848381601363 0.21676737160120846 0.0706984667802385 0.028700906344410877
0 0.18654173764906304 0.2122356495468278 0.04599659284497445 0.055891238670694864
0 0.13713798977853492 0.20959214501510573 0.044293015332197615 0.05211480362537765
0 0.11201022146507666 0.21601208459214502 0.046848381601362864 0.052870090634441085
0 0.09327086882453152 0.2280966767371601 0.031516183986371384 0.0513595166163142
0 0.07793867120954004 0.21601208459214502 0.04003407155025554 0.052870090634441085
0 0.06601362862010221 0.2348942598187311 0.03833049403747871 0.04229607250755287
0 0.042163543441226574 0.2450906344410876 0.04003407155025554 0.04909365558912387
1 0.02001703577512777 0.25302114803625375 0.04003407155025554 0.060422960725075525
0 0.25681431005110733 0.2824773413897281 0.04003407155025554 0.05891238670694864
0 0.24361158432708688 0.29154078549848944 0.030664395229982964 0.054380664652567974
0 0.22061328790459966 0.3028700906344411 0.040885860306643956 0.0634441087613293
0 0.18781942078364566 0.313821752265861 0.03833049403747871 0.05211480362537765
0 0.17163543441226575 0.3168429003021148 0.036626916524701875 0.06117824773413897
0 0.14778534923339012 0.31533232628398794 0.0434412265758092 0.0581570996978852
1 0.1358603066439523 0.3251510574018127 0.041737649063032366 0.05664652567975831
1 0.11584327086882454 0.32968277945619334 0.034071550255536626 0.04758308157099698
1 0.09582623509369677 0.3387462235649547 0.028109028960817718 0.04305135951661632
1 0.07836456558773425 0.3387462235649547 0.03577512776831346 0.04758308157099698
0 0.061754684838160136 0.3474320241691843 0.029812606473594547 0.0513595166163142
0 0.04599659284497445 0.3512084592145015 0.02385008517887564 0.04984894259818731
0 0.031090289608177172 0.361404833836858 0.0434412265758092 0.05211480362537765
0 0.5877342419080068 0.40483383685800606 0.040885860306643956 0.05740181268882175
0 0.616695059625213 0.4150302114803625 0.030664395229982964 0.05966767371601209
0 0.6431005110732538 0.42107250755287007 0.04940374787052811 0.05513595166163142
1 0.6852640545144805 0.4369335347432024 0.031516183986371384 0.05513595166163142
0 0.7095400340715503 0.4433534743202417 0.02555366269165247 0.052870090634441085
0 0.7291311754684838 0.452416918429003 0.027257240204429302 0.052870090634441085
0 0.7470187393526405 0.4535498489425982 0.03577512776831346 0.06117824773413897
0 0.7734241908006815 0.4618580060422961 0.030664395229982964 0.06873111782477341
0 0.795144804088586 0.4637462235649547 0.028109028960817718 0.06646525679758308
0 0.8224020442930153 0.4705438066465257 0.031516183986371384 0.061933534743202415
0 0.8534923339011925 0.479607250755287 0.030664395229982964 0.060422960725075525
0 0.8735093696763203 0.48413897280966767 0.031516183986371384 0.05740181268882175
1 0.8943781942078365 0.49509063444108764 0.034071550255536626 0.0581570996978852
0 0.9284497444633731 0.5049093655589124 0.034071550255536626 0.0581570996978852
0 0.959114139693356 0.502643504531722 0.030664395229982964 0.06268882175226587
0 0.9791311754684838 0.5083081570996979 0.036626916524701875 0.0634441087613293
0 0.6286201022146508 0.6030966767371602 0.05281090289608177 0.05966767371601209
0 0.6567291311754685 0.5970543806646526 0.04258943781942078 0.0581570996978852
0 0.6716354344122658 0.577416918429003 0.0434412265758092 0.05966767371601209
0 0.6767461669505963 0.6072507552870091 0.046848381601362864 0.060422960725075525
0 0.7010221465076661 0.5962990936555891 0.028960817717206135 0.05664652567975831
0 0.719335604770017 0.5955438066465257 0.031516183986371384 0.05966767371601209
0 0.7367972742759795 0.5864803625377644 0.027257240204429302 0.0581570996978852
0 0.7640545144804088 0.6034743202416919 0.02385008517887564 0.0649546827794562
0 0.7938671209540035 0.6102719033232629 0.02555366269165247 0.05891238670694864
0 0.8160136286201022 0.6193353474320241 0.02385008517887564 0.06797583081570997
0 0.833901192504259 0.6246223564954683 0.034071550255536626 0.055891238670694864
0 0.8471039182282794 0.6151812688821753 0.024701873935264056 0.05211480362537765
1 0.8679727427597956 0.6246223564954683 0.03236797274275979 0.060422960725075525
0 0.903747870528109 0.6351963746223565 0.03747870528109029 0.07099697885196375
0 0.9318568994889268 0.6431268882175226 0.030664395229982964 0.07175226586102719
2 0.6869676320272573 0.7749244712990937 0.0434412265758092 0.04078549848942598
1 0.27427597955706984 0.69297583081571 0.08517887563884156 0.04305135951661632
0 0.2874787052810903 0.7197885196374623 0.075809199318569 0.028700906344410877
0 0.2938671209540034 0.7511329305135952 0.06473594548551959 0.030966767371601207
0 0.303236797274276 0.7651057401812689 0.05281090289608177 0.022658610271903322
0 0.30068143100511074 0.774546827794562 0.06303236797274277 0.02945619335347432
0 0.3206984667802385 0.7888972809667674 0.0706984667802385 0.023413897280966767
1 0.3249574105621806 0.8209969788519638 0.07410562180579217 0.03323262839879154
0 0.32240204429301533 0.8074018126888217 0.058773424190800685 0.019637462235649546
0 0.3321976149914821 0.8327039274924471 0.07495741056218058 0.026435045317220542
0 0.34582623509369675 0.8530966767371602 0.07495741056218058 0.035498489425981876
1 0.3522146507666099 0.8753776435045317 0.0706984667802385 0.028700906344410877
0 0.36030664395229983 0.8851963746223565 0.06473594548551959 0.03172205438066465
0 0.37052810902896083 0.9082326283987915 0.08006814310051108 0.02945619335347432
0 0.38798977853492334 0.945619335347432 0.065587734241908 0.03172205438066465
0 0.7325383304940375 0.8727341389728097 0.08517887563884156 0.04607250755287009
0 0.7610732538330495 0.9093655589123867 0.075809199318569 0.04078549848942598
0 0.7815161839863713 0.9369335347432024 0.07240204429301533 0.035498489425981876
