1 0.12348942598187311 0.4754531722054381 0.05664652567975831 0.04758308157099698
1 0.05324773413897281 0.5234138972809668 0.06873111782477341 0.0377643504531722
1 0.015105740181268881 0.2413141993957704 0.03172205438066465 0.06419939577039276
0 0.006797583081570997 0.26321752265861026 0.015105740181268881 0.03700906344410876
0 0.046450151057401814 0.2190332326283988 0.03700906344410876 0.054380664652567974
0 0.08610271903323263 0.2039274924471299 0.03927492447129909 0.0649546827794562
0 0.10989425981873112 0.1884441087613293 0.03700906344410876 0.05211480362537765
0 0.1401057401812689 0.18542296072507553 0.04305135951661632 0.04909365558912387
0 0.1574773413897281 0.17409365558912387 0.04003021148036254 0.05966767371601209
0 0.18617824773413896 0.16012084592145015 0.04154078549848943 0.0513595166163142
0 0.21148036253776434 0.138595166163142 0.03927492447129909 0.05060422960725076
0 0.31797583081570996 0.0857250755287009 0.04078549848942598 0.05513595166163142
0 0.3568731117824773 0.0736404833836858 0.04305135951661632 0.05664652567975831
0 0.4342900302114804 0.03965256797583082 0.04078549848942598 0.05513595166163142
1 0.46110271903323263 0.032854984894259816 0.04003021148036254 0.05060422960725076
1 0.4188066465256798 0.04229607250755287 0.04003021148036254 0.03927492447129909
1 0.3942598187311178 0.06533232628398791 0.04380664652567976 0.06722054380664652
1 0.27983383685800606 0.10876132930513595 0.06117824773413897 0.04078549848942598
0 0.4259818731117825 0.33081570996978854 0.028700906344410877 0.054380664652567974
0 0.45392749244712993 0.30702416918429004 0.03474320241691843 0.05211480362537765
0 0.479607250755287 0.2938066465256798 0.030211480362537763 0.052870090634441085
0 0.5766616314199395 0.2545317220543807 0.03851963746223565 0.060422960725075525
0 0.6125377643504532 0.23904833836858005 0.02416918429003021 0.05664652567975831
0 0.6431268882175226 0.22469788519637462 0.027945619335347432 0.05966767371601209
0 0.6990181268882175 0.20468277945619334 0.030966767371601207 0.060422960725075525
0 0.729607250755287 0.1748489425981873 0.030211480362537763 0.06117824773413897
0 0.756797583081571 0.16691842900302115 0.02416918429003021 0.060422960725075525
0 0.7764350453172205 0.1537009063444109 0.027190332326283987 0.06873111782477341
0 0.7994712990936556 0.14841389728096677 0.02190332326283988 0.06419939577039276
0 0.8308157099697885 0.14652567975830816 0.028700906344410877 0.05740181268882175
1 0.5143504531722054 0.28058912386706947 0.03474320241691843 0.05060422960725076
1 0.5487160120845922 0.26623867069486407 0.03851963746223565 0.05664652567975831
1 0.6654078549848943 0.2084592145015106 0.03625377643504532 0.05891238670694864
1 0.902190332326284 0.11518126888217523 0.04607250755287009 0.04909365558912387
0 0.8538519637462235 0.15143504531722055 0.023413897280966767 0.05966767371601209
0 0.8799093655589124 0.1268882175226586 0.03625377643504532 0.05740181268882175
1 0.9441087613293051 0.0993202416918429 0.03625377643504532 0.06570996978851963
0 0.9830060422960725 0.08157099697885196 0.030966767371601207 0.06797583081570997
