0 0.5298804780876494 0.015861027190332326 0.12350597609561753 0.028700906344410877
0 0.5448207171314741 0.0290785498489426 0.07768924302788845 0.015861027190332326
0 0.5388446215139442 0.038897280966767374 0.10956175298804781 0.035498489425981876
0 0.5776892430278885 0.046450151057401814 0.12749003984063745 0.02945619335347432
0 0.5737051792828685 0.06570996978851963 0.09561752988047809 0.0377643504531722
0 0.601593625498008 0.07175226586102719 0.099601593625498 0.030211480362537763
1 0.5966135458167331 0.09969788519637462 0.1294820717131474 0.03625377643504532
1 0.6145418326693227 0.1163141993957704 0.12151394422310757 0.0377643504531722
0 0.6304780876494024 0.1355740181268882 0.11752988047808764 0.024924471299093656
0 0.6543824701195219 0.15219033232628398 0.08964143426294821 0.0445619335347432
0 0.6733067729083665 0.1797583081570997 0.11155378486055777 0.0256797583081571
0 0.7350597609561753 0.25037764350453173 0.11155378486055777 0.033987915407854986
0 0.7211155378486056 0.2212990936555891 0.08366533864541832 0.04229607250755287
0 0.9402390438247011 0.02190332326283988 0.099601593625498 0.030211480362537763
1 0.9113545816733067 0.46827794561933533 0.1254980079681275 0.027190332326283987
0 0.898406374501992 0.4425981873111782 0.11553784860557768 0.028700906344410877
1 0.9252988047808764 0.493202416918429 0.11752988047808764 0.028700906344410877
0 0.9372509960159362 0.5234138972809668 0.09362549800796813 0.03323262839879154
0 0.9571713147410359 0.547583081570997 0.07370517928286853 0.03474320241691843
