0 0.2559760956175299 0.10477001703577513 0.09760956175298804 0.054514480408858604
0 0.3047808764940239 0.14522998296422487 0.16334661354581673 0.03492333901192504
0 0.3715139442231076 0.18313458262350937 0.12151394422310757 0.03577512776831346
0 0.40537848605577687 0.21635434412265758 0.14143426294820716 0.027257240204429302
0 0.4133466135458167 0.23466780238500853 0.17330677290836652 0.03321976149914821
0 0.48705179282868527 0.3036626916524702 0.13745019920318724 0.029812606473594547
0 0.4940239043824701 0.323679727427598 0.14342629482071712 0.028960817717206135
0 0.5189243027888446 0.3428449744463373 0.11752988047808764 0.026405451448040886
0 0.5517928286852589 0.37776831345826234 0.12749003984063745 0.03833049403747871
0 0.6105577689243028 0.4182282793867121 0.15338645418326693 0.040885860306643956
0 0.6314741035856574 0.4514480408858603 0.1553784860557769 0.03236797274275979
0 0.704183266932271 0.5068143100511073 0.14940239043824702 0.03747870528109029
1 0.42330677290836655 0.25681431005110733 0.18127490039840638 0.03321976149914821
0 0.05876494023904382 0.2022998296422487 0.11354581673306773 0.029812606473594547
0 0.15338645418326693 0.2674616695059625 0.1553784860557769 0.028960817717206135
0 0.099601593625498 0.24063032367972742 0.14741035856573706 0.01788756388415673
0 0.11354581673306773 0.2559625212947189 0.13147410358565736 0.026405451448040886
1 0.1603585657370518 0.3002555366269165 0.17729083665338646 0.03321976149914821
0 0.18426294820717132 0.3202725724020443 0.14940239043824702 0.028960817717206135
0 0.21713147410358566 0.3419931856899489 0.1394422310756972 0.028109028960817718
0 0.28685258964143423 0.39480408858603067 0.1553784860557769 0.03321976149914821
1 0.30278884462151395 0.42674616695059625 0.14342629482071712 0.054514480408858604
2 0.6354581673306773 0.6354344122657581 0.12350597609561753 0.04770017035775128
0 0.7171314741035857 0.543015332197615 0.13147410358565736 0.041737649063032366
0 0.7529880478087649 0.5672913117546848 0.11553784860557768 0.028960817717206135
0 0.7798804780876494 0.5936967632027257 0.1454183266932271 0.039182282793867124
0 0.8127490039840637 0.6281942078364565 0.12749003984063745 0.031516183986371384
0 0.8316733067729084 0.6571550255536627 0.1294820717131474 0.031516183986371384
0 0.8336653386454184 0.6767461669505963 0.13346613545816732 0.029812606473594547
0 0.4033864541832669 0.5332197614991482 0.13346613545816732 0.034071550255536626
0 0.44123505976095617 0.5528109028960818 0.13346613545816732 0.034071550255536626
0 0.48804780876494025 0.6060477001703578 0.1394422310756972 0.028109028960817718
0 0.5189243027888446 0.6337308347529813 0.1254980079681275 0.015332197614991482
0 0.5348605577689243 0.6626916524701874 0.15737051792828685 0.02555366269165247
0 0.5408366533864541 0.6878194207836457 0.17729083665338646 0.028109028960817718
0 0.5607569721115537 0.7099659284497445 0.1454183266932271 0.024701873935264056
1 0.8097609561752988 0.9782793867120955 0.14940239043824702 0.031516183986371384
1 0.7350597609561753 0.9203577512776832 0.16733067729083664 0.04003407155025554
1 0.7131474103585658 0.8764906303236797 0.13545816733067728 0.03236797274275979
1 0.9362549800796812 0.8057921635434412 0.11553784860557768 0.04770017035775128
0 0.6215139442231076 0.747870528109029 0.13545816733067728 0.028960817717206135
0 0.6563745019920318 0.778534923339012 0.16533864541832669 0.028960817717206135
0 0.6792828685258964 0.7994037478705281 0.1553784860557769 0.024701873935264056
0 0.6593625498007968 0.8228279386712095 0.14342629482071712 0.03236797274275979
0 0.697211155378486 0.8662691652470188 0.12350597609561753 0.034071550255536626
0 0.7689243027888446 0.9382453151618398 0.12350597609561753 0.026405451448040886
0 0.7290836653386454 0.893526405451448 0.14741035856573706 0.030664395229982964
0 0.852589641434263 0.6971890971039182 0.10358565737051792 0.029812606473594547
0 0.8954183266932271 0.719335604770017 0.1294820717131474 0.022998296422487224
0 0.8914342629482072 0.7461669505962522 0.1294820717131474 0.028960817717206135
0 0.9053784860557769 0.7610732538330495 0.1254980079681275 0.029812606473594547
0 0.9302788844621513 0.784923339011925 0.09163346613545817 0.04003407155025554
