0 0.49105621805792166 0.979607250755287 0.05366269165247019 0.03625377643504532
1 0.4816865417376491 0.9422205438066465 0.06047700170357751 0.05211480362537765
0 0.4714650766609881 0.9199395770392749 0.065587734241908 0.0513595166163142
0 0.465076660988075 0.9044561933534743 0.056218057921635436 0.0324773413897281
0 0.45954003407155025 0.8950151057401813 0.05025553662691652 0.04078549848942598
0 0.444633730834753 0.8689577039274925 0.06132879045996593 0.02945619335347432
0 0.44718909710391824 0.850453172205438 0.04599659284497445 0.03323262839879154
0 0.4301533219761499 0.8296827794561934 0.06132879045996593 0.033987915407854986
0 0.4373935264054514 0.7998489425981873 0.051959114139693355 0.045317220543806644
0 0.41439522998296424 0.7881419939577039 0.03833049403747871 0.04607250755287009
0 0.4148211243611584 0.770392749244713 0.04599659284497445 0.04984894259818731
1 0.4071550255536627 0.7416918429003021 0.04258943781942078 0.04229607250755287
0 0.38756388415672915 0.7345166163141994 0.040885860306643956 0.05211480362537765
0 0.3756388415672913 0.7118580060422961 0.03577512776831346 0.05513595166163142
0 0.3692504258943782 0.6975075528700906 0.03833049403747871 0.05664652567975831
0 0.3641396933560477 0.6555891238670695 0.046848381601362864 0.0513595166163142
0 0.3632879045996593 0.631797583081571 0.029812606473594547 0.04003021148036254
0 0.35902896081771724 0.6080060422960725 0.04514480408858603 0.03927492447129909
0 0.3415672913117547 0.591012084592145 0.06132879045996593 0.035498489425981876
0 0.35051107325383307 0.5702416918429003 0.05706984667802385 0.04380664652567976
0 0.3475298126064736 0.5472054380664653 0.05110732538330494 0.033987915407854986
0 0.34582623509369675 0.5139728096676737 0.039182282793867124 0.04909365558912387
0 0.29982964224872233 0.5 0.05792163543441227 0.052870090634441085
0 0.3062180579216354 0.4690332326283988 0.03833049403747871 0.03927492447129909
0 0.2934412265758092 0.4433534743202417 0.065587734241908 0.028700906344410877
0 0.2959965928449744 0.41389728096676737 0.046848381601362864 0.030211480362537763
0 0.19335604770017037 0.3413897280966767 0.044293015332197615 0.045317220543806644
0 0.21635434412265758 0.34516616314199394 0.044293015332197615 0.04682779456193353
0 0.24105621805792163 0.3610271903323263 0.05792163543441227 0.04229607250755287
0 0.25766609880749575 0.36895770392749244 0.05706984667802385 0.030966767371601207
0 0.27512776831345825 0.38972809667673713 0.056218057921635436 0.022658610271903322
0 0.17759795570698467 0.38632930513595165 0.03833049403747871 0.04154078549848943
0 0.2010221465076661 0.44561933534743203 0.030664395229982964 0.054380664652567974
0 0.21890971039182283 0.43202416918429004 0.039182282793867124 0.0513595166163142
1 0.23722316865417375 0.4278700906344411 0.03321976149914821 0.05513595166163142
1 0.18270868824531517 0.4580815709969788 0.028109028960817718 0.05664652567975831
1 0.15971039182282795 0.4025679758308157 0.03492333901192504 0.04833836858006042
0 0.15885860306643954 0.46676737160120846 0.02129471890971039 0.04984894259818731
0 0.1409710391822828 0.4746978851963746 0.03492333901192504 0.05362537764350453
0 0.13202725724020442 0.4093655589123867 0.027257240204429302 0.054380664652567974
0 0.108603066439523 0.40634441087613293 0.024701873935264056 0.052870090634441085
0 0.16141396933560478 0.06608761329305136 0.05536626916524702 0.023413897280966767
0 0.16482112436115842 0.03965256797583082 0.062180579216354344 0.027945619335347432
0 0.16056218057921637 0.015861027190332326 0.058773424190800685 0.028700906344410877
3 0.08773424190800681 0.2084592145015106 0.15843270868824533 0.1404833836858006
3 0.05749574105621806 0.49244712990936557 0.11669505962521295 0.12084592145015105
0 0.015758091993185692 0.43919939577039274 0.03321976149914821 0.04909365558912387
0 0.014054514480408859 0.2537764350453172 0.026405451448040886 0.04984894259818731
0 0.08603066439522998 0.9890483383685801 0.04940374787052811 0.0188821752265861
0 0.07921635434412266 0.9663897280966768 0.05110732538330494 0.02945619335347432
0 0.0651618398637138 0.9505287009063444 0.03833049403747871 0.017371601208459216
0 0.05834752981260648 0.9327794561933535 0.0434412265758092 0.021148036253776436
1 0.05068143100511073 0.9165407854984894 0.05366269165247019 0.015861027190332326
0 0.04770017035775128 0.9025679758308157 0.05281090289608177 0.019637462235649546
0 0.03960817717206133 0.8867069486404834 0.05706984667802385 0.010574018126888218
0 0.030238500851788756 0.8674471299093656 0.04514480408858603 0.011329305135951661
0 0.0379045996592845 0.8530966767371602 0.05025553662691652 0.014350453172205438
0 0.024701873935264056 0.8353474320241692 0.05110732538330494 0.027190332326283987
0 0.02129471890971039 0.8111782477341389 0.044293015332197615 0.019637462235649546
0 0.018739352640545145 0.7938066465256798 0.039182282793867124 0.022658610271903322
0 0.013628620102214651 0.763595166163142 0.028960817717206135 0.0256797583081571
0 0.008943781942078365 0.7375377643504532 0.019591141396933562 0.017371601208459216
