0 0.574773413897281 0.7311178247734139 0.04833836858006042 0.06646525679758308
1 0.6189577039274925 0.7194108761329305 0.04003021148036254 0.0702416918429003
0 0.648036253776435 0.705060422960725 0.03474320241691843 0.05966767371601209
0 0.6918429003021148 0.6937311178247734 0.04682779456193353 0.0581570996978852
0 0.7205438066465257 0.6699395770392749 0.04682779456193353 0.06797583081570997
1 0.7571752265861027 0.6446374622356495 0.05211480362537765 0.0445619335347432
0 0.8051359516616314 0.6457703927492447 0.04380664652567976 0.054380664652567974
0 0.8425226586102719 0.6344410876132931 0.0445619335347432 0.04984894259818731
1 0.8648036253776435 0.6136706948640483 0.03927492447129909 0.05362537764350453
1 0.8859516616314199 0.5981873111782477 0.03927492447129909 0.060422960725075525
0 0.9097432024169184 0.5929003021148036 0.04154078549848943 0.045317220543806644
1 0.9297583081570997 0.5755287009063444 0.04380664652567976 0.052870090634441085
0 0.9679003021148036 0.5649546827794562 0.04003021148036254 0.0513595166163142
1 0.9807401812688822 0.5460725075528701 0.0324773413897281 0.03927492447129909
