0 0.07779456193353475 0.19765840220385675 0.03172205438066465 0.12258953168044077
0 0.052492447129909366 0.1997245179063361 0.03700906344410876 0.11294765840220386
1 0.019259818731117824 0.23760330578512398 0.03851963746223565 0.15013774104683197
1 0.07212990936555891 0.6604683195592287 0.05060422960725076 0.11707988980716254
1 0.13255287009063443 0.6239669421487604 0.04607250755287009 0.14325068870523416
0 0.10007552870090634 0.6473829201101928 0.0445619335347432 0.11294765840220386
0 0.1782477341389728 0.6205234159779615 0.0513595166163142 0.13085399449035812
0 0.21336858006042297 0.6060606060606061 0.04607250755287009 0.11019283746556474
1 0.2601963746223565 0.5681818181818182 0.07175226586102719 0.08402203856749312
0 0.3300604229607251 0.5488980716253443 0.04682779456193353 0.1115702479338843
0 0.3640483383685801 0.5179063360881543 0.04984894259818731 0.10743801652892562
0 0.39274924471299094 0.5027548209366391 0.03927492447129909 0.12947658402203857
0 0.4127643504531722 0.4820936639118457 0.04305135951661632 0.11570247933884298
0 0.449773413897281 0.4800275482093664 0.04607250755287009 0.10881542699724518
0 0.4788519637462236 0.4524793388429752 0.04229607250755287 0.10606060606060606
0 0.5185045317220544 0.4476584022038568 0.04305135951661632 0.11570247933884298
1 0.5555135951661632 0.41460055096418735 0.03851963746223565 0.11570247933884298
0 0.5789274924471299 0.39118457300275483 0.03851963746223565 0.1046831955922865
0 0.6061178247734139 0.37396694214876036 0.04154078549848943 0.10606060606060606
1 0.68202416918429 0.3477961432506887 0.0649546827794562 0.10881542699724518
1 0.6374622356495468 0.41597796143250687 0.061933534743202415 0.09090909090909091
1 0.7556646525679759 0.2940771349862259 0.05966767371601209 0.10606060606060606
0 0.804380664652568 0.2747933884297521 0.03474320241691843 0.12534435261707988
1 0.8508308157099698 0.3037190082644628 0.0702416918429003 0.07575757575757576
0 0.8969033232628398 0.24104683195592286 0.04909365558912387 0.09641873278236915
0 0.9188066465256798 0.03168044077134986 0.02945619335347432 0.06336088154269973
