1 0.4180513595166163 0.7184838160136287 0.05211480362537765 0.03833049403747871
1 0.41351963746223563 0.7287052810902896 0.05211480362537765 0.03833049403747871
1 0.39916918429003023 0.752129471890971 0.0581570996978852 0.040885860306643956
1 0.39010574018126887 0.7640545144804088 0.05060422960725076 0.040885860306643956
0 0.38104229607250756 0.7793867120954003 0.04305135951661632 0.03747870528109029
1 0.3697129909365559 0.7891822827938672 0.05211480362537765 0.04003407155025554
0 0.3542296072507553 0.8091993185689949 0.03323262839879154 0.039182282793867124
0 0.3157099697885196 0.8126064735945485 0.055891238670694864 0.030664395229982964
0 0.33987915407854985 0.83603066439523 0.04984894259818731 0.031516183986371384
0 0.3074018126888218 0.9178023850085179 0.04833836858006042 0.051959114139693355
0 0.263595166163142 0.8675468483816013 0.06797583081570997 0.03492333901192504
1 0.2673716012084592 0.8104770017035775 0.055891238670694864 0.03492333901192504
1 0.2628398791540785 0.8922487223168655 0.04833836858006042 0.029812606473594547
1 0.2620845921450151 0.9352640545144805 0.052870090634441085 0.04770017035775128
0 0.17409365558912387 0.8419931856899489 0.04758308157099698 0.0434412265758092
0 0.16200906344410876 0.860732538330494 0.04909365558912387 0.0434412265758092
0 0.14425981873111782 0.8764906303236797 0.054380664652567974 0.040885860306643956
0 0.18013595166163143 0.7942930153321976 0.05211480362537765 0.03492333901192504
0 0.18957703927492447 0.7768313458262351 0.055891238670694864 0.02385008517887564
0 0.20921450151057402 0.7534071550255537 0.0513595166163142 0.03492333901192504
0 0.2326283987915408 0.7372231686541738 0.0513595166163142 0.03833049403747871
0 0.10196374622356495 0.626916524701874 0.045317220543806644 0.044293015332197615
0 0.05626888217522659 0.502129471890971 0.04607250755287009 0.051959114139693355
0 0.052870090634441085 0.5255536626916525 0.052870090634441085 0.04599659284497445
0 0.07326283987915408 0.5434412265758092 0.05740181268882175 0.030664395229982964
0 0.060045317220543806 0.5741056218057922 0.04305135951661632 0.039182282793867124
0 0.07326283987915408 0.5868824531516184 0.052870090634441085 0.04599659284497445
1 0.02379154078549849 0.6375638841567292 0.030966767371601207 0.062180579216354344
0 0.015105740181268881 0.7099659284497445 0.03172205438066465 0.0706984667802385
0 0.054003021148036255 0.6908006814310051 0.03700906344410876 0.04258943781942078
0 0.08081570996978851 0.6971890971039182 0.04078549848942598 0.05366269165247019
1 0.030966767371601207 0.7367972742759795 0.045317220543806644 0.05110732538330494
0 0.08648036253776435 0.8875638841567292 0.04305135951661632 0.05110732538330494
0 0.07288519637462236 0.9126916524701874 0.04607250755287009 0.051959114139693355
0 0.05740181268882175 0.9390971039182283 0.04984894259818731 0.041737649063032366
0 0.0411631419939577 0.9510221465076661 0.05664652567975831 0.03492333901192504
0 0.04984894259818731 0.9765758091993186 0.0513595166163142 0.03492333901192504
0 0.14803625377643503 0.9655025553662692 0.027190332326283987 0.05706984667802385
0 0.12311178247734139 0.9578364565587735 0.027190332326283987 0.051959114139693355
0 0.24773413897280966 0.977427597955707 0.027190332326283987 0.03492333901192504
1 0.18013595166163143 0.9850936967632027 0.0445619335347432 0.024701873935264056
