2 0.466012084592145 0.71900826446281 0.03172205438066465 0.06887052341597796
0 0.9622356495468278 0.2534435261707989 0.05740181268882175 0.05234159779614325
0 0.9618580060422961 0.3402203856749311 0.06419939577039276 0.05509641873278237
1 0.9814954682779456 0.71900826446281 0.02945619335347432 0.05785123966942149
0 0.976963746223565 0.6838842975206612 0.04003021148036254 0.05371900826446281
0 0.9765861027190332 0.8202479338842975 0.030211480362537763 0.08677685950413223
0 0.9546827794561934 0.8422865013774105 0.03323262839879154 0.08402203856749312
0 0.9346676737160121 0.871900826446281 0.033987915407854986 0.09090909090909091
0 0.8734894259818731 0.9173553719008265 0.05664652567975831 0.05785123966942149
1 0.601963746223565 0.9455922865013774 0.03474320241691843 0.07575757575757576
0 0.5864803625377644 0.9146005509641874 0.03851963746223565 0.0743801652892562
1 0.5827039274924471 0.8815426997245179 0.05060422960725076 0.0743801652892562
1 0.5781722054380665 0.8388429752066116 0.04003021148036254 0.07162534435261708
0 0.5540030211480362 0.828512396694215 0.04607250755287009 0.05371900826446281
0 0.524546827794562 0.7245179063360881 0.05513595166163142 0.09366391184573003
0 0.5521148036253777 0.7878787878787878 0.06797583081570997 0.049586776859504134
0 0.5162386706948641 0.668732782369146 0.05362537764350453 0.07024793388429752
0 0.49924471299093653 0.6232782369146006 0.04833836858006042 0.07024793388429752
0 0.48225075528700906 0.6136363636363636 0.04305135951661632 0.05647382920110193
0 0.48564954682779454 0.5709366391184573 0.0377643504531722 0.07851239669421488
0 0.4626132930513595 0.5736914600550964 0.04305135951661632 0.0674931129476584
1 0.479607250755287 0.5137741046831956 0.03474320241691843 0.0881542699724518
0 0.45392749244712993 0.5268595041322314 0.04078549848942598 0.05922865013774105
1 0.45468277945619334 0.48140495867768596 0.055891238670694864 0.06198347107438017
1 0.44637462235649544 0.4435261707988981 0.04833836858006042 0.046831955922865015
0 0.4059667673716012 0.9090909090909092 0.05513595166163142 0.0440771349862259
0 0.35158610271903323 0.9269972451790633 0.05211480362537765 0.046831955922865015
0 0.39274924471299094 0.9717630853994491 0.052870090634441085 0.04269972451790634
0 0.33345921450151056 0.8684573002754821 0.04607250755287009 0.05371900826446281
0 0.36631419939577037 0.8271349862258953 0.055891238670694864 0.045454545454545456
0 0.31608761329305135 0.8230027548209367 0.0581570996978852 0.0674931129476584
1 0.3130664652567976 0.7610192837465565 0.0445619335347432 0.06473829201101929
0 0.29682779456193353 0.7486225895316805 0.05891238670694864 0.05647382920110193
0 0.28172205438066467 0.7024793388429752 0.0513595166163142 0.049586776859504134
0 0.2681268882175227 0.6618457300275482 0.04682779456193353 0.05096418732782369
0 0.25415407854984895 0.6260330578512396 0.05664652567975831 0.045454545454545456
0 0.24395770392749244 0.5902203856749312 0.055891238670694864 0.05371900826446281
0 0.2280966767371601 0.5172176308539945 0.055891238670694864 0.04269972451790634
0 0.20996978851963746 0.48278236914600553 0.05740181268882175 0.05922865013774105
0 0.19788519637462235 0.44077134986225897 0.054380664652567974 0.046831955922865015
0 0.18504531722054382 0.4118457300275482 0.04833836858006042 0.049586776859504134
0 0.18315709969788518 0.359504132231405 0.06268882175226587 0.049586776859504134
1 0.1623867069486405 0.3078512396694215 0.045317220543806644 0.05922865013774105
1 0.14652567975830816 0.2610192837465565 0.04682779456193353 0.07024793388429752
0 0.13028700906344412 0.2100550964187328 0.0445619335347432 0.05371900826446281
0 0.09516616314199396 0.09986225895316805 0.05891238670694864 0.07300275482093664
1 0.08270392749244714 0.05234159779614325 0.05513595166163142 0.06887052341597796
0 0.11518126888217523 0.13705234159779614 0.0581570996978852 0.06473829201101929
0 0.11933534743202417 0.1763085399449036 0.04833836858006042 0.05785123966942149
