0 0.8191087613293051 0.04045996592844975 0.03851963746223565 0.041737649063032366
0 0.8111782477341389 0.012350936967632028 0.03474320241691843 0.022998296422487224
0 0.8217522658610272 0.06984667802385008 0.03625377643504532 0.04770017035775128
0 0.8334592145015106 0.08816013628620102 0.04154078549848943 0.05025553662691652
0 0.8527190332326284 0.1137137989778535 0.04380664652567976 0.0434412265758092
0 0.8927492447129909 0.7125212947189097 0.06646525679758308 0.05706984667802385
0 0.9059667673716012 0.6652470187393527 0.05513595166163142 0.03747870528109029
0 0.8957703927492447 0.6201022146507666 0.052870090634441085 0.034071550255536626
0 0.9025679758308157 0.5600511073253833 0.045317220543806644 0.031516183986371384
0 0.9350453172205438 0.4867972742759796 0.05740181268882175 0.028109028960817718
1 0.9505287009063444 0.4463373083475298 0.02945619335347432 0.06814310051107325
0 0.9078549848942599 0.3577512776831346 0.03172205438066465 0.05281090289608177
0 0.9244712990936556 0.3526405451448041 0.015105740181268881 0.056218057921635436
1 0.9463746223564955 0.35178875638841567 0.0256797583081571 0.07155025553662692
1 0.9852719033232629 0.338160136286201 0.024924471299093656 0.05792163543441227
1 0.966012084592145 0.34497444633730834 0.019637462235649546 0.054514480408858604
0 0.966012084592145 0.3185689948892675 0.03625377643504532 0.06303236797274277
0 0.9848942598187311 0.43100511073253833 0.0256797583081571 0.05110732538330494
0 0.9735649546827795 0.4373935264054514 0.027190332326283987 0.058773424190800685
