0 0.04607250755287009 0.04305135951661632 0.055891238670694864 0.04380664652567976
1 0.032854984894259816 0.016993957703927493 0.0581570996978852 0.026435045317220542
1 0.06457703927492447 0.0668429003021148 0.05513595166163142 0.04154078549848943
1 0.07099697885196375 0.09138972809667674 0.0513595166163142 0.0377643504531722
0 0.08119335347432025 0.12084592145015105 0.03851963746223565 0.04984894259818731
0 0.08987915407854985 0.14614803625377643 0.04682779456193353 0.03700906344410876
0 0.11216012084592145 0.15823262839879154 0.04607250755287009 0.04758308157099698
0 0.12726586102719034 0.18240181268882175 0.05513595166163142 0.04003021148036254
0 0.18504531722054382 0.12424471299093656 0.054380664652567974 0.0324773413897281
3 0.30513595166163143 0.3938821752265861 0.1691842900302115 0.12462235649546828
3 0.2911631419939577 0.27152567975830816 0.15634441087613293 0.11253776435045318
2 0.1578549848942598 0.7941842900302115 0.05891238670694864 0.04154078549848943
1 0.15483383685800603 0.04833836858006042 0.045317220543806644 0.04078549848942598
1 0.1691842900302115 0.09252265861027191 0.054380664652567974 0.02945619335347432
0 0.1608761329305136 0.06570996978851963 0.054380664652567974 0.0377643504531722
0 0.052492447129909366 0.6808912386706949 0.04003021148036254 0.05362537764350453
0 0.02945619335347432 0.695619335347432 0.04682779456193353 0.052870090634441085
0 0.019259818731117824 0.7129909365558912 0.03851963746223565 0.04078549848942598
0 0.17031722054380666 0.9584592145015106 0.05966767371601209 0.045317220543806644
1 0.10649546827794562 0.972809667673716 0.03323262839879154 0.045317220543806644
0 0.3935045317220544 0.6620090634441088 0.060422960725075525 0.03700906344410876
0 0.4316465256797583 0.6438821752265861 0.05211480362537765 0.03851963746223565
1 0.4663897280966767 0.6280211480362538 0.04305135951661632 0.05513595166163142
0 0.48564954682779454 0.6091389728096677 0.03323262839879154 0.05211480362537765
0 0.4879154078549849 0.5872356495468278 0.03474320241691843 0.06419939577039276
0 0.5128398791540786 0.5959214501510574 0.030211480362537763 0.054380664652567974
0 0.5320996978851964 0.5827039274924471 0.05211480362537765 0.06570996978851963
1 0.5608006042296072 0.570619335347432 0.035498489425981876 0.05362537764350453
1 0.5929003021148036 0.5524924471299094 0.045317220543806644 0.06419939577039276
0 0.6098942598187311 0.5453172205438066 0.03851963746223565 0.06797583081570997
1 0.6336858006042296 0.5305891238670695 0.03927492447129909 0.0702416918429003
0 0.6582326283987915 0.5305891238670695 0.033987915407854986 0.05060422960725076
0 0.6797583081570997 0.5253021148036254 0.03625377643504532 0.04607250755287009
1 0.7005287009063444 0.5094410876132931 0.03851963746223565 0.0445619335347432
0 0.7235649546827795 0.49244712990936557 0.03323262839879154 0.045317220543806644
0 0.7386706948640483 0.4860271903323263 0.03323262839879154 0.04607250755287009
1 0.754154078549849 0.4735649546827795 0.02945619335347432 0.04833836858006042
0 0.7787009063444109 0.47129909365558914 0.03625377643504532 0.05891238670694864
0 0.7885196374622356 0.4569486404833837 0.028700906344410877 0.03927492447129909
1 0.8058912386706949 0.44939577039274925 0.03474320241691843 0.04833836858006042
0 0.8172205438066465 0.43844410876132933 0.03625377643504532 0.04758308157099698
0 0.8338368580060423 0.4350453172205438 0.03323262839879154 0.04380664652567976
0 0.8440332326283988 0.43013595166163143 0.033987915407854986 0.0445619335347432
0 0.8640483383685801 0.41729607250755285 0.04078549848942598 0.04305135951661632
0 0.8912386706948641 0.4142749244712991 0.03474320241691843 0.04758308157099698
0 0.9070996978851964 0.40105740181268884 0.04078549848942598 0.045317220543806644
0 0.9150302114803626 0.3889728096676737 0.0445619335347432 0.045317220543806644
0 0.9433534743202416 0.38444108761329304 0.03474320241691843 0.055891238670694864
1 0.952416918429003 0.36442598187311176 0.0377643504531722 0.05060422960725076
0 0.979607250755287 0.3632930513595166 0.027190332326283987 0.04229607250755287
2 0.6442598187311178 0.4052114803625378 0.055891238670694864 0.033987915407854986
0 0.3950151057401813 0.7197885196374623 0.04078549848942598 0.05740181268882175
