3 0.37613293051359514 0.805366269165247 0.16767371601208458 0.17291311754684838
0 0.5324773413897281 0.9352640545144805 0.03474320241691843 0.06814310051107325
1 0.5600453172205438 0.9433560477001703 0.0324773413897281 0.058773424190800685
0 0.6030966767371602 0.9284497444633731 0.05211480362537765 0.056218057921635436
0 0.6129154078549849 0.9011925042589438 0.0445619335347432 0.04258943781942078
0 0.6472809667673716 0.8407155025553663 0.04229607250755287 0.044293015332197615
0 0.6597432024169184 0.8147359454855196 0.04154078549848943 0.04003407155025554
0 0.6710725075528701 0.8023850085178875 0.04305135951661632 0.03236797274275979
0 0.6827794561933535 0.7691652470187393 0.04984894259818731 0.03577512776831346
0 0.7111027190332326 0.7108177172061328 0.04909365558912387 0.041737649063032366
0 0.7284743202416919 0.6703577512776832 0.0445619335347432 0.04258943781942078
0 0.7390483383685801 0.6448040885860307 0.04305135951661632 0.03747870528109029
0 0.7462235649546828 0.6235093696763203 0.045317220543806644 0.03747870528109029
1 0.7726586102719033 0.563458262350937 0.04833836858006042 0.041737649063032366
1 0.7885196374622356 0.5315161839863713 0.04682779456193353 0.03747870528109029
0 0.7949395770392749 0.5106473594548552 0.04607250755287009 0.03321976149914821
0 0.8145770392749244 0.47487223168654175 0.05362537764350453 0.03492333901192504
0 0.8217522658610272 0.446763202725724 0.04078549848942598 0.03492333901192504
0 0.8447885196374623 0.4131175468483816 0.05211480362537765 0.039182282793867124
0 0.8455438066465257 0.37776831345826234 0.0445619335347432 0.036626916524701875
0 0.8693353474320241 0.33432708688245316 0.04229607250755287 0.03321976149914821
0 0.8829305135951662 0.2989778534923339 0.04229607250755287 0.030664395229982964
0 0.898036253776435 0.27938671209540034 0.055891238670694864 0.034071550255536626
0 0.8081570996978852 0.975298126064736 0.06646525679758308 0.03577512776831346
1 0.8168429003021148 0.9386712095400341 0.05513595166163142 0.02385008517887564
0 0.8255287009063444 0.9080068143100511 0.061933534743202415 0.02385008517887564
0 0.8496978851963746 0.8649914821124361 0.0634441087613293 0.01788756388415673
0 0.8693353474320241 0.7917376490630323 0.05740181268882175 0.01788756388415673
0 0.8663141993957704 0.8211243611584327 0.05891238670694864 0.022146507666098807
1 0.8591389728096677 0.846252129471891 0.05966767371601209 0.019591141396933562
0 0.8644259818731118 0.7529812606473595 0.04909365558912387 0.015332197614991482
0 0.898036253776435 0.7738500851788757 0.052870090634441085 0.016183986371379896
0 0.9082326283987915 0.725298126064736 0.06419939577039276 0.022998296422487224
0 0.9176737160120846 0.7078364565587735 0.0649546827794562 0.01192504258943782
0 0.9180513595166163 0.6916524701873935 0.06419939577039276 0.02385008517887564
0 0.9271148036253777 0.6656729131175468 0.05664652567975831 0.02129471890971039
0 0.9603474320241692 0.616695059625213 0.05966767371601209 0.015332197614991482
0 0.9490181268882175 0.6405451448040886 0.06419939577039276 0.018739352640545145
1 0.9671450151057401 0.5928449744463373 0.05966767371601209 0.017035775127768313
0 0.908987915407855 0.23424190800681433 0.05362537764350453 0.03747870528109029
0 0.9093655589123867 0.25340715502555367 0.0513595166163142 0.022998296422487224
0 0.9244712990936556 0.20272572402044292 0.04833836858006042 0.034071550255536626
0 0.9512839879154078 0.14565587734241908 0.05060422960725076 0.02555366269165247
0 0.9490181268882175 0.16354344122657583 0.0445619335347432 0.02385008517887564
0 0.970166163141994 0.12989778534923338 0.04607250755287009 0.03321976149914821
0 0.9735649546827795 0.5626064735945485 0.04833836858006042 0.02129471890971039
