0 0.5347432024169184 0.013972809667673716 0.0513595166163142 0.02945619335347432
1 0.5800604229607251 0.03965256797583082 0.0256797583081571 0.04305135951661632
1 0.5766616314199395 0.09818731117824774 0.03851963746223565 0.055891238670694864
1 0.5793051359516617 0.1555891238670695 0.0256797583081571 0.04833836858006042
1 0.5781722054380665 0.2190332326283988 0.015861027190332326 0.04380664652567976
0 0.5388972809667674 0.08836858006042296 0.04607250755287009 0.01812688821752266
0 0.5396525679758308 0.1197129909365559 0.05060422960725076 0.024924471299093656
0 0.5392749244712991 0.1559667673716012 0.04833836858006042 0.024924471299093656
0 0.5449395770392749 0.2107250755287009 0.0445619335347432 0.03625377643504532
0 0.5430513595166163 0.26586102719033233 0.04078549848942598 0.02416918429003021
0 0.38746223564954685 0.0188821752265861 0.04682779456193353 0.02416918429003021
0 0.4509063444108761 0.0324773413897281 0.04682779456193353 0.022658610271903322
0 0.4452416918429003 0.06873111782477341 0.04758308157099698 0.02416918429003021
0 0.4433534743202417 0.09629909365558913 0.04833836858006042 0.02190332326283988
0 0.3904833836858006 0.09176737160120846 0.04380664652567976 0.024924471299093656
0 0.3919939577039275 0.1506797583081571 0.04682779456193353 0.02039274924471299
0 0.4452416918429003 0.15445619335347432 0.04909365558912387 0.027945619335347432
0 0.38746223564954685 0.1646525679758308 0.03927492447129909 0.01812688821752266
0 0.38557401812688824 0.19788519637462235 0.0445619335347432 0.027190332326283987
0 0.44222054380664655 0.23527190332326284 0.05362537764350453 0.02039274924471299
0 0.44599697885196377 0.2590634441087613 0.04607250755287009 0.01812688821752266
0 0.3787764350453172 0.2345166163141994 0.04758308157099698 0.023413897280966767
0 0.38821752265861026 0.27416918429003023 0.04833836858006042 0.019637462235649546
0 0.39086102719033233 0.33648036253776437 0.05211480362537765 0.030966767371601207
0 0.46148036253776437 0.37462235649546827 0.04833836858006042 0.0256797583081571
0 0.529833836858006 0.361404833836858 0.05060422960725076 0.0324773413897281
0 0.3935045317220544 0.3595166163141994 0.04682779456193353 0.030211480362537763
0 0.3889728096676737 0.39463746223564955 0.054380664652567974 0.030966767371601207
1 0.5373867069486404 0.543429003021148 0.05362537764350453 0.026435045317220542
0 0.5305891238670695 0.650679758308157 0.04909365558912387 0.02945619335347432
0 0.5264350453172205 0.672583081570997 0.0513595166163142 0.02190332326283988
0 0.5302114803625377 0.7027945619335347 0.04833836858006042 0.023413897280966767
0 0.3859516616314199 0.6132930513595166 0.05740181268882175 0.0256797583081571
0 0.3859516616314199 0.6416163141993958 0.04984894259818731 0.023413897280966767
0 0.43391238670694865 0.6703172205438066 0.05060422960725076 0.023413897280966767
0 0.42862537764350456 0.7077039274924471 0.04758308157099698 0.02416918429003021
0 0.38104229607250756 0.6959969788519638 0.04305135951661632 0.02190332326283988
0 0.3765105740181269 0.7654833836858006 0.04607250755287009 0.026435045317220542
0 0.37726586102719034 0.8006042296072508 0.05060422960725076 0.030211480362537763
0 0.4335347432024169 0.8115558912386707 0.04833836858006042 0.024924471299093656
0 0.42900302114803623 0.8281722054380665 0.04833836858006042 0.02190332326283988
0 0.3734894259818731 0.8259063444108762 0.04003021148036254 0.02190332326283988
0 0.5151057401812689 0.8935045317220544 0.045317220543806644 0.021148036253776436
0 0.5147280966767371 0.9142749244712991 0.04758308157099698 0.02190332326283988
0 0.5132175226586103 0.947129909365559 0.04909365558912387 0.02416918429003021
0 0.5124622356495468 0.9758308157099698 0.04758308157099698 0.022658610271903322
0 0.3889728096676737 0.8908610271903323 0.052870090634441085 0.026435045317220542
0 0.4263595166163142 0.918429003021148 0.04909365558912387 0.028700906344410877
0 0.41842900302114805 0.9584592145015106 0.04682779456193353 0.030211480362537763
0 0.36442598187311176 0.9206948640483383 0.04154078549848943 0.022658610271903322
0 0.36895770392749244 0.9645015105740181 0.04305135951661632 0.019637462235649546
0 0.3723564954682779 0.9826283987915407 0.0377643504531722 0.01812688821752266
0 0.25075528700906347 0.8213746223564955 0.0377643504531722 0.03851963746223565
0 0.22885196374622357 0.9380664652567976 0.055891238670694864 0.03625377643504532
0 0.22998489425981872 0.9671450151057401 0.05362537764350453 0.02039274924471299
0 0.1665407854984894 0.877643504531722 0.05211480362537765 0.02416918429003021
0 0.1608761329305136 0.9003021148036254 0.04682779456193353 0.030211480362537763
0 0.15709969788519637 0.9361782477341389 0.052870090634441085 0.027945619335347432
0 0.16012084592145015 0.8126888217522659 0.03927492447129909 0.03323262839879154
0 0.16503021148036254 0.974320241691843 0.04909365558912387 0.027190332326283987
0 0.16767371601208458 0.7371601208459214 0.052870090634441085 0.028700906344410877
0 0.23602719033232628 0.7069486404833837 0.05362537764350453 0.028700906344410877
0 0.2450906344410876 0.6638972809667674 0.05362537764350453 0.028700906344410877
0 0.17182779456193353 0.6873111782477341 0.05060422960725076 0.0256797583081571
0 0.17447129909365558 0.5521148036253777 0.04078549848942598 0.04984894259818731
0 0.1627643504531722 0.5917673716012085 0.0445619335347432 0.02190332326283988
0 0.17447129909365558 0.3867069486404834 0.0513595166163142 0.030211480362537763
0 0.26321752265861026 0.30400302114803623 0.0581570996978852 0.017371601208459216
0 0.263595166163142 0.32061933534743203 0.04229607250755287 0.02190332326283988
0 0.17938066465256797 0.48942598187311176 0.05211480362537765 0.028700906344410877
0 0.26132930513595165 0.3640483383685801 0.0513595166163142 0.0256797583081571
0 0.2628398791540785 0.37726586102719034 0.060422960725075525 0.015861027190332326
0 0.25793051359516617 0.3919939577039275 0.04909365558912387 0.02416918429003021
0 0.24622356495468278 0.21865558912386707 0.04833836858006042 0.030966767371601207
1 0.2571752265861027 0.2556646525679758 0.06419939577039276 0.0445619335347432
0 0.25302114803625375 0.08157099697885196 0.0634441087613293 0.02416918429003021
1 0.243202416918429 0.10347432024169184 0.0513595166163142 0.03625377643504532
0 0.1763595166163142 0.1510574018126888 0.05664652567975831 0.022658610271903322
0 0.17258308157099697 0.18126888217522658 0.05664652567975831 0.03625377643504532
0 0.1778700906344411 0.2466012084592145 0.06117824773413897 0.02190332326283988
0 0.17749244712990936 0.02039274924471299 0.0634441087613293 0.02416918429003021
0 0.1695619335347432 0.03625377643504532 0.05211480362537765 0.01812688821752266
0 0.16880664652567975 0.05664652567975831 0.05966767371601209 0.0256797583081571
0 0.1710725075528701 0.08799093655589124 0.05664652567975831 0.02945619335347432
0 0.1778700906344411 0.1197129909365559 0.05966767371601209 0.030966767371601207
