3 0.5272572402044293 0.4467522658610272 0.18228279386712096 0.08836858006042296
3 0.3164395229982964 0.43202416918429004 0.15928449744463374 0.0770392749244713
2 0.028960817717206135 0.4437311178247734 0.056218057921635436 0.030966767371601207
2 0.011073253833049404 0.49206948640483383 0.022146507666098807 0.027945619335347432
2 0.16652470187393525 0.5804380664652568 0.048551959114139696 0.024924471299093656
2 0.17674616695059625 0.5985649546827795 0.05706984667802385 0.027945619335347432
2 0.3952299829642249 0.47658610271903323 0.04940374787052811 0.027190332326283987
3 0.5161839863713799 0.627643504531722 0.20272572402044292 0.08610271903323263
2 0.7619250425894378 0.6737160120845922 0.031516183986371384 0.019637462235649546
0 0.7670357751277683 0.6601208459214502 0.05025553662691652 0.054380664652567974
3 0.7657580919931857 0.8935045317220544 0.09369676320272573 0.15709969788519637
2 0.8862862010221465 0.9210725075528701 0.0434412265758092 0.03700906344410876
