1 0.1095166163141994 0.9697885196374623 0.045317220543806644 0.04833836858006042
0 0.08836858006042296 0.9799848942598187 0.03474320241691843 0.035498489425981876
1 0.12877643504531722 0.9554380664652568 0.04154078549848943 0.05740181268882175
1 0.1748489425981873 0.9297583081570997 0.04607250755287009 0.0513595166163142
0 0.20732628398791542 0.9248489425981873 0.0445619335347432 0.04154078549848943
1 0.23225075528700906 0.9138972809667674 0.04305135951661632 0.061933534743202415
1 0.25868580060422963 0.8961480362537765 0.03851963746223565 0.0445619335347432
0 0.27416918429003023 0.895392749244713 0.03474320241691843 0.04909365558912387
0 0.28512084592145015 0.8889728096676737 0.04154078549848943 0.0513595166163142
1 0.30173716012084595 0.8742447129909365 0.04909365558912387 0.05060422960725076
0 0.3240181268882175 0.8674471299093656 0.03474320241691843 0.05060422960725076
1 0.34705438066465255 0.8598942598187311 0.03851963746223565 0.05513595166163142
0 0.37613293051359514 0.8651812688821753 0.0377643504531722 0.05060422960725076
1 0.3666918429003021 0.8345921450151057 0.04607250755287009 0.045317220543806644
1 0.39992447129909364 0.831570996978852 0.02945619335347432 0.04984894259818731
0 0.4312688821752266 0.8334592145015106 0.0377643504531722 0.04909365558912387
0 0.4369335347432024 0.8081570996978852 0.03851963746223565 0.04833836858006042
0 0.45996978851963743 0.804380664652568 0.028700906344410877 0.054380664652567974
1 0.4746978851963746 0.7922960725075529 0.02945619335347432 0.061933534743202415
0 0.5011329305135952 0.8032477341389728 0.0324773413897281 0.05060422960725076
0 0.5343655589123867 0.775679758308157 0.02945619335347432 0.052870090634441085
1 0.5472054380664653 0.7552870090634441 0.035498489425981876 0.054380664652567974
0 0.5698640483383686 0.7496223564954683 0.027945619335347432 0.0445619335347432
1 0.5940332326283988 0.7428247734138973 0.03851963746223565 0.04607250755287009
1 0.6091389728096677 0.7167673716012085 0.04305135951661632 0.04984894259818731
0 0.6574773413897281 0.7715256797583081 0.04003021148036254 0.04003021148036254
1 0.6378398791540786 0.7212990936555891 0.0324773413897281 0.04682779456193353
0 0.652190332326284 0.7077039274924471 0.02945619335347432 0.0513595166163142
0 0.6801359516616314 0.7224320241691843 0.033987915407854986 0.05513595166163142
1 0.7141238670694864 0.6918429003021148 0.04003021148036254 0.04833836858006042
0 0.6861782477341389 0.6873111782477341 0.024924471299093656 0.05740181268882175
1 0.7552870090634441 0.6567220543806647 0.04078549848942598 0.05211480362537765
1 0.745845921450151 0.6786253776435045 0.04154078549848943 0.05060422960725076
1 0.7753021148036254 0.6457703927492447 0.03700906344410876 0.0513595166163142
1 0.8013595166163142 0.6533232628398792 0.04984894259818731 0.04682779456193353
1 0.8009818731117825 0.6148036253776435 0.035498489425981876 0.054380664652567974
1 0.822129909365559 0.611404833836858 0.026435045317220542 0.05060422960725076
0 0.8372356495468278 0.6166918429003021 0.0324773413897281 0.04909365558912387
0 0.849320241691843 0.597809667673716 0.035498489425981876 0.05211480362537765
0 0.8761329305135952 0.5955438066465257 0.03927492447129909 0.0581570996978852
1 0.8946374622356495 0.5830815709969789 0.04305135951661632 0.0513595166163142
0 0.9274924471299094 0.5740181268882175 0.045317220543806644 0.045317220543806644
0 0.9629909365558912 0.5426737160120846 0.022658610271903322 0.04909365558912387
0 0.9833836858006042 0.5351208459214502 0.01812688821752266 0.05513595166163142
0 0.9607250755287009 0.5664652567975831 0.0256797583081571 0.052870090634441085
1 0.9694108761329305 0.800226586102719 0.03851963746223565 0.06722054380664652
0 0.9233383685800605 0.8444108761329305 0.035498489425981876 0.0634441087613293
0 0.8923716012084593 0.8572507552870091 0.026435045317220542 0.052870090634441085
1 0.8738670694864048 0.8391238670694864 0.02416918429003021 0.0649546827794562
1 0.8572507552870091 0.8697129909365559 0.027190332326283987 0.05664652567975831
0 0.8678247734138973 0.8961480362537765 0.027190332326283987 0.04003021148036254
0 0.6756042296072508 0.9690332326283988 0.027945619335347432 0.0513595166163142
0 0.6903323262839879 0.9607250755287009 0.0377643504531722 0.052870090634441085
0 0.7148791540785498 0.9618580060422961 0.027945619335347432 0.04909365558912387
0 0.7326283987915407 0.9501510574018127 0.03474320241691843 0.04833836858006042
0 0.7503776435045317 0.9316465256797583 0.033987915407854986 0.05060422960725076
0 0.7662386706948641 0.9244712990936556 0.023413897280966767 0.04984894259818731
0 0.8141993957703928 0.9135196374622356 0.0377643504531722 0.0581570996978852
0 0.783987915407855 0.9256042296072508 0.03625377643504532 0.05060422960725076
