3 0.6503021148036254 0.6540785498489426 0.1510574018126888 0.18580060422960726
3 0.3723564954682779 0.6850453172205438 0.1555891238670695 0.18126888217522658
0 0.7182779456193353 0.947129909365559 0.14652567975830816 0.09969788519637462
1 0.44750755287009064 0.7734138972809668 0.030966767371601207 0.052870090634441085
0 0.47016616314199394 0.7866314199395771 0.024924471299093656 0.06419939577039276
0 0.48489425981873113 0.7968277945619335 0.021148036253776436 0.06948640483383686
0 0.4947129909365559 0.8157099697885196 0.022658610271903322 0.0634441087613293
0 0.5143504531722054 0.8289274924471299 0.030211480362537763 0.06268882175226587
0 0.5354984894259819 0.8447885196374623 0.027190332326283987 0.06419939577039276
0 0.5494712990936556 0.8636706948640483 0.024924471299093656 0.06419939577039276
0 0.570619335347432 0.8765105740181269 0.030966767371601207 0.06570996978851963
1 0.5974320241691843 0.8946374622356495 0.027190332326283987 0.07326283987915408
0 0.6212235649546828 0.8987915407854985 0.024924471299093656 0.0649546827794562
0 0.017749244712990938 0.1351963746223565 0.023413897280966767 0.060422960725075525
0 0.0411631419939577 0.15143504531722055 0.033987915407854986 0.06117824773413897
0 0.07099697885196375 0.16691842900302115 0.028700906344410877 0.06797583081570997
0 0.0891238670694864 0.1846676737160121 0.03323262839879154 0.05513595166163142
0 0.10876132930513595 0.20128398791540786 0.027190332326283987 0.05664652567975831
0 0.12651057401812688 0.21450151057401812 0.02039274924471299 0.05891238670694864
0 0.1423716012084592 0.22734138972809667 0.026435045317220542 0.061933534743202415
0 0.16200906344410876 0.24924471299093656 0.026435045317220542 0.05891238670694864
0 0.18693353474320243 0.2669939577039275 0.017371601208459216 0.06570996978851963
1 0.20657099697885195 0.2938066465256798 0.023413897280966767 0.055891238670694864
0 0.2348942598187311 0.31910876132930516 0.030211480362537763 0.0581570996978852
0 0.2526435045317221 0.34327794561933533 0.03851963746223565 0.0445619335347432
0 0.0377643504531722 0.44448640483383683 0.04380664652567976 0.05362537764350453
0 0.06306646525679759 0.4679003021148036 0.04758308157099698 0.04305135951661632
0 0.08308157099697885 0.4762084592145015 0.03172205438066465 0.05966767371601209
0 0.10574018126888217 0.47847432024169184 0.03172205438066465 0.05513595166163142
0 0.13330815709969787 0.5234138972809668 0.06419939577039276 0.028700906344410877
0 0.10725075528700906 0.5037764350453172 0.052870090634441085 0.03474320241691843
1 0.026057401812688823 0.42220543806646527 0.04607250755287009 0.03323262839879154
1 0.3659365558912387 0.4150302114803625 0.0324773413897281 0.07930513595166164
1 0.4097432024169184 0.45959214501510576 0.02190332326283988 0.08534743202416918
0 0.277190332326284 0.35196374622356497 0.03625377643504532 0.05891238670694864
0 0.2994712990936556 0.3731117824773414 0.030966767371601207 0.08308157099697885
0 0.28889728096676737 0.36631419939577037 0.02945619335347432 0.06646525679758308
0 0.3240181268882175 0.38368580060422963 0.027190332326283987 0.0649546827794562
0 0.34441087613293053 0.39803625377643503 0.03172205438066465 0.07401812688821752
0 0.38972809667673713 0.4312688821752266 0.028700906344410877 0.06948640483383686
0 0.43051359516616317 0.46865558912386707 0.028700906344410877 0.07326283987915408
0 0.45392749244712993 0.4818731117824773 0.030211480362537763 0.0770392749244713
0 0.47205438066465255 0.5022658610271903 0.028700906344410877 0.0649546827794562
0 0.48564954682779454 0.5018882175226587 0.022658610271903322 0.06268882175226587
0 0.5619335347432024 0.5672205438066465 0.03927492447129909 0.07401812688821752
0 0.5362537764350453 0.5509818731117825 0.0256797583081571 0.0702416918429003
0 0.5181268882175226 0.5377643504531722 0.03172205438066465 0.06797583081570997
0 0.4962235649546828 0.5237915407854985 0.03323262839879154 0.07326283987915408
0 0.16049848942598188 0.5453172205438066 0.030966767371601207 0.06646525679758308
0 0.1748489425981873 0.5713746223564955 0.030966767371601207 0.04909365558912387
0 0.28512084592145015 0.6484138972809668 0.06419939577039276 0.0324773413897281
0 0.2685045317220544 0.6321752265861027 0.06570996978851963 0.030211480362537763
0 0.20506042296072508 0.572129909365559 0.03851963746223565 0.06570996978851963
0 0.2239425981873112 0.5868580060422961 0.03851963746223565 0.061933534743202415
0 0.24584592145015105 0.6030966767371602 0.05664652567975831 0.05060422960725076
0 0.7265861027190332 0.7420694864048338 0.028700906344410877 0.06722054380664652
0 0.7466012084592145 0.7560422960725075 0.027945619335347432 0.0755287009063444
1 0.7707703927492447 0.7779456193353474 0.0324773413897281 0.07854984894259819
0 0.7870090634441088 0.7764350453172205 0.028700906344410877 0.08157099697885196
1 0.8013595166163142 0.8021148036253777 0.03323262839879154 0.06646525679758308
0 0.8262839879154078 0.8096676737160121 0.027190332326283987 0.06948640483383686
0 0.8466767371601208 0.8262839879154078 0.028700906344410877 0.06646525679758308
0 0.8572507552870091 0.8447885196374623 0.015105740181268881 0.06722054380664652
0 0.8772658610271903 0.8583836858006042 0.027945619335347432 0.06419939577039276
0 0.9811178247734139 0.949773413897281 0.019637462235649546 0.06268882175226587
1 0.9104984894259819 0.895392749244713 0.02945619335347432 0.07326283987915408
0 0.9286253776435045 0.899546827794562 0.027945619335347432 0.060422960725075525
0 0.945619335347432 0.9188066465256798 0.022658610271903322 0.05362537764350453
0 0.9652567975830816 0.9342900302114804 0.03474320241691843 0.05891238670694864
