2 0.9010574018126888 0.5479607250755287 0.03625377643504532 0.04305135951661632
2 0.9539274924471299 0.49924471299093653 0.04229607250755287 0.045317220543806644
0 0.9607250755287009 0.9093655589123867 0.0649546827794562 0.03625377643504532
0 0.9595921450151057 0.9599697885196374 0.06117824773413897 0.03323262839879154
0 0.9788519637462235 0.9871601208459214 0.03625377643504532 0.019637462235649546
0 0.395392749244713 0.9335347432024169 0.04154078549848943 0.0377643504531722
0 0.2802114803625378 0.7046827794561934 0.052870090634441085 0.03625377643504532
1 0.277190332326284 0.6801359516616314 0.04229607250755287 0.04003021148036254
0 0.26246223564954685 0.6722054380664653 0.04305135951661632 0.03927492447129909
1 0.25302114803625375 0.6450151057401813 0.05740181268882175 0.03172205438066465
0 0.1216012084592145 0.3795317220543807 0.054380664652567974 0.03851963746223565
0 0.14501510574018128 0.42900302114803623 0.055891238670694864 0.045317220543806644
0 0.16163141993957703 0.4520392749244713 0.045317220543806644 0.03851963746223565
0 0.23678247734138974 0.6197129909365559 0.05513595166163142 0.03851963746223565
0 0.2258308157099698 0.5887462235649547 0.052870090634441085 0.04305135951661632
0 0.20619335347432025 0.5498489425981873 0.04682779456193353 0.03927492447129909
0 0.19108761329305135 0.5060422960725075 0.052870090634441085 0.04380664652567976
0 0.18693353474320243 0.5309667673716012 0.05664652567975831 0.03474320241691843
0 0.029833836858006044 0.6669184290030211 0.05211480362537765 0.04229607250755287
0 0.18277945619335348 0.9709214501510574 0.054380664652567974 0.024924471299093656
1 0.16578549848942598 0.9425981873111783 0.04909365558912387 0.03172205438066465
1 0.14992447129909364 0.9127643504531722 0.0445619335347432 0.03851963746223565
0 0.1268882175226586 0.8889728096676737 0.055891238670694864 0.03323262839879154
0 0.12084592145015105 0.8689577039274925 0.055891238670694864 0.030966767371601207
0 0.11744712990936555 0.8481873111782477 0.05966767371601209 0.03474320241691843
0 0.09743202416918428 0.8281722054380665 0.05891238670694864 0.035498489425981876
1 0.08006042296072508 0.8024924471299094 0.052870090634441085 0.03700906344410876
0 0.08534743202416918 0.7749244712990937 0.07099697885196375 0.03172205438066465
0 0.03851963746223565 0.6986404833836858 0.055891238670694864 0.04229607250755287
0 0.05513595166163142 0.722809667673716 0.0649546827794562 0.03625377643504532
0 0.06910876132930513 0.7522658610271903 0.0581570996978852 0.03625377643504532
