0 0.8326693227091634 0.8049403747870528 0.05976095617529881 0.054514480408858604
0 0.7918326693227091 0.7764054514480409 0.061752988047808766 0.06388415672913117
0 0.7430278884462151 0.7614991482112436 0.055776892430278883 0.06643952299829642
0 0.6922310756972111 0.7517035775127768 0.08964143426294821 0.0706984667802385
0 0.6135458167330677 0.7052810902896082 0.07171314741035856 0.06984667802385008
0 0.549800796812749 0.6869676320272573 0.06772908366533864 0.065587734241908
0 0.49701195219123506 0.6690800681431005 0.061752988047808766 0.065587734241908
0 0.44621513944223107 0.6486371379897785 0.06374501992031872 0.075809199318569
1 0.3894422310756972 0.6367120954003407 0.07370517928286853 0.07240204429301533
0 0.299800796812749 0.5915672913117547 0.06573705179282868 0.058773424190800685
0 0.34561752988047806 0.6192504258943782 0.06573705179282868 0.06473594548551959
1 0.10159362549800796 0.524701873935264 0.06772908366533864 0.07666098807495741
0 0.04083665338645418 0.5008517887563885 0.049800796812749 0.06643952299829642
0 0.16533864541832669 0.538756388415673 0.06772908366533864 0.0706984667802385
0 0.2041832669322709 0.5591993185689949 0.053784860557768925 0.06388415672913117
0 0.2539840637450199 0.5804940374787053 0.05776892430278884 0.0706984667802385
