3 0.33266932270916333 0.2862537764350453 0.3187250996015936 0.14652567975830816
3 0.8754980079681275 0.26132930513595165 0.2410358565737052 0.13746223564954682
1 0.32270916334661354 0.0634441087613293 0.14741035856573706 0.04229607250755287
1 0.40139442231075695 0.08119335347432025 0.08167330677290836 0.05966767371601209
1 0.7390438247011952 0.2020392749244713 0.10358565737051792 0.04154078549848943
0 0.4452191235059761 0.09894259818731117 0.08167330677290836 0.054380664652567974
0 0.5049800796812749 0.11027190332326284 0.0697211155378486 0.055891238670694864
0 0.5328685258964143 0.12953172205438065 0.08964143426294821 0.05664652567975831
0 0.5756972111553785 0.13972809667673716 0.06772908366533864 0.05891238670694864
0 0.6334661354581673 0.15672205438066467 0.07171314741035856 0.05664652567975831
0 0.6573705179282868 0.18013595166163143 0.09163346613545817 0.04758308157099698
0 0.703187250996016 0.18919939577039274 0.07569721115537849 0.05664652567975831
0 0.044820717131474105 0.20808157099697885 0.08964143426294821 0.05513595166163142
0 0.12250996015936255 0.2212990936555891 0.09760956175298804 0.055891238670694864
0 0.545816733067729 0.3833081570996979 0.09163346613545817 0.05966767371601209
0 0.5976095617529881 0.3976586102719033 0.07171314741035856 0.0581570996978852
0 0.6185258964143426 0.40672205438066467 0.07370517928286853 0.05513595166163142
0 0.6713147410358565 0.4233383685800604 0.07171314741035856 0.06117824773413897
0 0.7171314741035857 0.438821752265861 0.0796812749003984 0.054380664652567974
0 0.750996015936255 0.4395770392749245 0.08764940239043825 0.052870090634441085
0 0.8107569721115537 0.4675226586102719 0.07171314741035856 0.04229607250755287
0 0.897410358565737 0.5094410876132931 0.08964143426294821 0.04909365558912387
1 0.9392430278884462 0.5211480362537765 0.0697211155378486 0.054380664652567974
1 0.8386454183266933 0.48564954682779454 0.09163346613545817 0.05891238670694864
