0 0.2778884462151394 0.5151057401812689 0.1294820717131474 0.022658610271903322
0 0.30278884462151395 0.5932779456193353 0.13147410358565736 0.02945619335347432
1 0.28884462151394424 0.5623111782477341 0.11553784860557768 0.02039274924471299
0 0.28685258964143423 0.6408610271903323 0.13545816733067728 0.04154078549848943
2 0.4591633466135458 0.6661631419939577 0.10956175298804781 0.03172205438066465
0 0.23505976095617528 0.7077039274924471 0.08366533864541832 0.03474320241691843
0 0.30278884462151395 0.7224320241691843 0.08366533864541832 0.03700906344410876
0 0.3336653386454183 0.8217522658610272 0.07370517928286853 0.04833836858006042
0 0.3047808764940239 0.8379909365558912 0.05976095617529881 0.04003021148036254
0 0.2739043824701195 0.8485649546827795 0.053784860557768925 0.0445619335347432
0 0.0697211155378486 0.8395015105740181 0.04780876494023904 0.05211480362537765
0 0.14641434262948208 0.8130664652567976 0.08964143426294821 0.05966767371601209
1 0.20916334661354583 0.7719033232628398 0.07171314741035856 0.04833836858006042
1 0.2201195219123506 0.8761329305135952 0.09362549800796813 0.04229607250755287
1 0.15239043824701196 0.9040785498489426 0.061752988047808766 0.04833836858006042
0 0.21414342629482072 0.9067220543806647 0.06573705179282868 0.04909365558912387
0 0.11354581673306773 0.9123867069486404 0.04780876494023904 0.04682779456193353
0 0.01693227091633466 0.9271148036253777 0.037848605577689244 0.05966767371601209
0 0.5129482071713147 0.9799848942598187 0.049800796812749 0.035498489425981876
0 0.0647410358565737 0.9233383685800605 0.0697211155378486 0.04607250755287009
0 0.5517928286852589 0.9811178247734139 0.06374501992031872 0.03323262839879154
