3 0.5241691842900302 0.575809199318569 0.10876132930513595 0.21465076660988075
3 0.7503776435045317 0.22061328790459966 0.10800604229607251 0.141396933560477
2 0.38368580060422963 0.4084327086882453 0.05740181268882175 0.05366269165247019
2 0.26586102719033233 0.303236797274276 0.04833836858006042 0.04258943781942078
0 0.2628398791540785 0.31090289608177174 0.0770392749244713 0.059625212947189095
0 0.5358761329305136 0.74190800681431 0.0581570996978852 0.05110732538330494
0 0.5524924471299094 0.7666098807495741 0.06873111782477341 0.039182282793867124
1 0.6076283987915407 0.7844974446337308 0.07779456193353475 0.03747870528109029
1 0.6170694864048338 0.8100511073253833 0.07250755287009064 0.03236797274275979
0 0.574773413897281 0.8368824531516184 0.0770392749244713 0.031516183986371384
0 0.5981873111782477 0.8965076660988075 0.06797583081570997 0.031516183986371384
0 0.6098942598187311 0.93015332197615 0.06722054380664652 0.028960817717206135
0 0.6121601208459214 0.954855195911414 0.06722054380664652 0.040885860306643956
0 0.6151812688821753 0.981686541737649 0.06570996978851963 0.03321976149914821
0 0.33534743202416917 0.03960817717206133 0.05740181268882175 0.06899488926746167
0 0.31268882175226587 0.06814310051107325 0.04984894259818731 0.06814310051107325
0 0.2858761329305136 0.06132879045996593 0.04305135951661632 0.06303236797274277
0 0.2707703927492447 0.08986371379897785 0.033987915407854986 0.05706984667802385
0 0.22356495468277945 0.10221465076660988 0.0377643504531722 0.06132879045996593
0 0.18919939577039274 0.12436115843270869 0.033987915407854986 0.056218057921635436
0 0.16503021148036254 0.13458262350936967 0.033987915407854986 0.05792163543441227
0 0.1419939577039275 0.1418228279386712 0.04380664652567976 0.065587734241908
0 0.12122356495468278 0.1622657580919932 0.04758308157099698 0.058773424190800685
1 0.019637462235649546 0.2231686541737649 0.0377643504531722 0.059625212947189095
0 0.0547583081570997 0.22146507666098808 0.05966767371601209 0.059625212947189095
0 0.0702416918429003 0.18867120954003408 0.03625377643504532 0.05536626916524702
0 0.09252265861027191 0.174190800681431 0.0324773413897281 0.06388415672913117
