0 0.28700906344410876 0.12534435261707988 0.04833836858006042 0.09366391184573003
0 0.30702416918429004 0.18870523415977963 0.0581570996978852 0.07713498622589532
0 0.3357250755287009 0.284435261707989 0.06419939577039276 0.07575757575757576
0 0.30551359516616317 0.4476584022038568 0.05513595166163142 0.0743801652892562
0 0.37462235649546827 0.46556473829201106 0.054380664652567974 0.06887052341597796
1 0.3859516616314199 0.5055096418732783 0.0513595166163142 0.06336088154269973
0 0.35083081570996977 0.6198347107438017 0.04154078549848943 0.06887052341597796
0 0.3867069486404834 0.5606060606060607 0.060422960725075525 0.06887052341597796
0 0.4025679758308157 0.6170798898071626 0.0513595166163142 0.07162534435261708
0 0.4169184290030212 0.6666666666666667 0.04833836858006042 0.08539944903581267
0 0.43466767371601206 0.7148760330578513 0.05211480362537765 0.07162534435261708
1 0.4437311178247734 0.7486225895316805 0.0581570996978852 0.07024793388429752
0 0.4637462235649547 0.8023415977961432 0.04682779456193353 0.07851239669421488
1 0.4271148036253776 0.8636363636363636 0.04909365558912387 0.0743801652892562
0 0.5494712990936556 0.01721763085399449 0.06117824773413897 0.03443526170798898
0 0.5490936555891238 0.05578512396694215 0.060422960725075525 0.028925619834710745
0 0.5645770392749244 0.09366391184573003 0.05966767371601209 0.030303030303030304
0 0.5619335347432024 0.14393939393939395 0.061933534743202415 0.0674931129476584
1 0.581570996978852 0.1556473829201102 0.0634441087613293 0.06060606060606061
0 0.5985649546827795 0.2128099173553719 0.06722054380664652 0.05096418732782369
0 0.6034743202416919 0.2665289256198347 0.060422960725075525 0.03994490358126722
0 0.6129154078549849 0.3078512396694215 0.05966767371601209 0.05096418732782369
0 0.6144259818731118 0.3464187327823692 0.05362537764350453 0.08953168044077135
0 0.6121601208459214 0.3973829201101928 0.06117824773413897 0.05096418732782369
0 0.6457703927492447 0.4297520661157025 0.061933534743202415 0.049586776859504134
0 0.6597432024169184 0.4703856749311295 0.06268882175226587 0.04269972451790634
0 0.6597432024169184 0.5082644628099173 0.06117824773413897 0.03856749311294766
0 0.6710725075528701 0.5461432506887053 0.05362537764350453 0.05096418732782369
1 0.6831570996978852 0.5847107438016529 0.06117824773413897 0.0674931129476584
1 0.6937311178247734 0.637741046831956 0.05362537764350453 0.04132231404958678
1 0.6910876132930514 0.6666666666666667 0.05891238670694864 0.049586776859504134
0 0.7084592145015106 0.6866391184573003 0.055891238670694864 0.05096418732782369
1 0.7212990936555891 0.7355371900826446 0.04682779456193353 0.07713498622589532
0 0.7386706948640483 0.772038567493113 0.06646525679758308 0.06198347107438017
0 0.7428247734138973 0.8174931129476585 0.0581570996978852 0.023415977961432508
0 0.7435800604229608 0.8381542699724518 0.05966767371601209 0.048209366391184574
0 0.7481117824773413 0.8705234159779615 0.06117824773413897 0.04132231404958678
0 0.7428247734138973 0.8939393939393939 0.05664652567975831 0.0440771349862259
0 0.7639728096676737 0.9180440771349863 0.05362537764350453 0.05096418732782369
0 0.7749244712990937 0.9634986225895317 0.052870090634441085 0.05647382920110193
