1 0.44293015332197616 0.6111584327086883 0.07155025553662692 0.058773424190800685
1 0.5234241908006815 0.5268313458262351 0.05366269165247019 0.06388415672913117
1 0.8334752981260648 0.036626916524701875 0.062180579216354344 0.05110732538330494
1 0.8185689948892675 0.05834752981260648 0.05281090289608177 0.04514480408858603
1 0.7972742759795571 0.07112436115843271 0.05792163543441227 0.04003407155025554
0 0.7738500851788757 0.09327086882453152 0.05536626916524702 0.041737649063032366
0 0.752129471890971 0.7346678023850085 0.06473594548551959 0.036626916524701875
1 0.6937819420783645 0.8304940374787053 0.08773424190800681 0.04599659284497445
1 0.7218909710391823 0.7968483816013628 0.06899488926746167 0.03321976149914821
1 0.762350936967632 0.7035775127768313 0.06643952299829642 0.034071550255536626
1 0.8019591141396933 0.674190800681431 0.06729131175468483 0.041737649063032366
1 0.821550255536627 0.649488926746167 0.06729131175468483 0.04003407155025554
1 0.8637137989778535 0.5753833049403748 0.08006814310051108 0.05025553662691652
1 0.9310051107325383 0.4735945485519591 0.08177172061328791 0.03747870528109029
1 0.9620954003407155 0.42163543441226575 0.0706984667802385 0.04599659284497445
