0 0.8316733067729084 0.26362862010221466 0.17729083665338646 0.06047700170357751
2 0.8675298804780877 0.25766609880749575 0.07370517928286853 0.041737649063032366
0 0.2918326693227092 0.7108177172061328 0.15737051792828685 0.05366269165247019
0 0.3426294820717131 0.6643952299829642 0.13545816733067728 0.03747870528109029
0 0.3247011952191235 0.618824531516184 0.1593625498007968 0.03833049403747871
0 0.34561752988047806 0.5660136286201022 0.12151394422310757 0.036626916524701875
0 0.21314741035856574 0.12095400340715502 0.12749003984063745 0.03747870528109029
0 0.14940239043824702 0.0924190800681431 0.09561752988047809 0.046848381601362864
0 0.12848605577689243 0.07367972742759796 0.09760956175298804 0.0434412265758092
0 0.10856573705179283 0.042163543441226574 0.10956175298804781 0.041737649063032366
0 0.09760956175298804 0.012776831345826235 0.09561752988047809 0.027257240204429302
0 0.6713147410358565 0.030664395229982964 0.1394422310756972 0.030664395229982964
0 0.7639442231075697 0.108603066439523 0.08964143426294821 0.0434412265758092
0 0.42330677290836655 0.4846678023850085 0.1294820717131474 0.027257240204429302
1 0.47808764940239046 0.4488926746166951 0.07569721115537849 0.06132879045996593
0 0.3436254980079681 0.3581771720613288 0.07370517928286853 0.04514480408858603
1 0.3884462151394422 0.3573253833049404 0.05179282868525896 0.05366269165247019
0 0.4133466135458167 0.35051107325383307 0.061752988047808766 0.05706984667802385
1 0.4721115537848605 0.3454003407155026 0.09163346613545817 0.05706984667802385
0 0.5049800796812749 0.3164395229982964 0.06573705179282868 0.062180579216354344
1 0.5517928286852589 0.33858603066439524 0.07569721115537849 0.06047700170357751
0 0.5229083665338645 0.43483816013628623 0.07768924302788845 0.048551959114139696
0 0.5687250996015936 0.4331345826235094 0.08565737051792828 0.06047700170357751
0 0.6095617529880478 0.42759795570698467 0.06772908366533864 0.056218057921635436
0 0.7390438247011952 0.4416524701873935 0.11952191235059761 0.048551959114139696
0 0.8595617529880478 0.1890971039182283 0.08565737051792828 0.040885860306643956
0 0.8416334661354582 0.15374787052810904 0.11752988047808764 0.05025553662691652
1 0.8137450199203187 0.14054514480408858 0.08565737051792828 0.040885860306643956
1 0.6553784860557769 0.34965928449744466 0.055776892430278883 0.05706984667802385
0 0.6115537848605578 0.34582623509369675 0.05976095617529881 0.06132879045996593
0 0.7141434262948207 0.3577512776831346 0.049800796812749 0.06303236797274277
0 0.7629482071713147 0.36030664395229983 0.06772908366533864 0.04599659284497445
1 0.7828685258964143 0.379045996592845 0.043824701195219126 0.056218057921635436
1 0.8167330677290836 0.37776831345826234 0.05179282868525896 0.05536626916524702
1 0.8814741035856574 0.39395229982964225 0.06573705179282868 0.05706984667802385
0 0.9621513944223108 0.45229982964224874 0.05179282868525896 0.05110732538330494
0 0.9392430278884462 0.4212095400340716 0.061752988047808766 0.05366269165247019
1 0.7091633466135459 0.05834752981260648 0.11155378486055777 0.03321976149914821
