1 0.06608761329305136 0.9765861027190332 0.0581570996978852 0.02416918429003021
0 0.5513595166163142 0.7900302114803626 0.04078549848942598 0.05740181268882175
0 0.5487160120845922 0.8712235649546828 0.033987915407854986 0.04909365558912387
1 0.577416918429003 0.870845921450151 0.026435045317220542 0.04682779456193353
0 0.5400302114803626 0.929380664652568 0.04833836858006042 0.027945619335347432
0 0.5585347432024169 0.9573262839879154 0.0445619335347432 0.026435045317220542
0 0.35536253776435045 0.9694108761329305 0.06268882175226587 0.024924471299093656
0 0.36027190332326287 0.9361782477341389 0.0649546827794562 0.027945619335347432
0 0.1423716012084592 0.9705438066465257 0.06268882175226587 0.028700906344410877
0 0.34516616314199394 0.9014350453172205 0.055891238670694864 0.02945619335347432
1 0.45581570996978854 0.8066465256797583 0.027945619335347432 0.055891238670694864
0 0.39803625377643503 0.8334592145015106 0.04078549848942598 0.0581570996978852
0 0.3610271903323263 0.841012084592145 0.03323262839879154 0.05664652567975831
1 0.15861027190332327 0.9165407854984894 0.03625377643504532 0.05211480362537765
0 0.13255287009063443 0.9244712990936556 0.027945619335347432 0.04682779456193353
1 0.10989425981873112 0.9339123867069486 0.027945619335347432 0.04758308157099698
0 0.08874622356495468 0.9463746223564955 0.035498489425981876 0.052870090634441085
0 0.03209969788519638 0.8455438066465257 0.03700906344410876 0.05664652567975831
0 0.06873111782477341 0.8897280966767371 0.03474320241691843 0.04984894259818731
0 0.08534743202416918 0.8829305135951662 0.030211480362537763 0.052870090634441085
1 0.10838368580060423 0.8678247734138973 0.02945619335347432 0.054380664652567974
0 0.13897280966767372 0.8549848942598187 0.03474320241691843 0.04984894259818731
0 0.1729607250755287 0.8572507552870091 0.03927492447129909 0.04833836858006042
0 0.19977341389728095 0.8530966767371602 0.03851963746223565 0.05211480362537765
0 0.22356495468277945 0.8440332326283988 0.03625377643504532 0.05664652567975831
1 0.24622356495468278 0.8259063444108762 0.04078549848942598 0.05211480362537765
0 0.5358761329305136 0.6234894259818731 0.04758308157099698 0.04154078549848943
0 0.5260574018126888 0.6412386706948641 0.04758308157099698 0.04229607250755287
0 0.5279456193353474 0.6884441087613293 0.03323262839879154 0.04003021148036254
1 0.5086858006042296 0.709214501510574 0.033987915407854986 0.052870090634441085
0 0.48942598187311176 0.6638972809667674 0.028700906344410877 0.05891238670694864
1 0.4626132930513595 0.6563444108761329 0.03851963746223565 0.03927492447129909
0 0.47205438066465255 0.6895770392749244 0.04078549848942598 0.052870090634441085
0 0.43731117824773413 0.6865558912386707 0.04078549848942598 0.05891238670694864
0 0.055891238670694864 0.8323262839879154 0.04078549848942598 0.04682779456193353
0 0.07099697885196375 0.8130664652567976 0.0377643504531722 0.0445619335347432
0 0.2892749244712991 0.5596676737160121 0.0634441087613293 0.060422960725075525
2 0.2892749244712991 0.5608006042296072 0.03927492447129909 0.04003021148036254
0 0.4127643504531722 0.7575528700906344 0.0445619335347432 0.055891238670694864
0 0.3783987915407855 0.7583081570996979 0.03172205438066465 0.03927492447129909
1 0.25755287009063443 0.8168429003021148 0.03172205438066465 0.0445619335347432
0 0.2764350453172205 0.8153323262839879 0.03323262839879154 0.05664652567975831
0 0.2938066465256798 0.8021148036253777 0.04078549848942598 0.04833836858006042
0 0.31344410876132933 0.7820996978851964 0.0513595166163142 0.05060422960725076
0 0.3923716012084592 0.7012839879154078 0.033987915407854986 0.0445619335347432
1 0.36027190332326287 0.7020392749244713 0.030211480362537763 0.05060422960725076
0 0.33799093655589124 0.6975075528700906 0.04003021148036254 0.05211480362537765
0 0.30966767371601206 0.7292296072507553 0.060422960725075525 0.03851963746223565
0 0.2722809667673716 0.7428247734138973 0.0581570996978852 0.02190332326283988
0 0.25113293051359514 0.7537764350453172 0.04607250755287009 0.0377643504531722
0 0.23225075528700906 0.7613293051359517 0.05060422960725076 0.04984894259818731
0 0.09743202416918428 0.80702416918429 0.0377643504531722 0.05211480362537765
0 0.09894259818731117 0.779833836858006 0.028700906344410877 0.04909365558912387
0 0.12386706948640483 0.793429003021148 0.04380664652567976 0.05362537764350453
0 0.1401057401812689 0.7783232628398792 0.02945619335347432 0.05211480362537765
0 0.16049848942598188 0.7858761329305136 0.0324773413897281 0.04758308157099698
0 0.17447129909365558 0.777190332326284 0.03474320241691843 0.061933534743202415
0 0.20241691842900303 0.7805891238670695 0.03323262839879154 0.05513595166163142
0 0.03172205438066465 0.4414652567975831 0.03625377643504532 0.05664652567975831
0 0.03700906344410876 0.5241691842900302 0.03172205438066465 0.055891238670694864
0 0.06306646525679759 0.5071752265861027 0.04003021148036254 0.0581570996978852
0 0.09743202416918428 0.4943353474320242 0.03474320241691843 0.05362537764350453
0 0.12386706948640483 0.4833836858006042 0.04078549848942598 0.054380664652567974
0 0.09441087613293052 0.4195619335347432 0.04380664652567976 0.0445619335347432
0 0.12235649546827794 0.408987915407855 0.04682779456193353 0.05060422960725076
0 0.16314199395770393 0.48489425981873113 0.03323262839879154 0.05740181268882175
0 0.15181268882175228 0.37990936555891236 0.0377643504531722 0.05740181268882175
0 0.18957703927492447 0.3787764350453172 0.03927492447129909 0.05966767371601209
1 0.06835347432024169 0.43731117824773413 0.04758308157099698 0.060422960725075525
1 0.24697885196374622 0.3413897280966767 0.04078549848942598 0.04833836858006042
1 0.18806646525679757 0.47507552870090636 0.021148036253776436 0.0649546827794562
1 0.2775679758308157 0.4626132930513595 0.030966767371601207 0.05211480362537765
1 0.3496978851963746 0.30249244712990936 0.04984894259818731 0.0445619335347432
1 0.31797583081570996 0.3130664652567976 0.04380664652567976 0.05211480362537765
0 0.21487915407854985 0.47205438066465255 0.0324773413897281 0.05740181268882175
0 0.21865558912386707 0.36895770392749244 0.033987915407854986 0.06268882175226587
0 0.2571752265861027 0.4675226586102719 0.026435045317220542 0.052870090634441085
0 0.29040785498489424 0.4505287009063444 0.023413897280966767 0.05966767371601209
0 0.3119335347432024 0.4425981873111782 0.01812688821752266 0.0649546827794562
0 0.3395015105740181 0.4335347432024169 0.03851963746223565 0.052870090634441085
2 0.40370090634441086 0.47016616314199394 0.033987915407854986 0.030966767371601207
2 0.4395770392749245 0.466012084592145 0.021148036253776436 0.027190332326283987
0 0.36442598187311176 0.43089123867069484 0.02190332326283988 0.05060422960725076
0 0.2938066465256798 0.31948640483383683 0.03323262839879154 0.0513595166163142
0 0.3485649546827795 0.37084592145015105 0.03851963746223565 0.04833836858006042
0 0.3878398791540785 0.35347432024169184 0.023413897280966767 0.061933534743202415
1 0.2700151057401813 0.3323262839879154 0.030966767371601207 0.055891238670694864
0 0.38821752265861026 0.4195619335347432 0.030211480362537763 0.04758308157099698
0 0.4108761329305136 0.4104984894259819 0.022658610271903322 0.04154078549848943
0 0.4573262839879154 0.38746223564954685 0.024924471299093656 0.05891238670694864
0 0.4214501510574018 0.3459214501510574 0.03172205438066465 0.04833836858006042
0 0.4418429003021148 0.3240181268882175 0.03474320241691843 0.05740181268882175
0 0.38444108761329304 0.2843655589123867 0.0377643504531722 0.04607250755287009
0 0.2737915407854985 0.12084592145015105 0.05966767371601209 0.03172205438066465
0 0.3028700906344411 0.1401057401812689 0.060422960725075525 0.02945619335347432
0 0.2545317220543807 0.10498489425981873 0.052870090634441085 0.03625377643504532
0 0.015861027190332326 0.2537764350453172 0.0256797583081571 0.04682779456193353
0 0.0445619335347432 0.2571752265861027 0.03323262839879154 0.04909365558912387
0 0.0668429003021148 0.2537764350453172 0.035498489425981876 0.05891238670694864
0 0.09138972809667674 0.2518882175226586 0.0377643504531722 0.05664652567975831
0 0.11442598187311179 0.24546827794561935 0.026435045317220542 0.05740181268882175
0 0.14086102719033233 0.23225075528700906 0.030966767371601207 0.0581570996978852
0 0.17749244712990936 0.2171450151057402 0.04229607250755287 0.04758308157099698
0 0.19599697885196374 0.19901812688821752 0.0324773413897281 0.04003021148036254
0 0.22922960725075528 0.20770392749244712 0.04154078549848943 0.0513595166163142
0 0.2518882175226586 0.15974320241691842 0.06722054380664652 0.0445619335347432
0 0.25415407854984895 0.20052870090634442 0.04758308157099698 0.04607250755287009
0 0.2348942598187311 0.4833836858006042 0.021148036253776436 0.052870090634441085
