0 0.8429003021148036 0.22280966767371602 0.03172205438066465 0.061933534743202415
0 0.8187311178247734 0.2054380664652568 0.028700906344410877 0.0634441087613293
0 0.8243957703927492 0.10762839879154079 0.02945619335347432 0.06117824773413897
0 0.783987915407855 0.10158610271903323 0.03323262839879154 0.06117824773413897
0 0.7545317220543807 0.08610271903323263 0.03172205438066465 0.05740181268882175
0 0.7299848942598187 0.09252265861027191 0.030966767371601207 0.0581570996978852
0 0.6937311178247734 0.10007552870090634 0.02945619335347432 0.06268882175226587
0 0.6487915407854985 0.11329305135951662 0.03625377643504532 0.0513595166163142
0 0.5574018126888217 0.0857250755287009 0.0256797583081571 0.05664652567975831
0 0.7824773413897281 0.18202416918429004 0.03474320241691843 0.0649546827794562
0 0.7390483383685801 0.20468277945619334 0.04758308157099698 0.05891238670694864
0 0.6990181268882175 0.21148036253776434 0.0445619335347432 0.054380664652567974
0 0.6555891238670695 0.2126132930513595 0.03927492447129909 0.05664652567975831
0 0.5861027190332326 0.18202416918429004 0.04380664652567976 0.0513595166163142
0 0.5536253776435045 0.20732628398791542 0.03927492447129909 0.05060422960725076
0 0.5317220543806647 0.1216012084592145 0.03323262839879154 0.054380664652567974
0 0.4973564954682779 0.10687311178247734 0.02945619335347432 0.06722054380664652
0 0.4671450151057402 0.11593655589123868 0.02945619335347432 0.06117824773413897
0 0.4399546827794562 0.12348942598187311 0.02945619335347432 0.05362537764350453
0 0.463368580060423 0.2413141993957704 0.03700906344410876 0.06117824773413897
1 0.6132930513595166 0.25075528700906347 0.03323262839879154 0.06646525679758308
1 0.6695619335347432 0.09592145015105741 0.035498489425981876 0.060422960725075525
1 0.5962990936555891 0.08761329305135952 0.027945619335347432 0.07250755287009064
1 0.5751510574018127 0.3595166163141994 0.03700906344410876 0.061933534743202415
1 0.3648036253776435 0.311178247734139 0.0377643504531722 0.06797583081570997
1 0.3338368580060423 0.31608761329305135 0.0377643504531722 0.05513595166163142
1 0.3009818731117825 0.32250755287009064 0.04003021148036254 0.05891238670694864
0 0.4331570996978852 0.2466012084592145 0.033987915407854986 0.06117824773413897
0 0.39161631419939574 0.27870090634441086 0.023413897280966767 0.05891238670694864
0 0.2919184290030212 0.3659365558912387 0.027945619335347432 0.05513595166163142
0 0.277190332326284 0.37915407854984895 0.027190332326283987 0.04984894259818731
0 0.2258308157099698 0.3021148036253776 0.03323262839879154 0.054380664652567974
0 0.41918429003021146 0.1163141993957704 0.04229607250755287 0.04984894259818731
0 0.40294561933534745 0.13935045317220543 0.04154078549848943 0.05362537764350453
0 0.3802870090634441 0.14841389728096677 0.04154078549848943 0.05664652567975831
0 0.3542296072507553 0.1578549848942598 0.045317220543806644 0.055891238670694864
0 0.33534743202416917 0.17258308157099697 0.03323262839879154 0.05664652567975831
0 0.31419939577039274 0.17031722054380666 0.03323262839879154 0.04909365558912387
0 0.300226586102719 0.18353474320241692 0.027945619335347432 0.0513595166163142
0 0.2783232628398791 0.17409365558912387 0.03851963746223565 0.05211480362537765
0 0.27152567975830816 0.19599697885196374 0.0445619335347432 0.04607250755287009
0 0.23867069486404835 0.19297583081570996 0.03474320241691843 0.05362537764350453
0 0.22167673716012085 0.2330060422960725 0.027945619335347432 0.05664652567975831
0 0.20468277945619334 0.23602719033232628 0.0256797583081571 0.05060422960725076
0 0.20052870090634442 0.18429003021148035 0.02039274924471299 0.04833836858006042
0 0.20317220543806647 0.1559667673716012 0.04682779456193353 0.05060422960725076
