0 0.533987915407855 0.4044561933534743 0.03625377643504532 0.0581570996978852
0 0.7866314199395771 0.277190332326284 0.04003021148036254 0.0634441087613293
1 0.8466767371601208 0.2413141993957704 0.045317220543806644 0.04607250755287009
0 0.879154078549849 0.2311178247734139 0.04380664652567976 0.04984894259818731
0 0.93202416918429 0.19259818731117825 0.045317220543806644 0.03323262839879154
1 0.9452416918429003 0.22054380664652568 0.04909365558912387 0.027190332326283987
1 0.9558157099697885 0.243202416918429 0.0581570996978852 0.010574018126888218
0 0.9611027190332326 0.26246223564954685 0.04758308157099698 0.023413897280966767
0 0.9667673716012084 0.30249244712990936 0.03474320241691843 0.03851963746223565
0 0.9765861027190332 0.27681268882175225 0.0256797583081571 0.04154078549848943
2 0.7990936555891238 0.15709969788519637 0.04380664652567976 0.022658610271903322
2 0.783987915407855 0.125 0.03927492447129909 0.024924471299093656
