2 0.1537009063444109 0.9808347529812607 0.035498489425981876 0.029812606473594547
1 0.19599697885196374 0.9663543441226576 0.06722054380664652 0.046848381601362864
0 0.5766616314199395 0.7649063032367973 0.04003021148036254 0.06643952299829642
1 0.6540785498489426 0.6971890971039182 0.045317220543806644 0.08432708688245315
0 0.7122356495468278 0.6635434412265758 0.04984894259818731 0.06984667802385008
1 0.7507552870090635 0.6550255536626917 0.0649546827794562 0.06303236797274277
1 0.7945619335347432 0.633304940374787 0.04380664652567976 0.075809199318569
1 0.8202416918429003 0.626916524701874 0.04078549848942598 0.08347529812606473
1 0.8466767371601208 0.6158432708688245 0.0634441087613293 0.07495741056218058
1 0.8859516616314199 0.6013628620102215 0.04984894259818731 0.06984667802385008
1 0.9131419939577039 0.567717206132879 0.045317220543806644 0.07921635434412266
0 0.9501510574018127 0.5745315161839863 0.03172205438066465 0.07240204429301533
1 0.9724320241691843 0.563458262350937 0.04154078549848943 0.0809199318568995
1 0.976963746223565 0.14352640545144804 0.03700906344410876 0.07921635434412266
1 0.8444108761329305 0.20868824531516184 0.03927492447129909 0.06984667802385008
1 0.822129909365559 0.19889267461669508 0.030966767371601207 0.07240204429301533
1 0.7851208459214502 0.19931856899488928 0.02945619335347432 0.07495741056218058
0 0.8051359516616314 0.20272572402044292 0.03172205438066465 0.06814310051107325
0 0.7651057401812689 0.24659284497444633 0.045317220543806644 0.07240204429301533
0 0.7326283987915407 0.21294718909710392 0.03323262839879154 0.06303236797274277
1 0.7515105740181269 0.1797274275979557 0.04078549848942598 0.07666098807495741
0 0.7137462235649547 0.16780238500851788 0.0256797583081571 0.06984667802385008
0 0.7054380664652568 0.19718909710391824 0.028700906344410877 0.06729131175468483
0 0.6861782477341389 0.14565587734241908 0.030966767371601207 0.07495741056218058
0 0.6680513595166163 0.14267461669505963 0.0324773413897281 0.065587734241908
0 0.6688066465256798 0.10519591141396933 0.04758308157099698 0.046848381601362864
0 0.6370845921450151 0.09923339011925043 0.0581570996978852 0.05025553662691652
1 0.6329305135951662 0.06814310051107325 0.05891238670694864 0.04599659284497445
1 0.6163141993957704 0.04131175468483816 0.04682779456193353 0.048551959114139696
3 0.4078549848942598 0.09667802385008518 0.12235649546827794 0.1746166950596252
0 0.21978851963746224 0.034071550255536626 0.055891238670694864 0.04940374787052811
0 0.21110271903323263 0.014906303236797274 0.04909365558912387 0.024701873935264056
1 0.22885196374622357 0.059625212947189095 0.06646525679758308 0.040885860306643956
1 0.24773413897280966 0.08390119250425894 0.054380664652567974 0.046848381601362864
1 0.25755287009063443 0.11030664395229983 0.060422960725075525 0.04514480408858603
0 0.29229607250755285 0.16056218057921637 0.0634441087613293 0.041737649063032366
1 0.327416918429003 0.26362862010221466 0.07477341389728097 0.036626916524701875
0 0.3330815709969788 0.3091993185689949 0.05891238670694864 0.040885860306643956
0 0.3319486404833837 0.3419931856899489 0.06722054380664652 0.029812606473594547
0 0.3259063444108761 0.3701022146507666 0.06268882175226587 0.04003407155025554
1 0.29229607250755285 0.3909710391822828 0.061933534743202415 0.056218057921635436
0 0.28172205438066467 0.42035775127768316 0.05891238670694864 0.05706984667802385
0 0.24622356495468278 0.401618398637138 0.05740181268882175 0.05706984667802385
0 0.22885196374622357 0.42674616695059625 0.054380664652567974 0.04770017035775128
0 0.20279456193353473 0.4497444633730835 0.06268882175226587 0.04940374787052811
0 0.1510574018126888 0.44335604770017034 0.054380664652567974 0.062180579216354344
0 0.118202416918429 0.4557069846678024 0.04154078549848943 0.06984667802385008
1 0.09554380664652568 0.4667802385008518 0.05664652567975831 0.06814310051107325
