2 0.0823262839879154 0.1216012084592145 0.04380664652567976 0.052870090634441085
0 0.01812688821752266 0.6499244712990937 0.030211480362537763 0.04607250755287009
0 0.03512084592145015 0.6491691842900302 0.027945619335347432 0.04909365558912387
0 0.05513595166163142 0.648036253776435 0.03474320241691843 0.04984894259818731
0 0.0857250755287009 0.6378398791540786 0.0324773413897281 0.04909365558912387
0 0.10725075528700906 0.6333081570996979 0.027190332326283987 0.05513595166163142
0 0.12651057401812688 0.6287764350453172 0.02945619335347432 0.05060422960725076
0 0.1472809667673716 0.6125377643504532 0.03172205438066465 0.054380664652567974
0 0.17711480362537765 0.6076283987915407 0.03700906344410876 0.04758308157099698
0 0.20052870090634442 0.6064954682779456 0.0324773413897281 0.052870090634441085
0 0.0547583081570997 0.6370845921450151 0.035498489425981876 0.06117824773413897
0 0.22734138972809667 0.601963746223565 0.030211480362537763 0.0513595166163142
0 0.26321752265861026 0.6155589123867069 0.04607250755287009 0.0377643504531722
0 0.24924471299093656 0.5811933534743202 0.04833836858006042 0.05060422960725076
1 0.29040785498489424 0.5830815709969789 0.027945619335347432 0.0755287009063444
0 0.3130664652567976 0.5800604229607251 0.026435045317220542 0.06646525679758308
0 0.33459214501510576 0.5698640483383686 0.03172205438066465 0.05966767371601209
1 0.36178247734138974 0.5638217522658611 0.03323262839879154 0.06570996978851963
0 0.381797583081571 0.5411631419939577 0.027945619335347432 0.05513595166163142
1 0.4097432024169184 0.5430513595166163 0.026435045317220542 0.0634441087613293
0 0.436178247734139 0.5381419939577039 0.02945619335347432 0.07175226586102719
0 0.4550604229607251 0.5279456193353474 0.027945619335347432 0.055891238670694864
0 0.4746978851963746 0.5283232628398792 0.023413897280966767 0.06722054380664652
0 0.49055891238670696 0.5234138972809668 0.0324773413897281 0.055891238670694864
0 0.5090634441087614 0.5128398791540786 0.0377643504531722 0.0649546827794562
0 0.5358761329305136 0.5011329305135952 0.023413897280966767 0.05060422960725076
1 0.55702416918429 0.49055891238670696 0.0188821752265861 0.06268882175226587
1 0.9750755287009063 0.3783987915407855 0.03323262839879154 0.08308157099697885
0 0.9414652567975831 0.3814199395770393 0.04758308157099698 0.06948640483383686
1 0.9116314199395771 0.39086102719033233 0.03474320241691843 0.0702416918429003
0 0.8836858006042296 0.39652567975830816 0.027190332326283987 0.060422960725075525
1 0.8591389728096677 0.39652567975830816 0.035498489425981876 0.05891238670694864
0 0.8530966767371602 0.42220543806646527 0.035498489425981876 0.0513595166163142
0 0.8270392749244713 0.4003021148036254 0.027190332326283987 0.05891238670694864
1 0.8104229607250756 0.42031722054380666 0.03474320241691843 0.0581570996978852
0 0.7817220543806647 0.425226586102719 0.03323262839879154 0.052870090634441085
0 0.7533987915407855 0.43013595166163143 0.03851963746223565 0.0445619335347432
1 0.7401812688821753 0.44939577039274925 0.04078549848942598 0.055891238670694864
0 0.7148791540785498 0.44448640483383683 0.027945619335347432 0.06117824773413897
0 0.6914652567975831 0.4580815709969788 0.026435045317220542 0.06268882175226587
0 0.6665407854984894 0.4626132930513595 0.033987915407854986 0.05966767371601209
1 0.6487915407854985 0.47394259818731116 0.03927492447129909 0.05060422960725076
0 0.620845921450151 0.47129909365558914 0.04380664652567976 0.0649546827794562
0 0.597809667673716 0.4826283987915408 0.02945619335347432 0.0513595166163142
1 0.5789274924471299 0.5030211480362538 0.023413897280966767 0.054380664652567974
