2 0.6858006042296072 0.6226575809199318 0.03625377643504532 0.028960817717206135
0 0.6861782477341389 0.6260647359454855 0.03700906344410876 0.06473594548551959
0 0.29871601208459214 0.011073253833049404 0.07326283987915408 0.020442930153321978
0 0.28851963746223563 0.020868824531516183 0.05891238670694864 0.024701873935264056
1 0.311178247734139 0.04812606473594549 0.08459214501510574 0.029812606473594547
1 0.31608761329305135 0.07410562180579217 0.0823262839879154 0.03577512776831346
0 0.324773413897281 0.10519591141396933 0.05891238670694864 0.03321976149914821
0 0.3304380664652568 0.12819420783645655 0.06268882175226587 0.029812606473594547
1 0.3425226586102719 0.14863713798977854 0.05966767371601209 0.041737649063032366
1 0.347809667673716 0.16780238500851788 0.05966767371601209 0.04258943781942078
1 0.361404833836858 0.17589437819420783 0.06117824773413897 0.051959114139693355
