0 0.05173716012084592 0.0434412265758092 0.02945619335347432 0.056218057921635436
0 0.061933534743202415 0.031942078364565585 0.028700906344410877 0.041737649063032366
0 0.08685800604229607 0.023424190800681432 0.030211480362537763 0.03833049403747871
0 0.015483383685800604 0.05323679727427598 0.017371601208459216 0.05025553662691652
0 0.034365558912386705 0.056643952299829645 0.0188821752265861 0.05025553662691652
1 0.12197885196374622 0.014054514480408859 0.024924471299093656 0.026405451448040886
0 0.26472809667673713 0.18568994889267462 0.04003021148036254 0.05281090289608177
0 0.2802114803625378 0.206984667802385 0.04229607250755287 0.04258943781942078
0 0.2828549848942598 0.23679727427597955 0.05362537764350453 0.04258943781942078
0 0.2847432024169184 0.2708688245315162 0.052870090634441085 0.039182282793867124
0 0.3032477341389728 0.2934412265758092 0.05513595166163142 0.03492333901192504
1 0.30173716012084595 0.33858603066439524 0.0581570996978852 0.0434412265758092
1 0.3081570996978852 0.36073253833049407 0.06646525679758308 0.022998296422487224
0 0.3092900302114804 0.39352640545144807 0.04909365558912387 0.02555366269165247
1 0.3187311178247734 0.4178023850085179 0.054380664652567974 0.048551959114139696
1 0.9176737160120846 0.8901192504258943 0.061933534743202415 0.034071550255536626
0 0.9350453172205438 0.9318568994889268 0.061933534743202415 0.04940374787052811
1 0.94297583081571 0.9697614991482113 0.07175226586102719 0.041737649063032366
0 0.8908610271903323 0.42035775127768316 0.06117824773413897 0.048551959114139696
0 0.7046827794561934 0.3858603066439523 0.05891238670694864 0.056218057921635436
0 0.6465256797583081 0.05323679727427598 0.04984894259818731 0.022998296422487224
0 0.645392749244713 0.07495741056218058 0.0581570996978852 0.02385008517887564
0 0.6438821752265861 0.10689948892674617 0.05966767371601209 0.026405451448040886
0 0.6389728096676737 0.1362862010221465 0.055891238670694864 0.028960817717206135
0 0.649546827794562 0.19293015332197616 0.054380664652567974 0.02129471890971039
1 0.6570996978851964 0.22103918228279387 0.055891238670694864 0.03833049403747871
1 0.7586858006042296 0.2444633730834753 0.04154078549848943 0.056218057921635436
0 0.9131419939577039 0.8628620102214651 0.06797583081570997 0.027257240204429302
1 0.9086102719033232 0.8385860306643952 0.06797583081570997 0.029812606473594547
0 0.8984138972809668 0.8138841567291312 0.06117824773413897 0.03833049403747871
0 0.8912386706948641 0.7840715502555367 0.060422960725075525 0.03321976149914821
0 0.801737160120846 0.4565587734241908 0.05664652567975831 0.044293015332197615
0 0.8130664652567976 0.49744463373083475 0.06419939577039276 0.030664395229982964
0 0.8134441087613293 0.5157580919931857 0.0634441087613293 0.029812606473594547
0 0.8202416918429003 0.538756388415673 0.08006042296072508 0.029812606473594547
0 0.8308157099697885 0.5651618398637138 0.0755287009063444 0.03833049403747871
1 0.8251510574018127 0.5924190800681431 0.06117824773413897 0.031516183986371384
1 0.8481873111782477 0.6056218057921635 0.061933534743202415 0.03747870528109029
1 0.8357250755287009 0.6362862010221465 0.05513595166163142 0.04599659284497445
0 0.8602719033232629 0.6477853492333902 0.054380664652567974 0.036626916524701875
1 0.847809667673716 0.6788756388415673 0.06419939577039276 0.03236797274275979
1 0.8648036253776435 0.6929301533219762 0.07401812688821752 0.0434412265758092
1 0.8761329305135952 0.7546848381601363 0.06646525679758308 0.03577512776831346
0 0.875 0.731686541737649 0.06570996978851963 0.03747870528109029
