3 0.3149546827794562 0.05834752981260648 0.18277945619335348 0.11499148211243612
3 0.3259063444108761 0.12265758091993186 0.18353474320241692 0.13798977853492334
3 0.341012084592145 0.24616695059625213 0.16842900302114805 0.12776831345826234
3 0.37575528700906347 0.32410562180579217 0.1986404833836858 0.13713798977853492
3 0.39463746223564955 0.4080068143100511 0.19561933534743203 0.13287904599659284
3 0.41540785498489424 0.5694207836456558 0.17522658610271905 0.13373083475298125
3 0.4380664652567976 0.6780238500851788 0.18429003021148035 0.13798977853492334
3 0.4652567975830816 0.795144804088586 0.18882175226586104 0.14395229982964225
3 0.4754531722054381 0.8986371379897785 0.1865558912386707 0.12776831345826234
3 0.5139728096676737 0.9697614991482113 0.17749244712990936 0.05025553662691652
3 0.0993202416918429 0.2776831345826235 0.16540785498489427 0.12436115843270869
3 0.11140483383685801 0.3854344122657581 0.18806646525679757 0.12862010221465076
3 0.13444108761329304 0.49105621805792166 0.1797583081570997 0.1303236797274276
3 0.15483383685800603 0.5954003407155025 0.18126888217522658 0.13458262350936967
3 0.17749244712990936 0.7061328790459966 0.18580060422960726 0.13287904599659284
3 0.20694864048338368 0.8057921635434412 0.17522658610271905 0.1362862010221465
3 0.22998489425981872 0.9514480408858603 0.1865558912386707 0.09369676320272573
