0 0.4697885196374622 0.6081771720613288 0.052870090634441085 0.06303236797274277
0 0.46110271903323263 0.6695059625212947 0.06268882175226587 0.04599659284497445
0 0.4097432024169184 0.6839863713798978 0.06722054380664652 0.04770017035775128
0 0.39992447129909364 0.7112436115843271 0.05664652567975831 0.05110732538330494
0 0.4622356495468278 0.7819420783645656 0.07401812688821752 0.05110732538330494
2 0.44637462235649544 0.7832197614991482 0.030211480362537763 0.036626916524701875
2 0.4663897280966767 0.7798126064735945 0.033987915407854986 0.04003407155025554
1 0.36706948640483383 0.706984667802385 0.03927492447129909 0.06984667802385008
0 0.3447885196374622 0.7176320272572402 0.03700906344410876 0.06388415672913117
0 0.3311933534743202 0.7304088586030665 0.0324773413897281 0.06729131175468483
1 0.3130664652567976 0.7385008517887564 0.04003021148036254 0.08177172061328791
0 0.2756797583081571 0.7491482112436116 0.0513595166163142 0.07240204429301533
1 0.24546827794561935 0.7610732538330495 0.03625377643504532 0.06388415672913117
0 0.21336858006042297 0.7657580919931857 0.03700906344410876 0.06984667802385008
1 0.19410876132930513 0.770442930153322 0.0377643504531722 0.065587734241908
1 0.18768882175226587 0.7891822827938672 0.035498489425981876 0.062180579216354344
1 0.15861027190332327 0.7700170357751278 0.03474320241691843 0.07666098807495741
1 0.1419939577039275 0.7947189097103918 0.03625377643504532 0.07325383304940375
0 0.11367069486404834 0.803236797274276 0.035498489425981876 0.06984667802385008
0 0.08308157099697885 0.8019591141396933 0.03927492447129909 0.058773424190800685
1 0.06948640483383686 0.8313458262350937 0.04682779456193353 0.059625212947189095
0 0.041918429003021146 0.821550255536627 0.04305135951661632 0.06388415672913117
0 0.022658610271903322 0.8419931856899489 0.0377643504531722 0.0706984667802385
3 0.5464501510574018 0.9493185689948893 0.21978851963746224 0.09284497444633731
0 0.6435045317220544 0.10647359454855196 0.03625377643504532 0.06643952299829642
0 0.6638972809667674 0.09497444633730835 0.045317220543806644 0.06899488926746167
0 0.6922205438066465 0.07495741056218058 0.04154078549848943 0.06303236797274277
0 0.7073262839879154 0.05068143100511073 0.0324773413897281 0.06388415672913117
0 0.7466012084592145 0.07879045996592846 0.0324773413897281 0.05706984667802385
0 0.7552870090634441 0.05153321976149915 0.04380664652567976 0.051959114139693355
0 0.7877643504531722 0.07197614991482112 0.03625377643504532 0.062180579216354344
0 0.8074018126888217 0.028534923339011926 0.028700906344410877 0.05025553662691652
0 0.8021148036253777 0.0379045996592845 0.03172205438066465 0.048551959114139696
0 0.7148791540785498 0.315587734241908 0.06268882175226587 0.05706984667802385
0 0.7356495468277946 0.293015332197615 0.04682779456193353 0.05281090289608177
0 0.7443353474320241 0.272572402044293 0.05513595166163142 0.05792163543441227
0 0.777190332326284 0.28023850085178875 0.04833836858006042 0.06132879045996593
0 0.7511329305135952 0.3756388415672913 0.0581570996978852 0.05110732538330494
0 0.7707703927492447 0.3522146507666099 0.05060422960725076 0.05536626916524702
0 0.797583081570997 0.3364565587734242 0.04833836858006042 0.05110732538330494
1 0.8240181268882175 0.36115843270868825 0.03625377643504532 0.07325383304940375
0 0.8372356495468278 0.3364565587734242 0.02945619335347432 0.06643952299829642
0 0.8697129909365559 0.3419931856899489 0.030966767371601207 0.0706984667802385
0 0.8935045317220544 0.32964224872231684 0.03323262839879154 0.06473594548551959
0 0.802870090634441 0.2389267461669506 0.04078549848942598 0.05536626916524702
0 0.7964501510574018 0.2755536626916525 0.04154078549848943 0.05366269165247019
0 0.8304380664652568 0.2495741056218058 0.03700906344410876 0.06814310051107325
0 0.8523413897280967 0.2448892674616695 0.0445619335347432 0.05536626916524702
0 0.8961480362537765 0.22529812606473595 0.04154078549848943 0.06388415672913117
0 0.9161631419939577 0.2176320272572402 0.04380664652567976 0.06388415672913117
0 0.915785498489426 0.30153321976149916 0.035498489425981876 0.07155025553662692
0 0.9459969788519638 0.2985519591141397 0.02945619335347432 0.06729131175468483
0 0.9467522658610272 0.21294718909710392 0.03700906344410876 0.056218057921635436
1 0.9803625377643505 0.21592844974446337 0.030211480362537763 0.06388415672913117
0 0.9788519637462235 0.282793867120954 0.03323262839879154 0.06643952299829642
0 0.8644259818731118 0.6886712095400341 0.05211480362537765 0.06729131175468483
0 0.8916163141993958 0.6793015332197615 0.04909365558912387 0.065587734241908
0 0.9067220543806647 0.6703577512776832 0.04154078549848943 0.06132879045996593
1 0.9324018126888217 0.6626916524701874 0.05664652567975831 0.06473594548551959
0 0.9573262839879154 0.6503407155025553 0.04003021148036254 0.05706984667802385
0 0.8251510574018127 0.03705281090289608 0.04154078549848943 0.065587734241908
0 0.8553625377643505 0.030664395229982964 0.035498489425981876 0.059625212947189095
