0 0.15823262839879154 0.49509063444108764 0.035498489425981876 0.06570996978851963
0 0.18051359516616314 0.4928247734138973 0.03927492447129909 0.05966767371601209
0 0.19222054380664652 0.4879154078549849 0.0324773413897281 0.06646525679758308
0 0.2126132930513595 0.48376132930513593 0.027945619335347432 0.0581570996978852
0 0.22658610271903323 0.4743202416918429 0.03323262839879154 0.055891238670694864
0 0.23904833836858005 0.4663897280966767 0.02190332326283988 0.05966767371601209
0 0.2571752265861027 0.466012084592145 0.027945619335347432 0.052870090634441085
0 0.2700151057401813 0.4509063444108761 0.027945619335347432 0.054380664652567974
0 0.2926737160120846 0.44939577039274925 0.030966767371601207 0.060422960725075525
1 0.3021148036253776 0.4467522658610272 0.0256797583081571 0.07175226586102719
1 0.3183534743202417 0.4407099697885196 0.024924471299093656 0.07175226586102719
0 0.33270392749244715 0.4331570996978852 0.030966767371601207 0.06419939577039276
0 0.3496978851963746 0.42673716012084595 0.03172205438066465 0.061933534743202415
0 0.3693353474320242 0.4025679758308157 0.027190332326283987 0.0649546827794562
0 0.3935045317220544 0.4199395770392749 0.03172205438066465 0.061933534743202415
0 0.40823262839879154 0.40823262839879154 0.023413897280966767 0.06117824773413897
0 0.42749244712990936 0.4025679758308157 0.019637462235649546 0.05740181268882175
0 0.0736404833836858 0.4799848942598187 0.06570996978851963 0.02945619335347432
0 0.061933534743202415 0.4622356495468278 0.061933534743202415 0.022658610271903322
0 0.06268882175226587 0.4486404833836858 0.07401812688821752 0.022658610271903322
0 0.09969788519637462 0.39803625377643503 0.06797583081570997 0.028700906344410877
0 0.08496978851963746 0.3632930513595166 0.06722054380664652 0.0256797583081571
0 0.07401812688821752 0.33157099697885195 0.060422960725075525 0.028700906344410877
0 0.06948640483383686 0.30551359516616317 0.07854984894259819 0.0324773413897281
0 0.05211480362537765 0.2700151057401813 0.07250755287009064 0.023413897280966767
0 0.04003021148036254 0.2326283987915408 0.07099697885196375 0.01812688821752266
0 0.04003021148036254 0.19977341389728095 0.07099697885196375 0.024924471299093656
0 0.03625377643504532 0.25075528700906347 0.06646525679758308 0.01812688821752266
0 0.05022658610271903 0.425226586102719 0.0702416918429003 0.022658610271903322
0 0.04267371601208459 0.40105740181268884 0.06722054380664652 0.022658610271903322
0 0.0290785498489426 0.37273413897280966 0.05513595166163142 0.0188821752265861
0 0.0290785498489426 0.35876132930513593 0.05664652567975831 0.028700906344410877
0 0.022658610271903322 0.33648036253776437 0.04682779456193353 0.027945619335347432
