0 0.2828549848942598 0.6408610271903323 0.030966767371601207 0.05211480362537765
0 0.3104229607250755 0.6333081570996979 0.03474320241691843 0.04909365558912387
0 0.33459214501510576 0.6265105740181269 0.04380664652567976 0.05362537764350453
1 0.3523413897280967 0.6023413897280967 0.0324773413897281 0.05211480362537765
0 0.3833081570996979 0.6061178247734139 0.027945619335347432 0.05664652567975831
0 0.4074773413897281 0.5864803625377644 0.04003021148036254 0.05060422960725076
1 0.9792296072507553 0.2654833836858006 0.033987915407854986 0.07477341389728097
0 0.9335347432024169 0.3130664652567976 0.03172205438066465 0.06268882175226587
0 0.9097432024169184 0.32439577039274925 0.02039274924471299 0.05664652567975831
1 0.8882175226586103 0.2998489425981873 0.03172205438066465 0.05740181268882175
0 0.8761329305135952 0.35158610271903323 0.0377643504531722 0.06570996978851963
1 0.8689577039274925 0.3372356495468278 0.027945619335347432 0.0581570996978852
0 0.8281722054380665 0.3806646525679758 0.04003021148036254 0.05891238670694864
0 0.8009818731117825 0.3931268882175227 0.035498489425981876 0.05362537764350453
0 0.7794561933534743 0.38935045317220546 0.03625377643504532 0.06117824773413897
0 0.7651057401812689 0.395392749244713 0.03172205438066465 0.05060422960725076
0 0.7492447129909365 0.41200906344410876 0.0377643504531722 0.05211480362537765
0 0.7299848942598187 0.42749244712990936 0.02945619335347432 0.052870090634441085
0 0.7099697885196374 0.42900302114803623 0.03625377643504532 0.05891238670694864
0 0.6948640483383686 0.43768882175226587 0.04078549848942598 0.06268882175226587
0 0.4369335347432024 0.5827039274924471 0.026435045317220542 0.05211480362537765
1 0.4471299093655589 0.5577794561933535 0.03625377643504532 0.05513595166163142
0 0.4754531722054381 0.5649546827794562 0.027945619335347432 0.052870090634441085
0 0.4777190332326284 0.5419184290030211 0.027945619335347432 0.04909365558912387
0 0.5018882175226587 0.5506042296072508 0.026435045317220542 0.055891238670694864
0 0.5128398791540786 0.533987915407855 0.027190332326283987 0.04682779456193353
0 0.5294561933534743 0.5260574018126888 0.03927492447129909 0.0581570996978852
0 0.5449395770392749 0.5007552870090635 0.03700906344410876 0.061933534743202415
0 0.5653323262839879 0.504154078549849 0.033987915407854986 0.05664652567975831
0 0.5929003021148036 0.4916918429003021 0.04229607250755287 0.06797583081570997
0 0.6257552870090635 0.4679003021148036 0.06117824773413897 0.04909365558912387
0 0.6487915407854985 0.4622356495468278 0.030211480362537763 0.0513595166163142
0 0.6623867069486404 0.4543051359516616 0.0377643504531722 0.06268882175226587
0 0.6597432024169184 0.21601208459214502 0.03851963746223565 0.04833836858006042
0 0.9376888217522659 0.023413897280966767 0.033987915407854986 0.04229607250755287
1 0.8999244712990937 0.02945619335347432 0.04003021148036254 0.0513595166163142
0 0.8802870090634441 0.043429003021148035 0.0324773413897281 0.04909365558912387
0 0.854607250755287 0.043429003021148035 0.035498489425981876 0.05513595166163142
0 0.8444108761329305 0.06570996978851963 0.030211480362537763 0.055891238670694864
1 0.8138217522658611 0.08119335347432025 0.04154078549848943 0.06570996978851963
1 0.7862537764350453 0.09101208459214502 0.03625377643504532 0.05664652567975831
1 0.7624622356495468 0.09290030211480363 0.0445619335347432 0.0634441087613293
1 0.7545317220543807 0.12122356495468278 0.04984894259818731 0.04909365558912387
0 0.7284743202416919 0.11593655589123868 0.04607250755287009 0.03851963746223565
1 0.7133685800604229 0.13481873111782477 0.05060422960725076 0.05664652567975831
0 0.6831570996978852 0.12386706948640483 0.027945619335347432 0.0513595166163142
0 0.6850453172205438 0.15861027190332327 0.04229607250755287 0.0649546827794562
0 0.654833836858006 0.14350453172205438 0.03474320241691843 0.05740181268882175
1 0.631797583081571 0.1574773413897281 0.03700906344410876 0.04607250755287009
1 0.611404833836858 0.16125377643504532 0.03700906344410876 0.05060422960725076
1 0.5955438066465257 0.18693353474320243 0.0445619335347432 0.04909365558912387
1 0.2326283987915408 0.35725075528700906 0.04682779456193353 0.061933534743202415
1 0.17031722054380666 0.3787764350453172 0.04305135951661632 0.0581570996978852
1 0.39916918429003023 0.2783232628398791 0.03851963746223565 0.05362537764350453
1 0.5468277945619335 0.20128398791540786 0.03927492447129909 0.05060422960725076
1 0.3421450151057402 0.3032477341389728 0.04380664652567976 0.04909365558912387
1 0.1268882175226586 0.4127643504531722 0.04078549848942598 0.05362537764350453
1 0.1042296072507553 0.4240936555891239 0.045317220543806644 0.05513595166163142
1 0.300226586102719 0.32099697885196377 0.04305135951661632 0.04833836858006042
1 0.25604229607250756 0.3425226586102719 0.04833836858006042 0.05211480362537765
1 0.47658610271903323 0.22998489425981872 0.030211480362537763 0.05513595166163142
0 0.533987915407855 0.22016616314199397 0.04078549848942598 0.0581570996978852
0 0.502643504531722 0.2348942598187311 0.03851963746223565 0.0649546827794562
1 0.5075528700906344 0.22734138972809667 0.04682779456193353 0.05891238670694864
0 0.5675981873111783 0.19297583081570996 0.030966767371601207 0.05211480362537765
0 0.46034743202416917 0.24584592145015105 0.030966767371601207 0.05362537764350453
0 0.4369335347432024 0.25113293051359514 0.03851963746223565 0.05060422960725076
0 0.4263595166163142 0.27605740181268884 0.04607250755287009 0.05211480362537765
0 0.375 0.31910876132930516 0.04758308157099698 0.05362537764350453
1 0.36555891238670696 0.2775679758308157 0.04984894259818731 0.04909365558912387
0 0.2854984894259819 0.3338368580060423 0.045317220543806644 0.0513595166163142
0 0.20468277945619334 0.3723564954682779 0.03474320241691843 0.04984894259818731
0 0.08383685800604229 0.4395770392749245 0.054380664652567974 0.04833836858006042
0 0.04833836858006042 0.45468277945619334 0.0513595166163142 0.060422960725075525
