3 0.22734138972809667 0.17424242424242425 0.1419939577039275 0.290633608815427
3 0.3485649546827795 0.5454545454545454 0.15181268882175228 0.3278236914600551
2 0.7813444108761329 0.7252066115702479 0.0445619335347432 0.08677685950413223
0 0.3421450151057402 0.8292011019283747 0.0513595166163142 0.12947658402203857
0 0.311178247734139 0.8443526170798898 0.04380664652567976 0.10192837465564739
0 0.283987915407855 0.8732782369146006 0.03927492447129909 0.10743801652892562
0 0.24206948640483383 0.8849862258953168 0.027945619335347432 0.10606060606060606
0 0.2103474320241692 0.9139118457300276 0.0324773413897281 0.09504132231404959
0 0.1933534743202417 0.9214876033057852 0.03474320241691843 0.08264462809917356
0 0.16351963746223566 0.9228650137741047 0.03851963746223565 0.09090909090909091
0 0.14463746223564955 0.9497245179063362 0.03851963746223565 0.07575757575757576
