0 0.3100453172205438 0.015105740181268881 0.033987915407854986 0.030211480362537763
0 0.33157099697885195 0.021148036253776436 0.03172205438066465 0.04229607250755287
0 0.34894259818731116 0.04229607250755287 0.027190332326283987 0.0513595166163142
0 0.36442598187311176 0.0755287009063444 0.02945619335347432 0.061933534743202415
0 0.3783987915407855 0.09101208459214502 0.030211480362537763 0.05966767371601209
0 0.4097432024169184 0.1095166163141994 0.035498489425981876 0.052870090634441085
0 0.6091389728096677 0.6831570996978852 0.06419939577039276 0.033987915407854986
0 0.6163141993957704 0.6253776435045317 0.0513595166163142 0.028700906344410877
0 0.5962990936555891 0.5887462235649547 0.0445619335347432 0.03700906344410876
0 0.5895015105740181 0.5279456193353474 0.04154078549848943 0.04078549848942598
0 0.6030966767371602 0.4259818731117825 0.05211480362537765 0.04229607250755287
1 0.6064954682779456 0.37802114803625375 0.04380664652567976 0.05513595166163142
0 0.5309667673716012 0.31986404833836857 0.03927492447129909 0.05513595166163142
0 0.6234894259818731 0.3496978851963746 0.03700906344410876 0.052870090634441085
0 0.6389728096676737 0.33799093655589124 0.04229607250755287 0.05513595166163142
0 0.6567220543806647 0.31722054380664655 0.03700906344410876 0.052870090634441085
1 0.697129909365559 0.3228851963746224 0.045317220543806644 0.015861027190332326
0 0.7031722054380665 0.29531722054380666 0.045317220543806644 0.030211480362537763
0 0.5494712990936556 0.3062688821752266 0.035498489425981876 0.05664652567975831
0 0.5641993957703928 0.28965256797583083 0.0377643504531722 0.05362537764350453
1 0.5725075528700906 0.2745468277945619 0.03625377643504532 0.06722054380664652
1 0.581570996978852 0.26321752265861026 0.04078549848942598 0.04909365558912387
0 0.5827039274924471 0.22885196374622357 0.0324773413897281 0.04380664652567976
1 0.6095166163141994 0.24093655589123866 0.03474320241691843 0.054380664652567974
0 0.6272658610271903 0.23602719033232628 0.030966767371601207 0.05060422960725076
1 0.6476586102719033 0.23187311178247735 0.033987915407854986 0.05740181268882175
0 0.6586102719033232 0.2280966767371601 0.030211480362537763 0.04984894259818731
0 0.6706948640483383 0.22054380664652568 0.027190332326283987 0.054380664652567974
0 0.6786253776435045 0.21638972809667673 0.0324773413897281 0.05211480362537765
1 0.7016616314199395 0.22167673716012085 0.027190332326283987 0.05513595166163142
1 0.7163897280966768 0.2171450151057402 0.027945619335347432 0.05513595166163142
0 0.7292296072507553 0.22658610271903323 0.024924471299093656 0.04984894259818731
1 0.7450906344410876 0.22356495468277945 0.026435045317220542 0.05740181268882175
1 0.7594410876132931 0.23187311178247735 0.02945619335347432 0.054380664652567974
0 0.7726586102719033 0.2280966767371601 0.030211480362537763 0.04682779456193353
0 0.7945619335347432 0.25226586102719034 0.03323262839879154 0.0513595166163142
0 0.8130664652567976 0.24018126888217523 0.035498489425981876 0.05891238670694864
0 0.845166163141994 0.26057401812688824 0.03474320241691843 0.0513595166163142
1 0.8693353474320241 0.24546827794561935 0.030211480362537763 0.060422960725075525
0 0.9830060422960725 0.5064199395770392 0.030966767371601207 0.02945619335347432
0 0.9765861027190332 0.4777190332326284 0.03927492447129909 0.0324773413897281
0 0.9663897280966768 0.45128398791540786 0.0445619335347432 0.033987915407854986
0 0.9848942598187311 0.45317220543806647 0.0256797583081571 0.028700906344410877
0 0.9716767371601208 0.411631419939577 0.04003021148036254 0.03323262839879154
0 0.9645015105740181 0.3938821752265861 0.03323262839879154 0.033987915407854986
1 0.9539274924471299 0.3848187311178248 0.03927492447129909 0.04003021148036254
0 0.9391993957703928 0.3685800604229607 0.04305135951661632 0.045317220543806644
1 0.9301359516616314 0.34818731117824775 0.0445619335347432 0.04078549848942598
1 0.9259818731117825 0.33081570996978854 0.04229607250755287 0.03474320241691843
1 0.9286253776435045 0.3062688821752266 0.04758308157099698 0.03700906344410876
1 0.9135196374622356 0.28965256797583083 0.027945619335347432 0.03851963746223565
0 0.9154078549848943 0.263595166163142 0.04229607250755287 0.0513595166163142
0 0.8957703927492447 0.243202416918429 0.054380664652567974 0.03927492447129909
1 0.7477341389728097 0.03927492447129909 0.02416918429003021 0.060422960725075525
1 0.7737915407854985 0.04569486404833837 0.024924471299093656 0.06570996978851963
1 0.7956948640483383 0.0581570996978852 0.03851963746223565 0.04380664652567976
1 0.8092900302114804 0.04947129909365559 0.0324773413897281 0.05060422960725076
0 0.8734894259818731 0.0736404833836858 0.0445619335347432 0.02945619335347432
0 0.8402567975830816 0.06608761329305136 0.0324773413897281 0.03700906344410876
1 0.8625377643504532 0.02530211480362538 0.022658610271903322 0.04758308157099698
0 0.8795317220543807 0.0222809667673716 0.02190332326283988 0.0445619335347432
0 0.9010574018126888 0.02152567975830816 0.02416918429003021 0.04305135951661632
0 0.9214501510574018 0.023413897280966767 0.019637462235649546 0.04078549848942598
0 0.9463746223564955 0.024546827794561934 0.01812688821752266 0.05060422960725076
0 0.8421450151057401 0.029833836858006044 0.02416918429003021 0.0445619335347432
