3 0.5906344410876133 0.7265840220385675 0.12084592145015105 0.09504132231404959
2 0.7692598187311178 0.9373278236914601 0.05211480362537765 0.07575757575757576
0 0.3512084592145015 0.22107438016528927 0.06948640483383686 0.08402203856749312
3 0.2979607250755287 0.4965564738292011 0.14274924471299094 0.22451790633608815
3 0.290785498489426 0.6942148760330579 0.1540785498489426 0.21487603305785125
1 0.4414652567975831 0.03787878787878788 0.023413897280966767 0.07851239669421488
1 0.46487915407854985 0.08608815426997246 0.030966767371601207 0.10606060606060606
1 0.44561933534743203 0.22245179063360881 0.0256797583081571 0.10330578512396695
1 0.43731117824773413 0.31336088154269975 0.030211480362537763 0.09504132231404959
1 0.44297583081570996 0.41597796143250687 0.04003021148036254 0.07713498622589532
0 0.411631419939577 0.21212121212121213 0.03927492447129909 0.08264462809917356
