0 0.6559667673716012 0.6030966767371602 0.06722054380664652 0.05060422960725076
0 0.699773413897281 0.6064954682779456 0.06419939577039276 0.04229607250755287
0 0.7658610271903323 0.6393504531722054 0.0634441087613293 0.035498489425981876
0 0.7590634441087614 0.6053625377643505 0.061933534743202415 0.035498489425981876
0 0.8372356495468278 0.5509818731117825 0.06419939577039276 0.0445619335347432
0 0.822129909365559 0.5687311178247734 0.06873111782477341 0.028700906344410877
0 0.8119335347432024 0.591012084592145 0.06948640483383686 0.05211480362537765
0 0.5981873111782477 0.5120845921450151 0.08006042296072508 0.04229607250755287
0 0.5740181268882175 0.872356495468278 0.03927492447129909 0.06797583081570997
0 0.550226586102719 0.8444108761329305 0.04154078549848943 0.06646525679758308
0 0.5317220543806647 0.8640483383685801 0.04682779456193353 0.054380664652567974
0 0.5222809667673716 0.8825528700906344 0.04909365558912387 0.07326283987915408
0 0.5094410876132931 0.9044561933534743 0.035498489425981876 0.06117824773413897
0 0.4860271903323263 0.8840634441087614 0.04607250755287009 0.06117824773413897
0 0.47129909365558914 0.8938821752265861 0.03172205438066465 0.05060422960725076
0 0.45581570996978854 0.9067220543806647 0.04154078549848943 0.06722054380664652
0 0.20921450151057402 0.9758308157099698 0.02416918429003021 0.04380664652567976
0 0.2258308157099698 0.9716767371601208 0.030211480362537763 0.04909365558912387
0 0.256797583081571 0.9671450151057401 0.0377643504531722 0.05664652567975831
0 0.27341389728096677 0.9561933534743202 0.03172205438066465 0.0634441087613293
0 0.2949395770392749 0.955060422960725 0.0324773413897281 0.04758308157099698
0 0.3228851963746224 0.9422205438066465 0.02945619335347432 0.06570996978851963
0 0.3455438066465257 0.9403323262839879 0.03851963746223565 0.060422960725075525
0 0.36367069486404835 0.9172960725075529 0.030966767371601207 0.06268882175226587
0 0.38746223564954685 0.9346676737160121 0.04078549848942598 0.05513595166163142
0 0.40823262839879154 0.9301359516616314 0.02945619335347432 0.05966767371601209
0 0.42371601208459214 0.9206948640483383 0.03474320241691843 0.060422960725075525
0 0.08006042296072508 0.9731873111782477 0.07401812688821752 0.024924471299093656
0 0.06873111782477341 0.9520392749244713 0.060422960725075525 0.02190332326283988
0 0.09592145015105741 0.9014350453172205 0.0634441087613293 0.033987915407854986
0 0.0857250755287009 0.8648036253776435 0.06117824773413897 0.030211480362537763
0 0.07401812688821752 0.8402567975830816 0.06797583081570997 0.024924471299093656
0 0.06457703927492447 0.8077794561933535 0.06419939577039276 0.023413897280966767
0 0.05173716012084592 0.7764350453172205 0.05966767371601209 0.02416918429003021
0 0.04607250755287009 0.745845921450151 0.08157099697885196 0.026435045317220542
0 0.03625377643504532 0.7103474320241692 0.07099697885196375 0.024924471299093656
0 0.04418429003021148 0.8972809667673716 0.06268882175226587 0.019637462235649546
0 0.050981873111782476 0.9195619335347432 0.05664652567975831 0.02190332326283988
0 0.029833836858006044 0.8595166163141994 0.05664652567975831 0.027190332326283987
0 0.027945619335347432 0.8398791540785498 0.054380664652567974 0.02416918429003021
0 0.43919939577039274 0.37197885196374625 0.026435045317220542 0.0702416918429003
0 0.4580815709969788 0.381797583081571 0.024924471299093656 0.05966767371601209
0 0.472809667673716 0.39916918429003023 0.02416918429003021 0.06268882175226587
1 0.5 0.40294561933534745 0.0256797583081571 0.06570996978851963
0 0.5151057401812689 0.4003021148036254 0.0256797583081571 0.061933534743202415
0 0.5253021148036254 0.4195619335347432 0.0324773413897281 0.0702416918429003
0 0.5917673716012085 0.44939577039274925 0.02945619335347432 0.06948640483383686
0 0.6336858006042296 0.46941087613293053 0.028700906344410877 0.06570996978851963
0 0.3693353474320242 0.3074018126888218 0.06646525679758308 0.030211480362537763
0 0.3870845921450151 0.3395015105740181 0.033987915407854986 0.05664652567975831
0 0.35536253776435045 0.2809667673716012 0.06722054380664652 0.019637462235649546
0 0.33496978851963743 0.26057401812688824 0.07175226586102719 0.030211480362537763
0 0.35725075528700906 0.23602719033232628 0.06948640483383686 0.027945619335347432
0 0.3293051359516616 0.18202416918429004 0.07401812688821752 0.02416918429003021
1 0.3523413897280967 0.1967522658610272 0.08081570996978851 0.027945619335347432
0 0.3047583081570997 0.1197129909365559 0.08836858006042296 0.0324773413897281
0 0.338368580060423 0.1487915407854985 0.08761329305135952 0.03323262839879154
0 0.30513595166163143 0.09327794561933535 0.0770392749244713 0.0324773413897281
0 0.3032477341389728 0.07099697885196375 0.07326283987915408 0.03474320241691843
1 0.7314954682779456 0.5358761329305136 0.04758308157099698 0.05513595166163142
1 0.7533987915407855 0.5464501510574018 0.04607250755287009 0.04758308157099698
1 0.6646525679758308 0.4966012084592145 0.0377643504531722 0.04909365558912387
1 0.6858006042296072 0.5139728096676737 0.04833836858006042 0.06117824773413897
0 0.7084592145015106 0.5033987915407855 0.052870090634441085 0.05664652567975831
