3 0.36744712990936557 0.06570996978851963 0.17447129909365558 0.12386706948640483
3 0.8429003021148036 0.46110271903323263 0.15861027190332327 0.15483383685800603
3 0.9138972809667674 0.7594410876132931 0.1283987915407855 0.1487915407854985
0 0.44297583081570996 0.38104229607250756 0.0188821752265861 0.05966767371601209
0 0.45996978851963743 0.41729607250755285 0.015105740181268881 0.05966767371601209
0 0.4833836858006042 0.4278700906344411 0.022658610271903322 0.05966767371601209
0 0.5060422960725075 0.4425981873111782 0.02416918429003021 0.054380664652567974
0 0.5449395770392749 0.4788519637462236 0.015861027190332326 0.04682779456193353
0 0.5649546827794562 0.49773413897280966 0.019637462235649546 0.04833836858006042
0 0.5849697885196374 0.513595166163142 0.017371601208459216 0.055891238670694864
0 0.6159365558912386 0.533987915407855 0.017371601208459216 0.06646525679758308
0 0.6510574018126888 0.5562688821752266 0.013595166163141994 0.04909365558912387
0 0.6669184290030211 0.5759063444108762 0.0256797583081571 0.0445619335347432
0 0.6835347432024169 0.5944108761329305 0.022658610271903322 0.052870090634441085
0 0.720166163141994 0.6253776435045317 0.014350453172205438 0.061933534743202415
1 0.7484894259818731 0.6397280966767371 0.022658610271903322 0.0649546827794562
1 0.7919184290030211 0.6665407854984894 0.024924471299093656 0.06419939577039276
0 0.8285498489425982 0.6922205438066465 0.02416918429003021 0.05664652567975831
0 0.774546827794562 0.6597432024169184 0.024924471299093656 0.05664652567975831
0 0.8085347432024169 0.6858006042296072 0.026435045317220542 0.05891238670694864
1 0.9403323262839879 0.5411631419939577 0.030211480362537763 0.06117824773413897
0 0.9871601208459214 0.5811933534743202 0.01812688821752266 0.06722054380664652
0 0.9792296072507553 0.5762839879154078 0.02190332326283988 0.052870090634441085
0 0.529833836858006 0.16880664652567975 0.02945619335347432 0.04607250755287009
1 0.5592900302114804 0.1733383685800604 0.026435045317220542 0.05211480362537765
1 0.5921450151057401 0.1748489425981873 0.03172205438066465 0.05211480362537765
0 0.7575528700906344 0.35838368580060426 0.05740181268882175 0.03851963746223565
0 0.7507552870090635 0.32137462235649544 0.06797583081570997 0.035498489425981876
0 0.7658610271903323 0.29342900302114805 0.07401812688821752 0.026435045317220542
0 0.7753021148036254 0.2847432024169184 0.04305135951661632 0.02416918429003021
0 0.7790785498489426 0.24848942598187312 0.06117824773413897 0.021148036253776436
0 0.6121601208459214 0.13708459214501512 0.04758308157099698 0.035498489425981876
0 0.6499244712990937 0.08496978851963746 0.0445619335347432 0.035498489425981876
0 0.6563444108761329 0.060422960725075525 0.052870090634441085 0.03323262839879154
0 0.6672960725075529 0.04871601208459214 0.04305135951661632 0.027945619335347432
0 0.6295317220543807 0.12537764350453173 0.05211480362537765 0.022658610271903322
0 0.800226586102719 0.2280966767371601 0.05966767371601209 0.01812688821752266
0 0.80702416918429 0.20506042296072508 0.05664652567975831 0.02190332326283988
1 0.8175981873111783 0.17069486404833836 0.06117824773413897 0.021148036253776436
0 0.8266616314199395 0.1438821752265861 0.07175226586102719 0.0188821752265861
0 0.6831570996978852 0.026435045317220542 0.06419939577039276 0.027190332326283987
0 0.702416918429003 0.016993957703927493 0.061933534743202415 0.023413897280966767
1 0.8515861027190332 0.09176737160120846 0.06722054380664652 0.014350453172205438
0 0.8387462235649547 0.1216012084592145 0.06873111782477341 0.01661631419939577
0 0.8693353474320241 0.03927492447129909 0.0649546827794562 0.019637462235649546
0 0.8731117824773413 0.01283987915407855 0.07250755287009064 0.01661631419939577
0 0.872356495468278 0.06268882175226587 0.0755287009063444 0.013595166163141994
