1 0.8081570996978852 0.1358603066439523 0.04380664652567976 0.07751277683134583
1 0.7760574018126888 0.25170357751277683 0.0445619335347432 0.075809199318569
0 0.552870090634441 0.31686541737649065 0.04380664652567976 0.07666098807495741
0 0.5762839879154078 0.32751277683134583 0.03172205438066465 0.06388415672913117
0 0.6083836858006042 0.3415672913117547 0.04003021148036254 0.07836456558773425
0 0.6514350453172205 0.31729131175468483 0.04758308157099698 0.062180579216354344
0 0.6876888217522659 0.30068143100511074 0.05966767371601209 0.06643952299829642
0 0.729607250755287 0.2934412265758092 0.04833836858006042 0.06388415672913117
0 0.7953172205438066 0.31303236797274275 0.052870090634441085 0.06899488926746167
0 0.8345921450151057 0.28534923339011925 0.04984894259818731 0.06473594548551959
0 0.572129909365559 0.42674616695059625 0.0445619335347432 0.06984667802385008
0 0.6136706948640483 0.4250425894378194 0.0445619335347432 0.06473594548551959
0 0.6404833836858006 0.436541737649063 0.04229607250755287 0.06899488926746167
0 0.6623867069486404 0.4293015332197615 0.03927492447129909 0.06814310051107325
0 0.6948640483383686 0.4097103918228279 0.04078549848942598 0.07666098807495741
1 0.720166163141994 0.4080068143100511 0.04154078549848943 0.07155025553662692
0 0.7379154078549849 0.3905451448040886 0.052870090634441085 0.06388415672913117
1 0.7873867069486404 0.41141396933560476 0.033987915407854986 0.07325383304940375
0 0.823262839879154 0.401618398637138 0.04078549848942598 0.075809199318569
0 0.8572507552870091 0.36712095400340716 0.04833836858006042 0.06303236797274277
0 0.8870845921450151 0.3756388415672913 0.04607250755287009 0.07155025553662692
0 0.9218277945619335 0.3615843270868825 0.04758308157099698 0.07751277683134583
0 0.7382930513595166 0.8070698466780238 0.04758308157099698 0.06729131175468483
0 0.7677492447129909 0.7810902896081772 0.04003021148036254 0.06473594548551959
0 0.7919184290030211 0.7708688245315162 0.03700906344410876 0.07325383304940375
0 0.8198640483383686 0.762350936967632 0.033987915407854986 0.06984667802385008
0 0.8489425981873112 0.7674616695059625 0.04078549848942598 0.06473594548551959
1 0.8765105740181269 0.7585178875638842 0.04305135951661632 0.07410562180579217
0 0.8916163141993958 0.7304088586030665 0.03700906344410876 0.058773424190800685
0 0.9305135951661632 0.7414821124361158 0.052870090634441085 0.065587734241908
0 0.9369335347432024 0.7065587734241908 0.04758308157099698 0.062180579216354344
0 0.9539274924471299 0.6959114139693356 0.04380664652567976 0.07325383304940375
0 0.9837613293051359 0.6805792163543442 0.027945619335347432 0.06643952299829642
1 0.44448640483383683 0.8334752981260648 0.06873111782477341 0.06388415672913117
1 0.5105740181268882 0.9646507666098808 0.061933534743202415 0.062180579216354344
1 0.5392749244712991 0.9463373083475298 0.04833836858006042 0.07155025553662692
0 0.9116314199395771 0.9659284497444633 0.04078549848942598 0.05792163543441227
0 0.9324018126888217 0.9586882453151618 0.03700906344410876 0.05706984667802385
0 0.9607250755287009 0.9459114139693356 0.03927492447129909 0.046848381601362864
