0 0.13141993957703926 0.9497444633730835 0.054380664652567974 0.040885860306643956
0 0.11140483383685801 0.9293015332197615 0.04758308157099698 0.05110732538330494
0 0.18315709969788518 0.8875638841567292 0.05060422960725076 0.040885860306643956
1 0.1691842900302115 0.8471039182282794 0.05740181268882175 0.029812606473594547
0 0.1578549848942598 0.8168654173764907 0.052870090634441085 0.03236797274275979
1 0.1537009063444109 0.7925894378194208 0.05513595166163142 0.05025553662691652
1 0.131797583081571 0.7597955706984668 0.04607250755287009 0.028960817717206135
0 0.1336858006042296 0.7389267461669506 0.060422960725075525 0.031516183986371384
0 0.1299093655589124 0.7120954003407155 0.0649546827794562 0.02555366269165247
0 0.1216012084592145 0.6976149914821125 0.0513595166163142 0.040885860306643956
0 0.0256797583081571 0.46550255536626917 0.04229607250755287 0.03492333901192504
0 0.027945619335347432 0.4889267461669506 0.04229607250755287 0.03747870528109029
0 0.03323262839879154 0.512350936967632 0.04833836858006042 0.03492333901192504
0 0.0513595166163142 0.5413117546848382 0.0634441087613293 0.03833049403747871
0 0.07061933534743202 0.5821976149914821 0.05513595166163142 0.03321976149914821
0 0.035876132930513595 0.7508517887563885 0.05362537764350453 0.0434412265758092
1 0.02945619335347432 0.7146507666098808 0.04833836858006042 0.04599659284497445
1 0.02190332326283988 0.6895229982964225 0.03625377643504532 0.036626916524701875
0 0.04682779456193353 0.793015332197615 0.052870090634441085 0.04599659284497445
0 0.06570996978851963 0.8206984667802385 0.0513595166163142 0.046848381601362864
1 0.07288519637462236 0.8471039182282794 0.04003021148036254 0.04003407155025554
0 0.08006042296072508 0.881175468483816 0.04078549848942598 0.062180579216354344
0 0.09063444108761329 0.9084327086882453 0.045317220543806644 0.04514480408858603
