0 0.7481117824773413 0.17333901192504259 0.05060422960725076 0.029812606473594547
0 0.7345166163141994 0.2116695059625213 0.05966767371601209 0.03833049403747871
0 0.7511329305135952 0.25127768313458265 0.06419939577039276 0.03236797274275979
0 0.7379154078549849 0.2734241908006814 0.0513595166163142 0.044293015332197615
0 0.6310422960725075 0.20059625212947188 0.05664652567975831 0.03321976149914821
1 0.6325528700906344 0.2329642248722317 0.06570996978851963 0.028109028960817718
1 0.5932779456193353 0.14011925042589438 0.0445619335347432 0.062180579216354344
1 0.552870090634441 0.13500851788756388 0.03927492447129909 0.058773424190800685
0 0.729607250755287 0.31388415672913117 0.05891238670694864 0.041737649063032366
0 0.745845921450151 0.35604770017035775 0.05513595166163142 0.034071550255536626
0 0.7488670694864048 0.3854344122657581 0.05966767371601209 0.03833049403747871
1 0.7586858006042296 0.42589437819420783 0.0702416918429003 0.03747870528109029
0 0.7518882175226587 0.46039182282793867 0.06419939577039276 0.03833049403747871
0 0.7511329305135952 0.5110732538330494 0.05513595166163142 0.03577512776831346
0 0.7518882175226587 0.5417376490630323 0.04909365558912387 0.044293015332197615
0 0.7530211480362538 0.5792163543441227 0.054380664652567974 0.044293015332197615
0 0.7613293051359517 0.6294718909710392 0.061933534743202415 0.044293015332197615
1 0.6431268882175226 0.434412265758092 0.07175226586102719 0.02555366269165247
0 0.6351963746223565 0.45528109028960817 0.052870090634441085 0.024701873935264056
0 0.6416163141993958 0.4987223168654174 0.05664652567975831 0.024701873935264056
0 0.6408610271903323 0.5238500851788757 0.05513595166163142 0.027257240204429302
1 0.6389728096676737 0.5579216354344123 0.05891238670694864 0.040885860306643956
1 0.6253776435045317 0.5741056218057922 0.061933534743202415 0.044293015332197615
0 0.6397280966767371 0.6030664395229983 0.052870090634441085 0.030664395229982964
0 0.6416163141993958 0.6247870528109029 0.05362537764350453 0.031516183986371384
1 0.6423716012084593 0.67206132879046 0.06722054380664652 0.03236797274275979
0 0.7654833836858006 0.6784497444633731 0.05664652567975831 0.05025553662691652
0 0.7685045317220544 0.7137989778534923 0.05664652567975831 0.034071550255536626
0 0.7617069486404834 0.739778534923339 0.06117824773413897 0.036626916524701875
1 0.7579305135951662 0.7640545144804088 0.05513595166163142 0.040885860306643956
1 0.7571752265861027 0.7921635434412266 0.05966767371601209 0.03577512776831346
0 0.7624622356495468 0.8351788756388416 0.0581570996978852 0.0434412265758092
0 0.7639728096676737 0.8845826235093697 0.05211480362537765 0.04003407155025554
0 0.6533232628398792 0.9109880749574105 0.052870090634441085 0.024701873935264056
1 0.645392749244713 0.9493185689948893 0.05966767371601209 0.03321976149914821
0 0.6427492447129909 0.7065587734241908 0.04984894259818731 0.026405451448040886
1 0.5302114803625377 0.1358603066439523 0.04229607250755287 0.05025553662691652
0 0.5052870090634441 0.12904599659284496 0.04229607250755287 0.05366269165247019
0 0.46487915407854985 0.131175468483816 0.03700906344410876 0.054514480408858604
0 0.43202416918429004 0.13287904599659284 0.03172205438066465 0.054514480408858604
0 0.4040785498489426 0.12819420783645655 0.03625377643504532 0.06047700170357751
0 0.38557401812688824 0.13287904599659284 0.02945619335347432 0.06132879045996593
1 0.3697129909365559 0.13330494037478705 0.033987915407854986 0.065587734241908
0 0.33534743202416917 0.13841567291311754 0.04229607250755287 0.05536626916524702
1 0.3100453172205438 0.1524701873935264 0.02945619335347432 0.06132879045996593
1 0.2926737160120846 0.13713798977853492 0.033987915407854986 0.06132879045996593
0 0.27341389728096677 0.15034071550255537 0.04078549848942598 0.05025553662691652
0 0.24093655589123866 0.14778534923339012 0.03172205438066465 0.05366269165247019
0 0.18957703927492447 0.14352640545144804 0.04380664652567976 0.06388415672913117
0 0.18051359516616314 0.17717206132879046 0.05891238670694864 0.028960817717206135
0 0.1846676737160121 0.19293015332197616 0.05966767371601209 0.031516183986371384
0 0.17560422960725075 0.22146507666098808 0.05362537764350453 0.039182282793867124
0 0.18429003021148035 0.24744463373083475 0.061933534743202415 0.036626916524701875
1 0.054380664652567974 0.5051107325383305 0.061933534743202415 0.03747870528109029
1 0.04984894259818731 0.590289608177172 0.061933534743202415 0.028960817717206135
1 0.06268882175226587 0.5787904599659285 0.05891238670694864 0.03492333901192504
1 0.0770392749244713 0.5664395229982965 0.07099697885196375 0.04770017035775128
0 0.06080060422960725 0.5540885860306644 0.06722054380664652 0.036626916524701875
0 0.07288519637462236 0.6183986371379898 0.06117824773413897 0.03236797274275979
0 0.08081570996978851 0.6294718909710392 0.05740181268882175 0.03236797274275979
0 0.06910876132930513 0.659710391822828 0.06117824773413897 0.03492333901192504
0 0.05211480362537765 0.6908006814310051 0.045317220543806644 0.027257240204429302
