3 0.38821752265861026 0.5672205438066465 0.1646525679758308 0.1555891238670695
3 0.8425226586102719 0.9407099697885196 0.13821752265861026 0.11253776435045318
0 0.44410876132930516 0.908987915407855 0.030211480362537763 0.06268882175226587
0 0.4580815709969788 0.9237160120845922 0.02945619335347432 0.055891238670694864
0 0.4807401812688822 0.9478851963746223 0.02945619335347432 0.0649546827794562
0 0.5037764350453172 0.952416918429003 0.027190332326283987 0.05740181268882175
0 0.5426737160120846 0.6740936555891238 0.030966767371601207 0.06117824773413897
0 0.6125377643504532 0.6604984894259819 0.05740181268882175 0.04758308157099698
1 0.5694864048338368 0.675226586102719 0.030211480362537763 0.05891238670694864
1 0.6027190332326284 0.6763595166163142 0.03474320241691843 0.0581570996978852
0 0.6299093655589124 0.6408610271903323 0.0513595166163142 0.04154078549848943
0 0.6461480362537765 0.6008308157099698 0.04607250755287009 0.035498489425981876
0 0.6612537764350453 0.5827039274924471 0.0445619335347432 0.0445619335347432
0 0.676737160120846 0.5581570996978852 0.045317220543806644 0.03625377643504532
0 0.6873111782477341 0.5453172205438066 0.04682779456193353 0.03625377643504532
0 0.6952416918429003 0.5320996978851964 0.05211480362537765 0.035498489425981876
0 0.705060422960725 0.513595166163142 0.05060422960725076 0.03625377643504532
0 0.7197885196374623 0.4984894259818731 0.052870090634441085 0.04229607250755287
0 0.7224320241691843 0.47205438066465255 0.04909365558912387 0.03323262839879154
0 0.7360271903323263 0.4561933534743202 0.05513595166163142 0.03625377643504532
1 0.7447129909365559 0.43013595166163143 0.0513595166163142 0.04154078549848943
0 0.7537764350453172 0.41465256797583083 0.04984894259818731 0.03927492447129909
0 0.7658610271903323 0.3870845921450151 0.04833836858006042 0.04003021148036254
0 0.7787009063444109 0.37462235649546827 0.04682779456193353 0.04078549848942598
0 0.779833836858006 0.35536253776435045 0.04758308157099698 0.035498489425981876
0 0.7873867069486404 0.3372356495468278 0.04003021148036254 0.04909365558912387
0 0.7922960725075529 0.3217522658610272 0.04380664652567976 0.045317220543806644
1 0.8024924471299094 0.3032477341389728 0.0445619335347432 0.04758308157099698
0 0.8164652567975831 0.28851963746223563 0.052870090634441085 0.04380664652567976
0 0.8236404833836858 0.2700151057401813 0.04003021148036254 0.04909365558912387
0 0.8512084592145015 0.2156344410876133 0.054380664652567974 0.0324773413897281
1 0.841012084592145 0.23904833836858005 0.05664652567975831 0.0324773413897281
0 0.8583836858006042 0.19070996978851965 0.03700906344410876 0.05211480362537765
0 0.8765105740181269 0.17220543806646527 0.06419939577039276 0.045317220543806644
0 0.8870845921450151 0.1555891238670695 0.033987915407854986 0.04984894259818731
0 0.9037009063444109 0.08534743202416918 0.05211480362537765 0.022658610271903322
0 0.9003021148036254 0.10913897280966767 0.061933534743202415 0.027945619335347432
0 0.8893504531722054 0.13141993957703926 0.0324773413897281 0.04380664652567976
0 0.9407099697885196 0.02530211480362538 0.04758308157099698 0.033987915407854986
0 0.9520392749244713 0.0188821752265861 0.05060422960725076 0.03323262839879154
1 0.9222054380664653 0.0581570996978852 0.05891238670694864 0.03323262839879154
0 0.9580815709969789 0.3851963746223565 0.06268882175226587 0.021148036253776436
0 0.9539274924471299 0.4033232628398791 0.05891238670694864 0.0256797583081571
0 0.9493957703927492 0.4229607250755287 0.0649546827794562 0.02416918429003021
0 0.9376888217522659 0.4425981873111782 0.06570996978851963 0.0256797583081571
0 0.9282477341389728 0.4618580060422961 0.0649546827794562 0.023413897280966767
0 0.8919939577039275 0.479607250755287 0.0634441087613293 0.02416918429003021
0 0.9327794561933535 0.4773413897280967 0.05891238670694864 0.028700906344410877
1 0.9142749244712991 0.4973564954682779 0.05362537764350453 0.024924471299093656
0 0.8904833836858006 0.5128398791540786 0.06646525679758308 0.022658610271903322
0 0.8893504531722054 0.5370090634441088 0.06722054380664652 0.0256797583081571
1 0.8674471299093656 0.5702416918429003 0.07930513595166164 0.027190332326283987
1 0.8734894259818731 0.5989425981873112 0.06419939577039276 0.021148036253776436
1 0.8716012084592145 0.5861027190332326 0.054380664652567974 0.022658610271903322
0 0.8844410876132931 0.5611782477341389 0.06797583081570997 0.027190332326283987
0 0.8338368580060423 0.6197129909365559 0.06797583081570997 0.027945619335347432
0 0.8240181268882175 0.6759818731117825 0.0634441087613293 0.02416918429003021
0 0.8160876132930514 0.6914652567975831 0.06268882175226587 0.023413897280966767
1 0.8376132930513596 0.6544561933534743 0.0634441087613293 0.026435045317220542
0 0.7575528700906344 0.8530966767371602 0.06646525679758308 0.033987915407854986
0 0.7696374622356495 0.8357250755287009 0.061933534743202415 0.024924471299093656
0 0.754154078549849 0.8168429003021148 0.06117824773413897 0.024924471299093656
0 0.7711480362537765 0.8092900302114804 0.054380664652567974 0.02039274924471299
0 0.7605740181268882 0.7881419939577039 0.052870090634441085 0.024924471299093656
0 0.7858761329305136 0.7594410876132931 0.06570996978851963 0.03700906344410876
0 0.7881419939577039 0.7352719033232629 0.05664652567975831 0.02945619335347432
0 0.804380664652568 0.7258308157099698 0.0513595166163142 0.022658610271903322
0 0.8164652567975831 0.7118580060422961 0.055891238670694864 0.024924471299093656
