0 0.7888446215139442 0.10120845921450151 0.14741035856573706 0.04078549848942598
0 0.7539840637450199 0.12802114803625378 0.17729083665338646 0.04305135951661632
0 0.946215139442231 0.1095166163141994 0.099601593625498 0.054380664652567974
0 0.9163346613545816 0.15898791540785498 0.13545816733067728 0.04909365558912387
0 0.05677290836653386 0.32439577039274925 0.10159362549800796 0.0445619335347432
0 0.10657370517928287 0.28889728096676737 0.1454183266932271 0.04154078549848943
0 0.1394422310756972 0.2707703927492447 0.10358565737051792 0.04305135951661632
0 0.14940239043824702 0.24433534743202417 0.10358565737051792 0.04758308157099698
0 0.20318725099601592 0.21299093655589124 0.15139442231075698 0.03927492447129909
0 0.22808764940239043 0.1933534743202417 0.08565737051792828 0.04833836858006042
0 0.25 0.16993957703927492 0.15338645418326693 0.04833836858006042
0 0.28187250996015933 0.17031722054380666 0.11752988047808764 0.05060422960725076
0 0.29780876494023906 0.1537009063444109 0.08964143426294821 0.05211480362537765
0 0.31772908366533864 0.11518126888217523 0.15338645418326693 0.030966767371601207
0 0.4302788844621514 0.026812688821752265 0.11553784860557768 0.035498489425981876
0 0.35258964143426297 0.0804380664652568 0.11553784860557768 0.024924471299093656
0 0.41832669322709165 0.045317220543806644 0.10358565737051792 0.0377643504531722
1 0.39243027888446214 0.05853474320241692 0.14342629482071712 0.02039274924471299
1 0.695219123505976 0.21185800604229607 0.16334661354581673 0.026435045317220542
0 0.7539840637450199 0.1729607250755287 0.16135458167330677 0.03172205438066465
0 0.0796812749003984 0.729607250755287 0.14342629482071712 0.02416918429003021
0 0.08665338645418326 0.7084592145015106 0.15338645418326693 0.021148036253776436
0 0.1205179282868526 0.695619335347432 0.1454183266932271 0.022658610271903322
0 0.14641434262948208 0.6718277945619335 0.1693227091633466 0.030966767371601207
0 0.15139442231075698 0.6212235649546828 0.16733067729083664 0.023413897280966767
1 0.21215139442231076 0.6110271903323263 0.18127490039840638 0.02416918429003021
1 0.22709163346613545 0.600453172205438 0.20717131474103584 0.030211480362537763
1 0.25796812749003983 0.5849697885196374 0.18127490039840638 0.023413897280966767
0 0.30378486055776893 0.5324773413897281 0.19322709163346613 0.019637462235649546
0 0.28187250996015933 0.5464501510574018 0.17729083665338646 0.02190332326283988
0 0.31673306772908366 0.5079305135951662 0.1553784860557769 0.023413897280966767
0 0.3057768924302789 0.48036253776435045 0.16135458167330677 0.022658610271903322
0 0.4163346613545817 0.4788519637462236 0.1593625498007968 0.030211480362537763
0 0.4033864541832669 0.4588368580060423 0.20517928286852588 0.027945619335347432
0 0.4262948207171315 0.44222054380664655 0.18326693227091634 0.023413897280966767
0 0.4591633466135458 0.4161631419939577 0.19721115537848605 0.02416918429003021
0 0.48804780876494025 0.3878398791540785 0.1553784860557769 0.0188821752265861
0 0.48804780876494025 0.4052114803625378 0.12749003984063745 0.017371601208459216
0 0.548804780876494 0.3685800604229607 0.16135458167330677 0.019637462235649546
0 0.5737051792828685 0.35196374622356497 0.14342629482071712 0.021148036253776436
0 0.5946215139442231 0.34176737160120846 0.1454183266932271 0.0188821752265861
1 0.600597609561753 0.31722054380664655 0.17729083665338646 0.0256797583081571
0 0.6334661354581673 0.286631419939577 0.17131474103585656 0.027945619335347432
0 0.6633466135458167 0.2326283987915408 0.16334661354581673 0.02416918429003021
0 0.6892430278884462 0.25226586102719034 0.1593625498007968 0.021148036253776436
3 0.20019920318725098 0.9365558912386707 0.39641434262948205 0.11329305135951662
