1 0.6642749244712991 0.024546827794561934 0.05966767371601209 0.0324773413897281
1 0.6623867069486404 0.0736404833836858 0.052870090634441085 0.05513595166163142
1 0.5932779456193353 0.11782477341389729 0.0581570996978852 0.028700906344410877
0 0.5883685800604229 0.023413897280966767 0.06646525679758308 0.04833836858006042
0 0.5974320241691843 0.08459214501510574 0.07099697885196375 0.03474320241691843
0 0.5959214501510574 0.16389728096676737 0.055891238670694864 0.04078549848942598
0 0.4240936555891239 0.10347432024169184 0.05966767371601209 0.03927492447129909
0 0.4271148036253776 0.13444108761329304 0.06419939577039276 0.03474320241691843
2 0.19977341389728095 0.24206948640483383 0.05060422960725076 0.0324773413897281
0 0.5173716012084593 0.4342900302114804 0.0649546827794562 0.03625377643504532
0 0.5117069486404834 0.4724320241691843 0.05211480362537765 0.03851963746223565
1 0.5177492447129909 0.504154078549849 0.05664652567975831 0.026435045317220542
1 0.5177492447129909 0.5173716012084593 0.05513595166163142 0.019637462235649546
1 0.5177492447129909 0.529833836858006 0.05966767371601209 0.024924471299093656
1 0.5037764350453172 0.5577794561933535 0.060422960725075525 0.0324773413897281
0 0.5120845921450151 0.5743957703927492 0.05891238670694864 0.02039274924471299
1 0.5143504531722054 0.5902567975830816 0.0634441087613293 0.02039274924471299
1 0.513595166163142 0.6091389728096677 0.06646525679758308 0.02039274924471299
1 0.5177492447129909 0.6216012084592145 0.05664652567975831 0.0256797583081571
0 0.5007552870090635 0.6408610271903323 0.060422960725075525 0.030966767371601207
0 0.4871601208459215 0.6638972809667674 0.055891238670694864 0.03474320241691843
0 0.49773413897280966 0.7141238670694864 0.052870090634441085 0.024924471299093656
1 0.5128398791540786 0.7190332326283988 0.05891238670694864 0.028700906344410877
0 0.513595166163142 0.7477341389728097 0.061933534743202415 0.03474320241691843
1 0.4663897280966767 0.8908610271903323 0.05966767371601209 0.027945619335347432
0 0.46676737160120846 0.9169184290030211 0.054380664652567974 0.0256797583081571
1 0.4626132930513595 0.9531722054380665 0.0581570996978852 0.0377643504531722
