0 0.47583081570996977 0.07817220543806647 0.060422960725075525 0.030966767371601207
0 0.368202416918429 0.07590634441087614 0.04607250755287009 0.05211480362537765
2 0.36895770392749244 0.08119335347432025 0.030966767371601207 0.027945619335347432
0 0.2802114803625378 0.06948640483383686 0.055891238670694864 0.04229607250755287
0 0.29342900302114805 0.1299093655589124 0.08534743202416918 0.045317220543806644
0 0.19108761329305135 0.09478851963746224 0.052870090634441085 0.05211480362537765
0 0.08157099697885196 0.118202416918429 0.06797583081570997 0.0324773413897281
2 0.08081570996978851 0.12197885196374622 0.03474320241691843 0.02190332326283988
0 0.02190332326283988 0.0789274924471299 0.04229607250755287 0.04154078549848943
2 0.09667673716012085 0.26321752265861026 0.027190332326283987 0.026435045317220542
0 0.5377643504531722 0.16578549848942598 0.06948640483383686 0.0445619335347432
2 0.5449395770392749 0.16767371601208458 0.03851963746223565 0.03474320241691843
2 0.5343655589123867 0.1952416918429003 0.0324773413897281 0.026435045317220542
2 0.6688066465256798 0.2190332326283988 0.035498489425981876 0.022658610271903322
2 0.6952416918429003 0.20921450151057402 0.02945619335347432 0.022658610271903322
0 0.6680513595166163 0.22280966767371602 0.030966767371601207 0.05740181268882175
2 0.900679758308157 0.43731117824773413 0.033987915407854986 0.03474320241691843
1 0.8927492447129909 0.43277945619335345 0.0513595166163142 0.060422960725075525
