2 0.7129909365558912 0.03851963746223565 0.028700906344410877 0.030211480362537763
2 0.7348942598187311 0.034365558912386705 0.028700906344410877 0.035498489425981876
1 0.5800604229607251 0.03172205438066465 0.0770392749244713 0.03172205438066465
0 0.5781722054380665 0.04607250755287009 0.07326283987915408 0.027190332326283987
0 0.584214501510574 0.06457703927492447 0.07326283987915408 0.035498489425981876
1 0.5947885196374623 0.09063444108761329 0.07326283987915408 0.03474320241691843
0 0.6012084592145015 0.11216012084592145 0.07401812688821752 0.035498489425981876
0 0.6144259818731118 0.12877643504531722 0.07175226586102719 0.027945619335347432
0 0.6136706948640483 0.1510574018126888 0.06570996978851963 0.027190332326283987
0 0.6242447129909365 0.17182779456193353 0.07628398791540786 0.03700906344410876
0 0.6370845921450151 0.20770392749244712 0.06570996978851963 0.0256797583081571
0 0.6529456193353474 0.24358006042296074 0.06873111782477341 0.0324773413897281
0 0.6295317220543807 0.2654833836858006 0.06722054380664652 0.0324773413897281
0 0.6601208459214502 0.27303625377643503 0.07250755287009064 0.0324773413897281
0 0.6582326283987915 0.2892749244712991 0.06722054380664652 0.03474320241691843
0 0.6737160120845922 0.3330815709969788 0.06948640483383686 0.0377643504531722
0 0.6933534743202416 0.34705438066465255 0.07099697885196375 0.035498489425981876
0 0.6827794561933535 0.36631419939577037 0.07250755287009064 0.030211480362537763
0 0.697129909365559 0.38557401812688824 0.06646525679758308 0.027945619335347432
1 0.7171450151057401 0.41351963746223563 0.07175226586102719 0.026435045317220542
0 0.7031722054380665 0.43089123867069484 0.08006042296072508 0.030966767371601207
0 0.7148791540785498 0.4554380664652568 0.07175226586102719 0.045317220543806644
0 0.7205438066465257 0.4845166163141994 0.0634441087613293 0.03700906344410876
0 0.729607250755287 0.506797583081571 0.0649546827794562 0.03474320241691843
0 0.7307401812688822 0.525679758308157 0.07779456193353475 0.03474320241691843
0 0.7511329305135952 0.5411631419939577 0.0702416918429003 0.027945619335347432
0 0.7454682779456193 0.5611782477341389 0.07401812688821752 0.028700906344410877
0 0.7579305135951662 0.5751510574018127 0.07930513595166164 0.02945619335347432
0 0.7647280966767371 0.6238670694864048 0.0702416918429003 0.021148036253776436
1 0.7741691842900302 0.6125377643504532 0.0770392749244713 0.028700906344410877
0 0.7726586102719033 0.6438821752265861 0.08157099697885196 0.030966767371601207
0 0.7760574018126888 0.6616314199395771 0.06873111782477341 0.028700906344410877
0 0.8081570996978852 0.6771148036253777 0.08308157099697885 0.02945619335347432
0 0.7892749244712991 0.6914652567975831 0.06797583081570997 0.0324773413897281
0 0.8009818731117825 0.7107250755287009 0.07175226586102719 0.027190332326283987
0 0.7979607250755287 0.7280966767371602 0.06419939577039276 0.02416918429003021
0 0.8119335347432024 0.7488670694864048 0.07250755287009064 0.024924471299093656
0 0.8153323262839879 0.7669939577039275 0.07628398791540786 0.026435045317220542
0 0.8259063444108762 0.7809667673716012 0.0702416918429003 0.027190332326283987
0 0.824773413897281 0.7968277945619335 0.06948640483383686 0.0256797583081571
0 0.8413897280966768 0.8225075528700906 0.0649546827794562 0.030211480362537763
0 0.8466767371601208 0.841012084592145 0.06948640483383686 0.02039274924471299
0 0.8636706948640483 0.8716012084592145 0.07628398791540786 0.03474320241691843
0 0.8761329305135952 0.908987915407855 0.0634441087613293 0.030966767371601207
0 0.8689577039274925 0.93202416918429 0.06722054380664652 0.022658610271903322
0 0.8742447129909365 0.9543051359516617 0.06722054380664652 0.0324773413897281
0 0.9003021148036254 0.9656344410876133 0.06797583081570997 0.033987915407854986
0 0.9010574018126888 0.9837613293051359 0.0770392749244713 0.024924471299093656
0 0.847809667673716 0.023036253776435044 0.05664652567975831 0.02945619335347432
0 0.8485649546827795 0.04720543806646526 0.06873111782477341 0.0324773413897281
0 0.8598942598187311 0.06722054380664652 0.07326283987915408 0.030211480362537763
0 0.8598942598187311 0.08383685800604229 0.05664652567975831 0.03474320241691843
1 0.8625377643504532 0.10762839879154079 0.06646525679758308 0.04305135951661632
0 0.8455438066465257 0.13444108761329304 0.05362537764350453 0.04682779456193353
0 0.8583836858006042 0.1506797583081571 0.06268882175226587 0.04607250755287009
0 0.8893504531722054 0.15861027190332327 0.0581570996978852 0.04833836858006042
0 0.8787764350453172 0.18731117824773413 0.05664652567975831 0.05891238670694864
0 0.9029456193353474 0.19448640483383686 0.05362537764350453 0.04909365558912387
1 0.8912386706948641 0.21790030211480363 0.0649546827794562 0.05966767371601209
0 0.9135196374622356 0.2239425981873112 0.0702416918429003 0.04758308157099698
0 0.9233383685800605 0.25226586102719034 0.0702416918429003 0.04229607250755287
0 0.9290030211480362 0.2802114803625378 0.07099697885196375 0.03625377643504532
1 0.93202416918429 0.3062688821752266 0.07099697885196375 0.06419939577039276
0 0.9437311178247734 0.32326283987915405 0.0702416918429003 0.04229607250755287
0 0.9478851963746223 0.34705438066465255 0.0649546827794562 0.0445619335347432
1 0.9543051359516617 0.3712235649546828 0.07326283987915408 0.05211480362537765
0 0.9607250755287009 0.4169184290030212 0.0649546827794562 0.052870090634441085
0 0.9746978851963746 0.4161631419939577 0.04607250755287009 0.052870090634441085
0 0.975453172205438 0.4399546827794562 0.0445619335347432 0.04003021148036254
0 0.9788519637462235 0.5147280966767371 0.0377643504531722 0.04003021148036254
