1 0.45959214501510576 0.4777190332326284 0.04758308157099698 0.06419939577039276
1 0.7171450151057401 0.4467522658610272 0.04909365558912387 0.0702416918429003
1 0.847809667673716 0.2590634441087613 0.03700906344410876 0.07854984894259819
1 0.875 0.24018126888217523 0.03851963746223565 0.06646525679758308
1 0.9697885196374623 0.3217522658610272 0.04380664652567976 0.07854984894259819
1 0.9629909365558912 0.1816465256797583 0.04682779456193353 0.06419939577039276
1 0.9833836858006042 0.18240181268882175 0.027190332326283987 0.07175226586102719
0 0.9388217522658611 0.2258308157099698 0.045317220543806644 0.061933534743202415
1 0.9127643504531722 0.22734138972809667 0.04305135951661632 0.0649546827794562
0 0.8323262839879154 0.2836102719033233 0.0377643504531722 0.06117824773413897
0 0.8115558912386707 0.2836102719033233 0.02945619335347432 0.05362537764350453
0 0.7941842900302115 0.30362537764350456 0.035498489425981876 0.04833836858006042
0 0.7790785498489426 0.30966767371601206 0.03700906344410876 0.04833836858006042
0 0.7190332326283988 0.33496978851963743 0.045317220543806644 0.06873111782477341
0 0.9112537764350453 0.34327794561933533 0.03700906344410876 0.06117824773413897
0 0.8855740181268882 0.3806646525679758 0.04003021148036254 0.04682779456193353
0 0.8500755287009063 0.3969033232628399 0.04305135951661632 0.06419939577039276
0 0.8225075528700906 0.41200906344410876 0.04078549848942598 0.05513595166163142
0 0.49206948640483383 0.463368580060423 0.04909365558912387 0.0581570996978852
0 0.5287009063444109 0.438821752265861 0.0377643504531722 0.0649546827794562
0 0.5630664652567976 0.4331570996978852 0.03700906344410876 0.06117824773413897
0 0.5849697885196374 0.40634441087613293 0.033987915407854986 0.07099697885196375
0 0.620845921450151 0.38821752265861026 0.04229607250755287 0.0770392749244713
