0 0.08836858006042296 0.6916524701873935 0.04833836858006042 0.054514480408858604
0 0.04003021148036254 0.6916524701873935 0.0377643504531722 0.06473594548551959
0 0.01283987915407855 0.7010221465076661 0.027190332326283987 0.06303236797274277
0 0.18089123867069487 0.5830494037478705 0.04758308157099698 0.06729131175468483
0 0.08308157099697885 0.5668654173764907 0.03625377643504532 0.06388415672913117
1 0.04003021148036254 0.575809199318569 0.05740181268882175 0.06473594548551959
0 0.25755287009063443 0.6341567291311755 0.0377643504531722 0.0706984667802385
2 0.25226586102719034 0.762350936967632 0.0377643504531722 0.03236797274275979
2 0.24924471299093656 0.784923339011925 0.03927492447129909 0.036626916524701875
2 0.22922960725075528 0.8798977853492334 0.0324773413897281 0.034071550255536626
0 0.236404833836858 0.8820272572402045 0.06646525679758308 0.029812606473594547
0 0.3455438066465257 0.6916524701873935 0.026435045317220542 0.06984667802385008
0 0.37915407854984895 0.6908006814310051 0.028700906344410877 0.06643952299829642
0 0.42107250755287007 0.6916524701873935 0.04607250755287009 0.06643952299829642
0 0.4407099697885196 0.67206132879046 0.04154078549848943 0.06984667802385008
0 0.4705438066465257 0.6746166950596252 0.028700906344410877 0.07325383304940375
0 0.5015105740181269 0.6861158432708688 0.03927492447129909 0.065587734241908
0 0.5173716012084593 0.6733390119250426 0.04229607250755287 0.06899488926746167
0 0.5566465256797583 0.6690800681431005 0.03625377643504532 0.06899488926746167
0 0.7760574018126888 0.6592844974446337 0.03700906344410876 0.06984667802385008
0 0.8036253776435045 0.66396933560477 0.04833836858006042 0.07751277683134583
0 0.8455438066465257 0.6643952299829642 0.04154078549848943 0.06643952299829642
0 0.870845921450151 0.653747870528109 0.03474320241691843 0.058773424190800685
0 0.9274924471299094 0.7210391822827938 0.0649546827794562 0.036626916524701875
