2 0.897359454855196 0.28851963746223563 0.04003407155025554 0.03474320241691843
2 0.870954003407155 0.25868580060422963 0.04514480408858603 0.030966767371601207
0 0.8969335604770017 0.1404833836858006 0.044293015332197615 0.04833836858006042
0 0.567717206132879 0.10800604229607251 0.04514480408858603 0.055891238670694864
1 0.48807495741056217 0.09327794561933535 0.04770017035775128 0.06570996978851963
0 0.46252129471890974 0.08874622356495468 0.02555366269165247 0.0581570996978852
0 0.436541737649063 0.08874622356495468 0.024701873935264056 0.05211480362537765
0 0.3666950596252129 0.09554380664652568 0.05536626916524702 0.035498489425981876
1 0.3628620102214651 0.055513595166163145 0.06303236797274277 0.030966767371601207
0 0.36201022146507666 0.011329305135951661 0.059625212947189095 0.022658610271903322
3 0.10647359454855196 0.334214501510574 0.0868824531516184 0.1623867069486405
3 0.10732538330494037 0.5604229607250756 0.08177172061328791 0.1283987915407855
3 0.11201022146507666 0.8047583081570997 0.08603066439522998 0.1578549848942598
3 0.1307495741056218 0.9622356495468278 0.08262350936967632 0.06948640483383686
2 0.015758091993185692 0.8111782477341389 0.031516183986371384 0.02416918429003021
1 0.028534923339011926 0.8058912386706949 0.02129471890971039 0.05891238670694864
