1 0.7870090634441088 0.03960817717206133 0.028700906344410877 0.065587734241908
0 0.8066465256797583 0.15034071550255537 0.07099697885196375 0.05366269165247019
1 0.783987915407855 0.21294718909710392 0.061933534743202415 0.03747870528109029
1 0.6884441087613293 0.020442930153321978 0.06268882175226587 0.040885860306643956
0 0.668429003021148 0.06643952299829642 0.054380664652567974 0.03747870528109029
0 0.6654078549848943 0.1137137989778535 0.0513595166163142 0.028109028960817718
0 0.6737160120845922 0.13926746166950596 0.05891238670694864 0.029812606473594547
1 0.6718277945619335 0.16056218057921637 0.0581570996978852 0.026405451448040886
1 0.6718277945619335 0.184412265758092 0.0581570996978852 0.028109028960817718
0 0.6710725075528701 0.21550255536626917 0.06268882175226587 0.030664395229982964
1 0.675226586102719 0.24403747870528109 0.05740181268882175 0.03492333901192504
1 0.6574773413897281 0.2776831345826235 0.0581570996978852 0.04770017035775128
1 0.6740936555891238 0.33603066439523 0.0581570996978852 0.029812606473594547
1 0.6858006042296072 0.370954003407155 0.05740181268882175 0.028109028960817718
0 0.8055135951661632 0.46933560477001707 0.05211480362537765 0.04258943781942078
0 0.8058912386706949 0.49318568994889267 0.04984894259818731 0.03236797274275979
0 0.8081570996978852 0.5136286201022147 0.05740181268882175 0.027257240204429302
0 0.6846676737160121 0.5072402044293015 0.06117824773413897 0.036626916524701875
0 0.6873111782477341 0.543015332197615 0.055891238670694864 0.024701873935264056
0 0.8013595166163142 0.5434412265758092 0.05740181268882175 0.030664395229982964
0 0.801737160120846 0.5523850085178875 0.05211480362537765 0.024701873935264056
0 0.8032477341389728 0.5689948892674617 0.05513595166163142 0.02555366269165247
1 0.7987160120845922 0.5826235093696763 0.06873111782477341 0.030664395229982964
1 0.7964501510574018 0.6098807495741057 0.06570996978851963 0.02385008517887564
0 0.801737160120846 0.6226575809199318 0.0581570996978852 0.020442930153321978
0 0.8047583081570997 0.6341567291311755 0.05211480362537765 0.01788756388415673
0 0.8058912386706949 0.6456558773424191 0.0634441087613293 0.017035775127768313
0 0.802870090634441 0.6605621805792163 0.055891238670694864 0.019591141396933562
1 0.6986404833836858 0.5672913117546848 0.061933534743202415 0.027257240204429302
0 0.6786253776435045 0.583901192504259 0.05060422960725076 0.01788756388415673
1 0.6831570996978852 0.5932708688245315 0.06873111782477341 0.02129471890971039
1 0.7031722054380665 0.6171209540034072 0.05740181268882175 0.048551959114139696
1 0.6714501510574018 0.6218057921635435 0.05740181268882175 0.05281090289608177
1 0.6944864048338368 0.6737649063032368 0.06722054380664652 0.034071550255536626
0 0.2280966767371601 0.868824531516184 0.052870090634441085 0.05792163543441227
1 0.20657099697885195 0.8232538330494038 0.06117824773413897 0.03833049403747871
1 0.11442598187311179 0.020442930153321978 0.05966767371601209 0.039182282793867124
1 0.12802114803625378 0.031516183986371384 0.05966767371601209 0.04770017035775128
1 0.1197129909365559 0.05536626916524702 0.06117824773413897 0.034071550255536626
1 0.1665407854984894 0.09625212947189098 0.033987915407854986 0.06303236797274277
1 0.11027190332326284 0.08304940374787052 0.061933534743202415 0.03833049403747871
1 0.11253776435045318 0.12606473594548553 0.055891238670694864 0.04258943781942078
1 0.10725075528700906 0.1797274275979557 0.05891238670694864 0.03747870528109029
1 0.1095166163141994 0.20570698466780238 0.060422960725075525 0.03321976149914821
0 0.11442598187311179 0.22529812606473595 0.05513595166163142 0.028109028960817718
1 0.11518126888217523 0.24063032367972742 0.05664652567975831 0.031516183986371384
1 0.11027190332326284 0.26490630323679726 0.05740181268882175 0.03577512776831346
1 0.11895770392749244 0.2734241908006814 0.0581570996978852 0.039182282793867124
1 0.11064954682779456 0.31218057921635434 0.05966767371601209 0.041737649063032366
1 0.1351963746223565 0.32282793867120957 0.054380664652567974 0.04258943781942078
0 0.11404833836858005 0.34880749574105624 0.0513595166163142 0.024701873935264056
0 0.10838368580060423 0.368824531516184 0.05211480362537765 0.028960817717206135
1 0.11706948640483383 0.4131175468483816 0.060422960725075525 0.039182282793867124
1 0.12273413897280967 0.42461669505962524 0.06117824773413897 0.036626916524701875
0 0.09629909365558913 0.49616695059625215 0.04758308157099698 0.05536626916524702
0 0.11140483383685801 0.5217206132879046 0.05362537764350453 0.03321976149914821
1 0.1197129909365559 0.5630323679727428 0.0581570996978852 0.04770017035775128
1 0.12802114803625378 0.604344122657581 0.05966767371601209 0.048551959114139696
1 0.13481873111782477 0.6626916524701874 0.06117824773413897 0.056218057921635436
0 0.14652567975830816 0.7018739352640545 0.052870090634441085 0.040885860306643956
1 0.15181268882175228 0.745741056218058 0.055891238670694864 0.05366269165247019
1 0.1627643504531722 0.7687393526405452 0.04758308157099698 0.05366269165247019
1 0.18806646525679757 0.7938671209540035 0.055891238670694864 0.04940374787052811
