1 0.777190332326284 0.6993957703927492 0.060422960725075525 0.08006042296072508
0 0.7711480362537765 0.697129909365559 0.03625377643504532 0.04078549848942598
3 0.7749244712990937 0.9161631419939577 0.13897280966767372 0.16314199395770393
0 0.08006042296072508 0.7915407854984894 0.045317220543806644 0.03323262839879154
0 0.10913897280966767 0.7741691842900302 0.04607250755287009 0.04682779456193353
0 0.18617824773413896 0.7477341389728097 0.04154078549848943 0.04984894259818731
0 0.22016616314199397 0.7360271903323263 0.02945619335347432 0.03700906344410876
0 0.2416918429003021 0.7307401812688822 0.04833836858006042 0.04154078549848943
0 0.26510574018126887 0.7171450151057401 0.055891238670694864 0.035498489425981876
1 0.8712235649546828 0.013217522658610271 0.07477341389728097 0.026435045317220542
0 0.8870845921450151 0.03134441087613293 0.06268882175226587 0.033987915407854986
0 0.898036253776435 0.05626888217522659 0.05891238670694864 0.035498489425981876
1 0.9078549848942599 0.07930513595166164 0.054380664652567974 0.03927492447129909
0 0.9067220543806647 0.10007552870090634 0.06268882175226587 0.027945619335347432
1 0.9199395770392749 0.13028700906344412 0.06646525679758308 0.0324773413897281
0 0.9369335347432024 0.16503021148036254 0.0702416918429003 0.04154078549848943
1 0.9493957703927492 0.20128398791540786 0.06948640483383686 0.04154078549848943
0 0.9531722054380665 0.243202416918429 0.060422960725075525 0.027190332326283987
0 0.9584592145015106 0.2711480362537764 0.052870090634441085 0.0377643504531722
0 0.9607250755287009 0.31080060422960726 0.054380664652567974 0.04003021148036254
0 0.9731873111782477 0.3425226586102719 0.04003021148036254 0.0188821752265861
0 0.6963746223564955 0.7647280966767371 0.03474320241691843 0.06873111782477341
0 0.6627643504531722 0.7764350453172205 0.033987915407854986 0.06948640483383686
0 0.6423716012084593 0.7802114803625377 0.023413897280966767 0.07250755287009064
0 0.6170694864048338 0.7866314199395771 0.02416918429003021 0.0702416918429003
0 0.599320241691843 0.7787009063444109 0.026435045317220542 0.06646525679758308
0 0.03323262839879154 0.9656344410876133 0.0256797583081571 0.04758308157099698
0 0.054380664652567974 0.9629909365558912 0.01812688821752266 0.04833836858006042
0 0.07288519637462236 0.959214501510574 0.02039274924471299 0.055891238670694864
0 0.09969788519637462 0.9463746223564955 0.027190332326283987 0.0634441087613293
0 0.12802114803625378 0.9286253776435045 0.02039274924471299 0.05362537764350453
0 0.14803625377643503 0.9112537764350453 0.027190332326283987 0.0581570996978852
0 0.18202416918429004 0.9101208459214502 0.021148036253776436 0.0649546827794562
0 0.1986404833836858 0.9078549848942599 0.019637462235649546 0.0513595166163142
1 0.2194108761329305 0.9112537764350453 0.015861027190332326 0.06419939577039276
0 0.24395770392749244 0.8946374622356495 0.030211480362537763 0.05966767371601209
0 0.2692598187311178 0.8927492447129909 0.023413897280966767 0.05891238670694864
0 0.29229607250755285 0.8965256797583081 0.02416918429003021 0.061933534743202415
0 0.5804380664652568 0.7904078549848943 0.0188821752265861 0.05664652567975831
0 0.5540030211480362 0.8058912386706949 0.030966767371601207 0.055891238670694864
0 0.5215256797583081 0.8108006042296072 0.03851963746223565 0.05060422960725076
0 0.5030211480362538 0.8217522658610272 0.0377643504531722 0.052870090634441085
1 0.4762084592145015 0.8225075528700906 0.02945619335347432 0.0634441087613293
0 0.472809667673716 0.841012084592145 0.027190332326283987 0.0445619335347432
0 0.4478851963746224 0.8368580060422961 0.030211480362537763 0.060422960725075525
0 0.42371601208459214 0.854607250755287 0.0256797583081571 0.05966767371601209
1 0.3130664652567976 0.8931268882175226 0.02039274924471299 0.06117824773413897
0 0.33496978851963743 0.8848187311178247 0.030966767371601207 0.05362537764350453
0 0.35725075528700906 0.877643504531722 0.028700906344410877 0.0513595166163142
0 0.37009063444108764 0.8632930513595166 0.0256797583081571 0.05740181268882175
0 0.39161631419939574 0.8455438066465257 0.02039274924471299 0.05664652567975831
