2 0.8217522658610272 0.4607438016528926 0.04078549848942598 0.081267217630854
0 0.5804380664652568 0.6831955922865014 0.06268882175226587 0.06336088154269973
0 0.5249244712990937 0.7073002754820937 0.05740181268882175 0.07024793388429752
0 0.45845921450151056 0.7327823691460056 0.055891238670694864 0.0440771349862259
0 0.41200906344410876 0.7803030303030303 0.05966767371601209 0.03994490358126722
0 0.4086102719033233 0.8457300275482094 0.05891238670694864 0.049586776859504134
0 0.4259818731117825 0.8712121212121212 0.060422960725075525 0.05096418732782369
1 0.4418429003021148 0.9483471074380165 0.061933534743202415 0.07851239669421488
1 0.5113293051359517 0.5199724517906337 0.05891238670694864 0.05922865013774105
0 0.4690332326283988 0.5764462809917356 0.07250755287009064 0.06198347107438017
0 0.39916918429003023 0.5833333333333334 0.06268882175226587 0.06473829201101929
0 0.3527190332326284 0.5867768595041323 0.055891238670694864 0.05785123966942149
0 0.36027190332326287 0.5385674931129477 0.054380664652567974 0.06887052341597796
1 0.3338368580060423 0.5165289256198348 0.03625377643504532 0.1046831955922865
0 0.3217522658610272 0.47107438016528924 0.05740181268882175 0.06611570247933884
0 0.31948640483383683 0.4366391184573003 0.060422960725075525 0.06887052341597796
1 0.3066465256797583 0.412534435261708 0.04984894259818731 0.06198347107438017
0 0.300226586102719 0.3353994490358127 0.05211480362537765 0.07300275482093664
0 0.28965256797583083 0.2775482093663912 0.04909365558912387 0.07851239669421488
0 0.27152567975830816 0.2603305785123967 0.04154078549848943 0.09641873278236915
0 0.23829305135951662 0.19696969696969696 0.06722054380664652 0.11570247933884298
1 0.277190332326284 0.11019283746556474 0.054380664652567974 0.09917355371900827
1 0.23716012084592145 0.10950413223140495 0.045317220543806644 0.07300275482093664
0 0.20808157099697885 0.10055096418732783 0.06117824773413897 0.03581267217630854
0 0.23413897280966767 0.05440771349862259 0.04833836858006042 0.03994490358126722
0 0.21450151057401812 0.03994490358126722 0.055891238670694864 0.0440771349862259
0 0.0702416918429003 0.8643250688705234 0.03625377643504532 0.09228650137741047
0 0.05173716012084592 0.8677685950413223 0.03851963746223565 0.08539944903581267
0 0.03625377643504532 0.8732782369146006 0.0377643504531722 0.09366391184573003
0 0.01623867069486405 0.8918732782369146 0.030966767371601207 0.08402203856749312
