0 0.898406374501992 0.9478851963746223 0.12350597609561753 0.028700906344410877
0 0.9252988047808764 0.974320241691843 0.12151394422310757 0.0377643504531722
1 0.8854581673306773 0.9176737160120846 0.11752988047808764 0.03323262839879154
1 0.853585657370518 0.8984138972809668 0.11752988047808764 0.017371601208459216
0 0.8595617529880478 0.881797583081571 0.16533864541832669 0.023413897280966767
0 0.704183266932271 0.6805135951661632 0.14940239043824702 0.03927492447129909
0 0.9372509960159362 0.4369335347432024 0.09362549800796813 0.024924471299093656
0 0.9053784860557769 0.3666918429003021 0.1254980079681275 0.035498489425981876
0 0.74800796812749 0.311178247734139 0.12151394422310757 0.022658610271903322
0 0.7659362549800797 0.2824773413897281 0.10557768924302789 0.02416918429003021
0 0.797808764940239 0.24962235649546827 0.10159362549800796 0.027945619335347432
0 0.853585657370518 0.3119335347432024 0.13346613545816732 0.045317220543806644
0 0.646414342629482 0.6159365558912386 0.1254980079681275 0.023413897280966767
0 0.6344621513944223 0.5887462235649547 0.10557768924302789 0.0445619335347432
0 0.6165338645418327 0.5709969788519638 0.11752988047808764 0.030211480362537763
1 0.603585657370518 0.5536253776435045 0.11952191235059761 0.030211480362537763
1 0.5756972111553785 0.5415407854984894 0.12350597609561753 0.03172205438066465
0 0.6085657370517928 0.5241691842900302 0.12151394422310757 0.0256797583081571
0 0.3247011952191235 0.23867069486404835 0.11553784860557768 0.03625377643504532
1 0.2400398406374502 0.2450906344410876 0.06573705179282868 0.0581570996978852
0 0.19322709163346613 0.25793051359516617 0.10756972111553785 0.05362537764350453
0 0.10657370517928287 0.23225075528700906 0.08167330677290836 0.0445619335347432
0 0.03884462151394422 0.25226586102719034 0.0697211155378486 0.0513595166163142
0 0.14442231075697212 0.2726586102719033 0.09362549800796813 0.03323262839879154
0 0.3665338645418327 0.2556646525679758 0.11553784860557768 0.030966767371601207
0 0.34661354581673304 0.27794561933534745 0.10756972111553785 0.027190332326283987
1 0.36752988047808766 0.2919184290030212 0.09760956175298804 0.03700906344410876
1 0.4143426294820717 0.3066465256797583 0.13147410358565736 0.03172205438066465
1 0.41733067729083667 0.34818731117824775 0.09760956175298804 0.03927492447129909
1 0.398406374501992 0.33081570996978854 0.11952191235059761 0.03625377643504532
0 0.44322709163346613 0.36442598187311176 0.08565737051792828 0.04003021148036254
1 0.4741035856573705 0.3840634441087613 0.08764940239043825 0.035498489425981876
0 0.49800796812749004 0.39161631419939574 0.09561752988047809 0.03700906344410876
0 0.5099601593625498 0.40370090634441086 0.11553784860557768 0.017371601208459216
0 0.5149402390438247 0.4520392749244713 0.11354581673306773 0.04003021148036254
0 0.5527888446215139 0.459214501510574 0.10159362549800796 0.03625377643504532
0 0.5338645418326693 0.4777190332326284 0.11952191235059761 0.0324773413897281
0 0.5607569721115537 0.502643504531722 0.08964143426294821 0.0324773413897281
0 0.6125498007968128 0.502643504531722 0.07768924302788845 0.03700906344410876
0 0.2679282868525896 0.07401812688821752 0.1254980079681275 0.028700906344410877
0 0.6932270916334661 0.14577039274924472 0.13147410358565736 0.0256797583081571
0 0.646414342629482 0.2212990936555891 0.11752988047808764 0.027190332326283987
0 0.6842629482071713 0.19750755287009064 0.11752988047808764 0.023413897280966767
1 0.75199203187251 0.22356495468277945 0.1294820717131474 0.022658610271903322
0 0.8356573705179283 0.21185800604229607 0.10557768924302789 0.0324773413897281
0 0.8117529880478087 0.0891238670694864 0.10956175298804781 0.01812688821752266
0 0.8286852589641434 0.07326283987915408 0.11952191235059761 0.019637462235649546
1 0.9362549800796812 0.06457703927492447 0.05976095617529881 0.033987915407854986
0 0.8844621513944223 0.10876132930513595 0.12749003984063745 0.022658610271903322
0 0.8605577689243028 0.13028700906344412 0.12749003984063745 0.024924471299093656
0 0.7549800796812749 0.1695619335347432 0.11952191235059761 0.02039274924471299
0 0.7360557768924303 0.18768882175226587 0.11354581673306773 0.02945619335347432
1 0.9033864541832669 0.17522658610271905 0.08964143426294821 0.04380664652567976
0 0.849601593625498 0.1967522658610272 0.07370517928286853 0.033987915407854986
0 0.7918326693227091 0.1401057401812689 0.12151394422310757 0.030966767371601207
1 0.09661354581673307 0.05211480362537765 0.07768924302788845 0.04078549848942598
1 0.07768924302788845 0.06797583081570997 0.06772908366533864 0.04833836858006042
1 0.22709163346613545 0.028323262839879154 0.06374501992031872 0.0445619335347432
0 0.18426294820717132 0.0324773413897281 0.049800796812749 0.04078549848942598
0 0.16235059760956175 0.04078549848942598 0.06573705179282868 0.04229607250755287
0 0.13247011952191234 0.043429003021148035 0.061752988047808766 0.04305135951661632
0 0.3137450199203187 0.019637462235649546 0.037848605577689244 0.03625377643504532
0 0.349601593625498 0.02190332326283988 0.045816733067729085 0.04229607250755287
0 0.4551792828685259 0.030966767371601207 0.05776892430278884 0.045317220543806644
1 0.4093625498007968 0.021148036253776436 0.045816733067729085 0.03927492447129909
0 0.3804780876494024 0.021148036253776436 0.04780876494023904 0.04229607250755287
0 0.1902390438247012 0.06722054380664652 0.08167330677290836 0.03474320241691843
0 0.2788844621513944 0.02379154078549849 0.05976095617529881 0.04305135951661632
