0 0.12235649546827794 0.11882453151618398 0.08610271903323263 0.046848381601362864
0 0.11216012084592145 0.16524701873935263 0.06722054380664652 0.040885860306643956
0 0.13783987915407855 0.20400340715502555 0.06722054380664652 0.05706984667802385
0 0.1491691842900302 0.2717206132879046 0.06419939577039276 0.05281090289608177
0 0.12311178247734139 0.38160136286201024 0.06646525679758308 0.040885860306643956
1 0.12802114803625378 0.434412265758092 0.05362537764350453 0.07495741056218058
0 0.20694864048338368 0.5025553662691653 0.04682779456193353 0.06643952299829642
0 0.18957703927492447 0.5200170357751278 0.04833836858006042 0.06899488926746167
0 0.17522658610271905 0.5396081771720613 0.0513595166163142 0.062180579216354344
0 0.0993202416918429 0.4825383304940375 0.04607250755287009 0.06388415672913117
0 0.07779456193353475 0.49616695059625215 0.045317220543806644 0.065587734241908
0 0.05966767371601209 0.520442930153322 0.04078549848942598 0.07495741056218058
1 0.15219033232628398 0.5685689948892675 0.04909365558912387 0.0706984667802385
0 0.14652567975830816 0.610732538330494 0.04229607250755287 0.06984667802385008
1 0.11442598187311179 0.5996592844974447 0.04607250755287009 0.07836456558773425
0 0.08836858006042296 0.614565587734242 0.03625377643504532 0.0706984667802385
1 0.06419939577039276 0.6243611584327087 0.04078549848942598 0.07325383304940375
1 0.052870090634441085 0.6286201022146508 0.04380664652567976 0.06132879045996593
0 0.03474320241691843 0.637137989778535 0.04229607250755287 0.06643952299829642
0 0.0188821752265861 0.6460817717206133 0.03625377643504532 0.07410562180579217
0 0.0755287009063444 0.8522146507666098 0.052870090634441085 0.05536626916524702
2 0.07477341389728097 0.8539182282793867 0.03323262839879154 0.036626916524701875
0 0.3580060422960725 0.7265758091993186 0.04984894259818731 0.06984667802385008
0 0.3972809667673716 0.7423339011925043 0.030211480362537763 0.07240204429301533
0 0.41389728096676737 0.7563884156729132 0.028700906344410877 0.06643952299829642
0 0.015861027190332326 0.9101362862010222 0.030211480362537763 0.07751277683134583
1 0.014350453172205438 0.9399488926746167 0.030211480362537763 0.08943781942078365
0 0.03134441087613293 0.9505962521294719 0.0445619335347432 0.07495741056218058
0 0.0668429003021148 0.9680579216354345 0.030966767371601207 0.05706984667802385
0 0.08345921450151057 0.9723168654173765 0.04003021148036254 0.048551959114139696
0 0.43466767371601206 0.7994037478705281 0.0324773413897281 0.075809199318569
0 0.4505287009063444 0.8283645655877343 0.035498489425981876 0.0706984667802385
0 0.4773413897280967 0.8300681431005111 0.04229607250755287 0.06388415672913117
0 0.5 0.965076660988075 0.0649546827794562 0.06132879045996593
