3 0.5234138972809668 0.6884441087613293 0.16314199395770393 0.18051359516616314
3 0.22205438066465258 0.6933534743202416 0.14954682779456194 0.1555891238670695
0 0.027190332326283987 0.2719033232628399 0.03625377643504532 0.0634441087613293
0 0.06797583081570997 0.31910876132930516 0.04380664652567976 0.06117824773413897
0 0.09290030211480363 0.3429003021148036 0.04078549848942598 0.045317220543806644
0 0.11442598187311179 0.3549848942598187 0.0324773413897281 0.055891238670694864
0 0.11933534743202417 0.3549848942598187 0.027190332326283987 0.0649546827794562
0 0.131797583081571 0.3776435045317221 0.027945619335347432 0.060422960725075525
0 0.1555891238670695 0.3942598187311178 0.0377643504531722 0.06797583081570997
0 0.17447129909365558 0.41012084592145015 0.03474320241691843 0.06797583081570997
1 0.20166163141993956 0.4150302114803625 0.03474320241691843 0.07930513595166164
1 0.047960725075528704 0.3021148036253776 0.04607250755287009 0.06646525679758308
0 0.22469788519637462 0.4335347432024169 0.027945619335347432 0.0649546827794562
0 0.27303625377643503 0.4735649546827795 0.03851963746223565 0.0649546827794562
0 0.2919184290030212 0.48867069486404835 0.030966767371601207 0.07401812688821752
0 0.30513595166163143 0.5075528700906344 0.03323262839879154 0.054380664652567974
0 0.32137462235649544 0.513595166163142 0.02945619335347432 0.06646525679758308
0 0.34441087613293053 0.5283232628398792 0.03625377643504532 0.06268882175226587
0 0.36895770392749244 0.5415407854984894 0.04003021148036254 0.0649546827794562
0 0.38444108761329304 0.5574018126888217 0.028700906344410877 0.05740181268882175
0 0.40558912386706947 0.5793051359516617 0.04380664652567976 0.05740181268882175
1 0.24735649546827795 0.4550604229607251 0.04003021148036254 0.06570996978851963
0 0.01472809667673716 0.5347432024169184 0.030966767371601207 0.06646525679758308
0 0.024924471299093656 0.5641993957703928 0.03474320241691843 0.052870090634441085
0 0.05022658610271903 0.5589123867069486 0.04305135951661632 0.06948640483383686
0 0.07061933534743202 0.5789274924471299 0.0324773413897281 0.0445619335347432
0 0.08950151057401813 0.5932779456193353 0.04154078549848943 0.05513595166163142
0 0.11895770392749244 0.6200906344410876 0.07779456193353475 0.03323262839879154
0 0.12877643504531722 0.6397280966767371 0.05664652567975831 0.04078549848942598
1 0.2990936555891239 0.7685045317220544 0.045317220543806644 0.06873111782477341
0 0.3270392749244713 0.7836102719033232 0.03625377643504532 0.06570996978851963
0 0.3368580060422961 0.7911631419939577 0.03474320241691843 0.05513595166163142
0 0.35536253776435045 0.8096676737160121 0.035498489425981876 0.04984894259818731
0 0.37462235649546827 0.8304380664652568 0.045317220543806644 0.05513595166163142
0 0.39992447129909364 0.8432779456193353 0.04003021148036254 0.06722054380664652
0 0.41842900302114805 0.8621601208459214 0.03323262839879154 0.06268882175226587
0 0.44297583081570996 0.8795317220543807 0.030966767371601207 0.06117824773413897
1 0.47205438066465255 0.9033232628398792 0.03323262839879154 0.07250755287009064
0 0.5007552870090635 0.8942598187311178 0.055891238670694864 0.03625377643504532
0 0.6121601208459214 0.7594410876132931 0.03700906344410876 0.07326283987915408
0 0.6427492447129909 0.7734138972809668 0.03625377643504532 0.0649546827794562
0 0.6959969788519638 0.8040030211480362 0.02945619335347432 0.06419939577039276
1 0.6744712990936556 0.7911631419939577 0.027190332326283987 0.06873111782477341
1 0.502643504531722 0.9191842900302115 0.05060422960725076 0.04984894259818731
1 0.7367824773413897 0.8270392749244713 0.03851963746223565 0.08006042296072508
1 0.8731117824773413 0.9244712990936556 0.03172205438066465 0.07854984894259819
0 0.752643504531722 0.8406344410876133 0.04909365558912387 0.07401812688821752
0 0.777190332326284 0.8602719033232629 0.030211480362537763 0.0634441087613293
0 0.7956948640483383 0.8727341389728097 0.03851963746223565 0.06570996978851963
0 0.824773413897281 0.8901057401812689 0.03474320241691843 0.06268882175226587
0 0.8402567975830816 0.9116314199395771 0.04003021148036254 0.052870090634441085
0 0.8882175226586103 0.9403323262839879 0.03323262839879154 0.0634441087613293
0 0.9203172205438066 0.9584592145015106 0.033987915407854986 0.0649546827794562
0 0.9414652567975831 0.9663897280966768 0.0324773413897281 0.06268882175226587
3 0.6098942598187311 0.952416918429003 0.17900302114803626 0.09214501510574018
