1 0.5694864048338368 0.06643952299829642 0.03323262839879154 0.10562180579216354
1 0.6061178247734139 0.08049403747870529 0.03851963746223565 0.075809199318569
1 0.6272658610271903 0.09923339011925043 0.026435045317220542 0.075809199318569
1 0.6442598187311178 0.10945485519591142 0.022658610271903322 0.075809199318569
1 0.6748489425981873 0.1358603066439523 0.017371601208459216 0.07751277683134583
0 0.17560422960725075 0.05366269165247019 0.035498489425981876 0.07325383304940375
0 0.2020392749244713 0.065587734241908 0.033987915407854986 0.06132879045996593
0 0.2194108761329305 0.0809199318568995 0.030966767371601207 0.06984667802385008
0 0.270392749244713 0.12947189097103917 0.02416918429003021 0.06814310051107325
0 0.338368580060423 0.15843270868824533 0.02416918429003021 0.06814310051107325
0 0.15672205438066467 0.05110732538330494 0.027945619335347432 0.06984667802385008
0 0.36027190332326287 0.17802385008517888 0.03474320241691843 0.06643952299829642
1 0.30702416918429004 0.13926746166950596 0.03700906344410876 0.06729131175468483
1 0.3802870090634441 0.19378194207836458 0.033987915407854986 0.07410562180579217
0 0.4195619335347432 0.23551959114139695 0.04154078549848943 0.06899488926746167
0 0.4573262839879154 0.2666098807495741 0.03851963746223565 0.06303236797274277
0 0.4663897280966767 0.2836456558773424 0.05664652567975831 0.04258943781942078
0 0.479607250755287 0.3206984667802385 0.04078549848942598 0.06388415672913117
0 0.502643504531722 0.3309199318568995 0.02945619335347432 0.06047700170357751
0 0.523036253776435 0.358603066439523 0.06570996978851963 0.04770017035775128
0 0.5415407854984894 0.38798977853492334 0.060422960725075525 0.028109028960817718
0 0.5453172205438066 0.4135434412265758 0.05891238670694864 0.026405451448040886
0 0.5615558912386707 0.4395229982964225 0.06117824773413897 0.02555366269165247
0 0.5653323262839879 0.4701873935264055 0.05966767371601209 0.027257240204429302
0 0.5902567975830816 0.4957410562180579 0.05966767371601209 0.027257240204429302
0 0.5895015105740181 0.5110732538330494 0.08081570996978851 0.022146507666098807
0 0.6129154078549849 0.540885860306644 0.0702416918429003 0.020442930153321978
0 0.6178247734138973 0.5596252129471891 0.061933534743202415 0.022146507666098807
0 0.6234894259818731 0.5873083475298126 0.07326283987915408 0.031516183986371384
0 0.6314199395770392 0.6320272572402045 0.0755287009063444 0.034071550255536626
0 0.6457703927492447 0.6605621805792163 0.0649546827794562 0.024701873935264056
1 0.6616314199395771 0.6775979557069847 0.06646525679758308 0.0434412265758092
0 0.6676737160120846 0.7142248722316865 0.07854984894259819 0.031516183986371384
0 0.6933534743202416 0.7389267461669506 0.0649546827794562 0.0434412265758092
0 0.7069486404833837 0.8194207836456558 0.060422960725075525 0.034071550255536626
0 0.7179003021148036 0.8419931856899489 0.06722054380664652 0.03321976149914821
0 0.7375377643504532 0.8726575809199318 0.07326283987915408 0.036626916524701875
1 0.7035498489425982 0.780664395229983 0.06722054380664652 0.031516183986371384
1 0.7484894259818731 0.9028960817717206 0.07250755287009064 0.040885860306643956
0 0.7556646525679759 0.9493185689948893 0.05513595166163142 0.029812606473594547
0 0.7677492447129909 0.9778534923339012 0.06722054380664652 0.034071550255536626
0 0.918429003021148 0.7840715502555367 0.04984894259818731 0.06388415672913117
0 0.9025679758308157 0.82793867120954 0.052870090634441085 0.04940374787052811
0 0.9104984894259819 0.8658432708688245 0.05513595166163142 0.05536626916524702
0 0.9180513595166163 0.901618398637138 0.05966767371601209 0.041737649063032366
0 0.9290030211480362 0.9386712095400341 0.0649546827794562 0.044293015332197615
0 0.9671450151057401 0.807495741056218 0.04305135951661632 0.07836456558773425
0 0.49244712990936557 0.059625212947189095 0.03474320241691843 0.06132879045996593
0 0.5083081570996979 0.0809199318568995 0.0513595166163142 0.04770017035775128
0 0.4342900302114804 0.026405451448040886 0.04078549848942598 0.034071550255536626
0 0.4569486404833837 0.0379045996592845 0.03172205438066465 0.051959114139693355
0 0.5415407854984894 0.034497444633730834 0.028700906344410877 0.048551959114139696
0 0.5324773413897281 0.08858603066439523 0.030211480362537763 0.054514480408858604
0 0.551737160120846 0.10562180579216354 0.03700906344410876 0.04770017035775128
0 0.5702416918429003 0.11882453151618398 0.04229607250755287 0.029812606473594547
0 0.5891238670694864 0.13969335604770017 0.04833836858006042 0.03577512776831346
0 0.6136706948640483 0.15843270868824533 0.0445619335347432 0.039182282793867124
0 0.650679758308157 0.18143100511073254 0.024924471299093656 0.05281090289608177
0 0.6756042296072508 0.19633730834752983 0.04154078549848943 0.0434412265758092
0 0.6978851963746223 0.20570698466780238 0.04833836858006042 0.041737649063032366
0 0.6948640483383686 0.14948892674616696 0.028700906344410877 0.06047700170357751
0 0.716012084592145 0.16013628620102216 0.02416918429003021 0.059625212947189095
0 0.7337613293051359 0.17504258943781942 0.024924471299093656 0.05025553662691652
1 0.7250755287009063 0.21848381601362862 0.027190332326283987 0.05706984667802385
1 0.7522658610271903 0.19335604770017037 0.01661631419939577 0.06303236797274277
0 0.7832326283987915 0.2120954003407155 0.03927492447129909 0.05792163543441227
0 0.7503776435045317 0.2551107325383305 0.027945619335347432 0.06388415672913117
0 0.7617069486404834 0.2674616695059625 0.02945619335347432 0.07155025553662692
0 0.790785498489426 0.23126064735945487 0.022658610271903322 0.05706984667802385
0 0.8160876132930514 0.2333901192504259 0.033987915407854986 0.06303236797274277
0 0.800226586102719 0.3096252129471891 0.05664652567975831 0.03833049403747871
0 0.8198640483383686 0.32793867120954 0.030966767371601207 0.06132879045996593
1 0.827416918429003 0.2614991482112436 0.027945619335347432 0.059625212947189095
1 0.8523413897280967 0.27299829642248724 0.027945619335347432 0.058773424190800685
0 0.8470543806646526 0.32751277683134583 0.033987915407854986 0.05536626916524702
0 0.8598942598187311 0.34965928449744466 0.035498489425981876 0.06729131175468483
0 0.8768882175226587 0.3743611584327087 0.02416918429003021 0.06047700170357751
0 0.8957703927492447 0.3730834752981261 0.027190332326283987 0.06643952299829642
0 0.8753776435045317 0.282793867120954 0.02416918429003021 0.056218057921635436
0 0.888595166163142 0.29557069846678025 0.026435045317220542 0.05281090289608177
1 0.9142749244712991 0.30195911413969334 0.0324773413897281 0.065587734241908
0 0.9206948640483383 0.3202725724020443 0.022658610271903322 0.054514480408858604
0 0.9361782477341389 0.32964224872231684 0.033987915407854986 0.05792163543441227
0 0.9138972809667674 0.39480408858603067 0.030211480362537763 0.05706984667802385
0 0.9135196374622356 0.42546848381601365 0.035498489425981876 0.05366269165247019
0 0.9614803625377644 0.4178023850085179 0.030211480362537763 0.058773424190800685
0 0.974320241691843 0.4331345826235094 0.03172205438066465 0.06388415672913117
0 0.9762084592145015 0.3645655877342419 0.027945619335347432 0.06132879045996593
0 0.9886706948640483 0.3692504258943782 0.01812688821752266 0.058773424190800685
