3 0.039182282793867124 0.3164395229982964 0.07666098807495741 0.18654173764906304
3 0.10051107325383304 0.2657580919931857 0.10902896081771721 0.1737649063032368
3 0.17504258943781942 0.2061328790459966 0.08773424190800681 0.12776831345826234
3 0.3100511073253833 0.12521294718909712 0.12095400340715502 0.17717206132879046
3 0.12734241908006813 0.6622657580919932 0.11499148211243612 0.1746166950596252
3 0.26192504258943783 0.5732538330494038 0.11669505962521295 0.18568994889267462
3 0.41396933560477 0.4791311754684838 0.11754684838160137 0.1695059625212947
3 0.57793867120954 0.39821124361158433 0.1354344122657581 0.18654173764906304
3 0.8428449744463373 0.26277683134582625 0.1354344122657581 0.17802385008517888
3 0.42035775127768316 0.08347529812606473 0.12691652470187395 0.1567291311754685
