2 0.024924471299093656 0.8991691842900302 0.04229607250755287 0.0324773413897281
1 0.19410876132930513 0.8089123867069486 0.05891238670694864 0.03927492447129909
1 0.20166163141993956 0.8251510574018127 0.0513595166163142 0.0324773413897281
1 0.2103474320241692 0.8512084592145015 0.05513595166163142 0.030211480362537763
1 0.24244712990936557 0.9422205438066465 0.0634441087613293 0.030966767371601207
1 0.23376132930513596 0.9195619335347432 0.05664652567975831 0.026435045317220542
0 0.2262084592145015 0.881797583081571 0.05966767371601209 0.024924471299093656
1 0.2326283987915408 0.8984138972809668 0.06646525679758308 0.02039274924471299
0 0.24924471299093656 0.9694108761329305 0.06797583081570997 0.0188821752265861
0 0.2669939577039275 0.986404833836858 0.05966767371601209 0.022658610271903322
