1 0.4259818731117825 0.6518126888217523 0.06646525679758308 0.052870090634441085
1 0.4916918429003021 0.7779456193353474 0.05740181268882175 0.0770392749244713
1 0.4962235649546828 0.7284743202416919 0.07099697885196375 0.05513595166163142
1 0.5143504531722054 0.7601963746223565 0.05891238670694864 0.07175226586102719
1 0.6030966767371602 0.975453172205438 0.09290030211480363 0.0445619335347432
0 0.801737160120846 0.8277945619335347 0.04758308157099698 0.06646525679758308
0 0.8413897280966768 0.8130664652567976 0.04229607250755287 0.06722054380664652
0 0.8753776435045317 0.8066465256797583 0.03172205438066465 0.05891238670694864
0 0.8969033232628398 0.7926737160120846 0.04154078549848943 0.07477341389728097
0 0.9180513595166163 0.7802114803625377 0.04607250755287009 0.0770392749244713
0 0.9554380664652568 0.7628398791540786 0.055891238670694864 0.0634441087613293
0 0.709214501510574 0.6378398791540786 0.045317220543806644 0.06570996978851963
0 0.7435800604229608 0.6117824773413897 0.04154078549848943 0.05891238670694864
0 0.775679758308157 0.6129154078549849 0.03927492447129909 0.07175226586102719
1 0.18051359516616314 0.1197129909365559 0.07854984894259819 0.04909365558912387
0 0.831570996978852 0.595166163141994 0.03927492447129909 0.0755287009063444
1 0.8591389728096677 0.5932779456193353 0.04003021148036254 0.0702416918429003
0 0.8704682779456193 0.5687311178247734 0.04003021148036254 0.055891238670694864
0 0.9093655589123867 0.581570996978852 0.0513595166163142 0.06646525679758308
0 0.9112537764350453 0.543429003021148 0.03851963746223565 0.05211480362537765
1 0.7337613293051359 0.10913897280966767 0.03851963746223565 0.05664652567975831
0 0.5109516616314199 0.1691842900302115 0.04003021148036254 0.055891238670694864
0 0.5381419939577039 0.18089123867069487 0.027945619335347432 0.05060422960725076
0 0.540785498489426 0.2673716012084592 0.0377643504531722 0.0634441087613293
0 0.5785498489425982 0.2711480362537764 0.03625377643504532 0.061933534743202415
0 0.6061178247734139 0.2858761329305136 0.035498489425981876 0.06117824773413897
0 0.6261329305135952 0.27492447129909364 0.04833836858006042 0.06646525679758308
0 0.6650302114803626 0.2617069486404834 0.02945619335347432 0.07326283987915408
1 0.6899546827794562 0.2545317220543807 0.035498489425981876 0.07401812688821752
0 0.7107250755287009 0.2450906344410876 0.04229607250755287 0.05362537764350453
1 0.7590634441087614 0.2598187311178248 0.04380664652567976 0.0891238670694864
0 0.800226586102719 0.2628398791540785 0.04003021148036254 0.07099697885196375
0 0.5740181268882175 0.19070996978851965 0.03927492447129909 0.06117824773413897
0 0.6117824773413897 0.1695619335347432 0.04984894259818731 0.05664652567975831
0 0.6499244712990937 0.1559667673716012 0.0445619335347432 0.05966767371601209
0 0.6910876132930514 0.1438821752265861 0.04833836858006042 0.0702416918429003
