2 0.8202725724020443 0.5157580919931857 0.04258943781942078 0.036626916524701875
2 0.817717206132879 0.46890971039182283 0.04599659284497445 0.04003407155025554
0 0.7917376490630323 0.3624361158432709 0.04514480408858603 0.058773424190800685
1 0.7099659284497445 0.34965928449744466 0.03321976149914821 0.06388415672913117
0 0.6856899488926746 0.34497444633730834 0.02555366269165247 0.056218057921635436
0 0.6575809199318569 0.34369676320272574 0.028960817717206135 0.05536626916524702
0 0.5919931856899489 0.34667802385008517 0.06643952299829642 0.04258943781942078
1 0.5949744463373083 0.3083475298126065 0.06047700170357751 0.03577512776831346
0 0.5979557069846678 0.2815161839863714 0.056218057921635436 0.051959114139693355
0 0.6047700170357752 0.24787052810902896 0.05110732538330494 0.04940374787052811
0 0.6213798977853492 0.206984667802385 0.05366269165247019 0.040885860306643956
3 0.1899488926746167 0.8696763202725725 0.10221465076660988 0.151618398637138
3 0.2606473594548552 0.6098807495741057 0.11243611584327087 0.17717206132879046
3 0.038756388415672915 0.8854344122657581 0.07921635434412266 0.17632027257240204
3 0.08901192504258944 0.6388415672913118 0.1030664395229983 0.17717206132879046
3 0.15289608177172062 0.401618398637138 0.11328790459965929 0.1797274275979557
3 0.08475298126064736 0.28321976149914824 0.14735945485519591 0.1354344122657581
3 0.056643952299829645 0.1367120954003407 0.11158432708688246 0.15417376490630325
