3 0.4074773413897281 0.22589531680440772 0.17598187311178248 0.2892561983471075
3 0.8629154078549849 0.7623966942148761 0.15332326283987915 0.2603305785123967
0 0.2212990936555891 0.05234159779614325 0.04078549848942598 0.1046831955922865
0 0.13746223564954682 0.05922865013774105 0.0513595166163142 0.08539944903581267
0 0.12122356495468278 0.09573002754820936 0.04758308157099698 0.08402203856749312
0 0.10876132930513595 0.1184573002754821 0.0513595166163142 0.07162534435261708
0 0.09592145015105741 0.16115702479338845 0.045317220543806644 0.07162534435261708
0 0.08308157099697885 0.19421487603305787 0.04833836858006042 0.0743801652892562
0 0.05853474320241692 0.2396694214876033 0.05362537764350453 0.07713498622589532
0 0.04154078549848943 0.2568870523415978 0.060422960725075525 0.0674931129476584
0 0.027190332326283987 0.2768595041322314 0.0513595166163142 0.07988980716253444
1 0.14992447129909364 0.05165289256198347 0.05362537764350453 0.09779614325068871
1 0.18806646525679757 0.05922865013774105 0.045317220543806644 0.11019283746556474
