3 0.5196374622356495 0.4028960817717206 0.18882175226586104 0.141396933560477
0 0.6812688821752266 0.4408006814310051 0.060422960725075525 0.028109028960817718
0 0.6914652567975831 0.45826235093696766 0.0581570996978852 0.027257240204429302
0 0.7983383685800605 0.48083475298126066 0.05740181268882175 0.041737649063032366
0 0.802870090634441 0.5046848381601363 0.06797583081570997 0.03321976149914821
0 0.8251510574018127 0.5276831345826235 0.07628398791540786 0.028109028960817718
0 0.7103474320241692 0.4957410562180579 0.06419939577039276 0.03747870528109029
0 0.7126132930513596 0.520442930153322 0.0581570996978852 0.03577512776831346
0 0.7273413897280967 0.5545144804088586 0.05891238670694864 0.034071550255536626
0 0.7405589123867069 0.5728279386712095 0.05966767371601209 0.03321976149914821
0 0.8387462235649547 0.5638841567291312 0.07326283987915408 0.028960817717206135
0 0.8432779456193353 0.5932708688245315 0.0702416918429003 0.03833049403747871
0 0.8632930513595166 0.6111584327086883 0.0634441087613293 0.04003407155025554
0 0.8704682779456193 0.6243611584327087 0.06117824773413897 0.03747870528109029
0 0.8768882175226587 0.6456558773424191 0.06948640483383686 0.03577512776831346
0 0.747356495468278 0.5992333901192505 0.05362537764350453 0.03492333901192504
0 0.754154078549849 0.6226575809199318 0.07628398791540786 0.030664395229982964
0 0.7707703927492447 0.6545996592844975 0.06419939577039276 0.03321976149914821
0 0.7836102719033232 0.682282793867121 0.05966767371601209 0.040885860306643956
0 0.8032477341389728 0.6980408858603067 0.06117824773413897 0.031516183986371384
1 0.7956948640483383 0.725298126064736 0.06419939577039276 0.04003407155025554
1 0.8047583081570997 0.7393526405451448 0.0581570996978852 0.044293015332197615
0 0.8100453172205438 0.7576660988074958 0.06268882175226587 0.028109028960817718
0 0.8153323262839879 0.7798126064735945 0.06419939577039276 0.03492333901192504
1 0.830060422960725 0.8181431005110733 0.0634441087613293 0.048551959114139696
0 0.841012084592145 0.8304940374787053 0.06570996978851963 0.034071550255536626
1 0.847809667673716 0.8611584327086883 0.06268882175226587 0.04940374787052811
0 0.8568731117824774 0.8922487223168655 0.06873111782477341 0.046848381601362864
0 0.8704682779456193 0.9114139693356048 0.06722054380664652 0.039182282793867124
0 0.8772658610271903 0.9386712095400341 0.06570996978851963 0.03577512776831346
0 0.8935045317220544 0.9625212947189097 0.05891238670694864 0.04770017035775128
0 0.9131419939577039 0.965076660988075 0.04833836858006042 0.040885860306643956
0 0.8874622356495468 0.6733390119250426 0.055891238670694864 0.0434412265758092
0 0.9010574018126888 0.6827086882453152 0.054380664652567974 0.05025553662691652
0 0.902190332326284 0.696763202725724 0.06570996978851963 0.040885860306643956
0 0.9188066465256798 0.7176320272572402 0.06722054380664652 0.05025553662691652
0 0.9305135951661632 0.7632027257240205 0.06797583081570997 0.040885860306643956
0 0.94297583081571 0.7823679727427598 0.06570996978851963 0.03833049403747871
0 0.9444864048338368 0.8079216354344123 0.07477341389728097 0.04003407155025554
0 0.9505287009063444 0.8292163543441227 0.07628398791540786 0.036626916524701875
