0 0.8820272572402045 0.9814954682779456 0.058773424190800685 0.033987915407854986
0 0.9207836456558773 0.9852719033232629 0.03236797274275979 0.024924471299093656
0 0.8786201022146508 0.8727341389728097 0.058773424190800685 0.04305135951661632
0 0.8739352640545145 0.8413897280966768 0.06132879045996593 0.03474320241691843
0 0.8539182282793867 0.8040030211480362 0.05706984667802385 0.03851963746223565
2 0.8313458262350937 0.6102719033232629 0.04770017035775128 0.027190332326283987
2 0.7734241908006815 0.6117824773413897 0.06132879045996593 0.0256797583081571
2 0.9305792163543442 0.24206948640483383 0.03833049403747871 0.026435045317220542
0 0.9390971039182283 0.2416918429003021 0.03492333901192504 0.05740181268882175
0 0.8496592844974447 0.08761329305135952 0.06729131175468483 0.02416918429003021
0 0.8496592844974447 0.07288519637462236 0.0706984667802385 0.0188821752265861
0 0.8496592844974447 0.06080060422960725 0.07410562180579217 0.011329305135951661
0 0.8458262350936968 0.04871601208459214 0.06814310051107325 0.009818731117824773
0 0.8424190800681431 0.03851963746223565 0.06643952299829642 0.00906344410876133
0 0.8390119250425895 0.028323262839879154 0.06814310051107325 0.01283987915407855
2 0.838160136286201 0.012462235649546828 0.03577512776831346 0.015861027190332326
