3 0.6170694864048338 0.39118457300275483 0.09667673716012085 0.2727272727272727
1 0.20996978851963746 0.4690082644628099 0.060422960725075525 0.10606060606060606
1 0.18580060422960726 0.32575757575757575 0.060422960725075525 0.09228650137741047
0 0.1695619335347432 0.25619834710743805 0.05362537764350453 0.0743801652892562
0 0.1623867069486405 0.1893939393939394 0.04380664652567976 0.08953168044077135
1 0.14841389728096677 0.1556473829201102 0.04305135951661632 0.06887052341597796
0 0.1404833836858006 0.10812672176308541 0.055891238670694864 0.07575757575757576
0 0.9633685800604229 0.5158402203856749 0.0445619335347432 0.04269972451790634
0 0.6661631419939577 0.6053719008264463 0.022658610271903322 0.08677685950413223
0 0.6888217522658611 0.575068870523416 0.022658610271903322 0.08953168044077135
0 0.7133685800604229 0.5571625344352618 0.02190332326283988 0.07024793388429752
0 0.7284743202416919 0.5495867768595042 0.02190332326283988 0.0881542699724518
0 0.7379154078549849 0.534435261707989 0.01812688821752266 0.07162534435261708
0 0.7515105740181269 0.5213498622589532 0.019637462235649546 0.07575757575757576
0 0.770392749244713 0.49586776859504134 0.019637462235649546 0.08264462809917356
0 0.7885196374622356 0.4800275482093664 0.027190332326283987 0.07851239669421488
0 0.80702416918429 0.45179063360881544 0.02039274924471299 0.08264462809917356
1 0.8236404833836858 0.45041322314049587 0.024924471299093656 0.07162534435261708
0 0.926737160120846 0.30509641873278237 0.022658610271903322 0.08677685950413223
1 0.9448640483383686 0.2830578512396694 0.02416918429003021 0.08953168044077135
0 0.9720543806646526 0.2603305785123967 0.0256797583081571 0.09090909090909091
0 0.9901812688821753 0.25413223140495866 0.015105740181268881 0.08402203856749312
0 0.8878398791540786 0.37672176308539945 0.02039274924471299 0.08402203856749312
0 0.9070996978851964 0.32300275482093666 0.022658610271903322 0.07300275482093664
0 0.9822507552870091 0.47658402203856753 0.024924471299093656 0.05234159779614325
1 0.39161631419939574 0.9717630853994491 0.05513595166163142 0.04269972451790634
0 0.381797583081571 0.9414600550964187 0.04909365558912387 0.045454545454545456
0 0.3734894259818731 0.8898071625344353 0.04607250755287009 0.05509641873278237
1 0.35989425981873113 0.8257575757575758 0.05362537764350453 0.06198347107438017
0 0.35083081570996977 0.7892561983471075 0.04909365558912387 0.046831955922865015
1 0.3538519637462236 0.7444903581267218 0.04909365558912387 0.07575757575757576
1 0.3459214501510574 0.7162534435261708 0.04833836858006042 0.05509641873278237
0 0.33270392749244715 0.6852617079889808 0.05211480362537765 0.06473829201101929
1 0.3259063444108761 0.6425619834710744 0.04607250755287009 0.06198347107438017
1 0.3236404833836858 0.6129476584022039 0.04154078549848943 0.06336088154269973
1 0.30777945619335345 0.5964187327823691 0.05060422960725076 0.046831955922865015
0 0.30551359516616317 0.550275482093664 0.05060422960725076 0.045454545454545456
0 0.3183534743202417 0.5213498622589532 0.04909365558912387 0.03443526170798898
0 0.23564954682779457 0.05578512396694215 0.054380664652567974 0.06473829201101929
0 0.24018126888217523 0.11570247933884298 0.04380664652567976 0.04132231404958678
0 0.24055891238670696 0.0881542699724518 0.04003021148036254 0.046831955922865015
0 0.2481117824773414 0.14256198347107438 0.05060422960725076 0.05096418732782369
0 0.24358006042296074 0.18112947658402204 0.04607250755287009 0.045454545454545456
1 0.25075528700906347 0.1997245179063361 0.045317220543806644 0.0440771349862259
0 0.26435045317220546 0.24449035812672176 0.045317220543806644 0.06198347107438017
0 0.2753021148036254 0.2747933884297521 0.04003021148036254 0.06198347107438017
0 0.2802114803625378 0.3009641873278237 0.04682779456193353 0.05922865013774105
0 0.283987915407855 0.3753443526170799 0.0513595166163142 0.0371900826446281
0 0.29229607250755285 0.34435261707988984 0.04229607250755287 0.0440771349862259
0 0.3021148036253776 0.42768595041322316 0.052870090634441085 0.06473829201101929
0 0.3047583081570997 0.4634986225895317 0.0581570996978852 0.05371900826446281
