0 0.4263595166163142 0.2913223140495868 0.05211480362537765 0.081267217630854
0 0.4626132930513595 0.3119834710743802 0.02039274924471299 0.10606060606060606
0 0.4807401812688822 0.3581267217630854 0.023413897280966767 0.0881542699724518
0 0.49773413897280966 0.39118457300275483 0.019637462235649546 0.09917355371900827
0 0.5139728096676737 0.45041322314049587 0.04305135951661632 0.10192837465564739
0 0.5479607250755287 0.4772727272727273 0.05362537764350453 0.07300275482093664
0 0.5600453172205438 0.6460055096418733 0.04607250755287009 0.08539944903581267
0 0.5694864048338368 0.699724517906336 0.04833836858006042 0.07162534435261708
0 0.591012084592145 0.7555096418732783 0.0445619335347432 0.07300275482093664
1 0.1748489425981873 0.08264462809917356 0.04305135951661632 0.1046831955922865
0 0.21601208459214502 0.10606060606060606 0.027190332326283987 0.08264462809917356
1 0.21450151057401812 0.0371900826446281 0.04682779456193353 0.0743801652892562
1 0.13028700906344412 0.10537190082644629 0.04003021148036254 0.10330578512396695
0 0.10536253776435045 0.12947658402203857 0.023413897280966767 0.08539944903581267
0 0.08496978851963746 0.15082644628099173 0.02945619335347432 0.09779614325068871
1 0.05626888217522659 0.13085399449035812 0.026435045317220542 0.11019283746556474
1 0.04418429003021148 0.1522038567493113 0.04305135951661632 0.10330578512396695
0 0.02190332326283988 0.13705234159779614 0.0256797583081571 0.09504132231404959
1 0.017371601208459216 0.5075757575757576 0.028700906344410877 0.1115702479338843
1 0.04833836858006042 0.5433884297520661 0.02416918429003021 0.10881542699724518
0 0.06722054380664652 0.5633608815426997 0.019637462235649546 0.11019283746556474
0 0.09403323262839879 0.5509641873278237 0.033987915407854986 0.10743801652892562
0 0.11518126888217523 0.6088154269972452 0.033987915407854986 0.10192837465564739
0 0.14803625377643503 0.6294765840220385 0.030211480362537763 0.09917355371900827
0 0.16578549848942598 0.6446280991735538 0.0324773413897281 0.09090909090909091
0 0.18126888217522658 0.6818181818181819 0.055891238670694864 0.07713498622589532
0 0.36895770392749244 0.9648760330578513 0.05513595166163142 0.0371900826446281
0 0.3455438066465257 0.9476584022038568 0.05513595166163142 0.03581267217630854
0 0.3368580060422961 0.912534435261708 0.055891238670694864 0.045454545454545456
0 0.3304380664652568 0.8677685950413223 0.03851963746223565 0.05509641873278237
0 0.30513595166163143 0.8264462809917356 0.030211480362537763 0.1046831955922865
0 0.28172205438066467 0.8147382920110193 0.022658610271903322 0.1115702479338843
0 0.26246223564954685 0.7988980716253444 0.02039274924471299 0.09641873278236915
0 0.2398036253776435 0.759641873278237 0.04607250755287009 0.081267217630854
1 0.22205438066465258 0.7327823691460056 0.04229607250755287 0.09090909090909091
1 0.21638972809667673 0.696969696969697 0.04154078549848943 0.08264462809917356
0 0.1555891238670695 0.09917355371900827 0.03323262839879154 0.09641873278236915
