0 0.2783232628398791 0.7627768313458263 0.0324773413897281 0.06047700170357751
0 0.3092900302114804 0.7512776831345827 0.03700906344410876 0.06984667802385008
0 0.32137462235649544 0.7423339011925043 0.04154078549848943 0.06047700170357751
0 0.32326283987915405 0.7257240204429302 0.03172205438066465 0.056218057921635436
0 0.3391238670694864 0.7367972742759795 0.030211480362537763 0.06473594548551959
0 0.3632930513595166 0.7299829642248722 0.03927492447129909 0.07155025553662692
0 0.3768882175226586 0.7291311754684838 0.03172205438066465 0.059625212947189095
0 0.3859516616314199 0.7176320272572402 0.03474320241691843 0.05706984667802385
0 0.388595166163142 0.690374787052811 0.0324773413897281 0.04514480408858603
0 0.4169184290030212 0.7159284497444633 0.0377643504531722 0.05536626916524702
0 0.43731117824773413 0.7065587734241908 0.03625377643504532 0.05536626916524702
0 0.45770392749244715 0.7022998296422487 0.0377643504531722 0.05025553662691652
0 0.472809667673716 0.6963373083475298 0.04380664652567976 0.05706984667802385
0 0.49055891238670696 0.6831345826235093 0.04154078549848943 0.056218057921635436
0 0.5033987915407855 0.6643952299829642 0.03700906344410876 0.06303236797274277
0 0.5845921450151057 0.641396933560477 0.03927492447129909 0.06814310051107325
0 0.5649546827794562 0.6341567291311755 0.022658610271903322 0.06388415672913117
0 0.5313444108761329 0.6448040885860307 0.04003021148036254 0.06814310051107325
0 0.6064954682779456 0.623083475298126 0.027190332326283987 0.07751277683134583
0 0.6325528700906344 0.6218057921635435 0.04607250755287009 0.06984667802385008
0 0.652190332326284 0.5996592844974447 0.02190332326283988 0.04940374787052811
0 0.6744712990936556 0.5834752981260647 0.03172205438066465 0.06303236797274277
1 0.699773413897281 0.5813458262350937 0.03851963746223565 0.05706984667802385
0 0.7280966767371602 0.5817717206132879 0.03474320241691843 0.06132879045996593
0 0.7447129909365559 0.5583475298126065 0.03172205438066465 0.05706984667802385
0 0.7598187311178247 0.5566439522998297 0.028700906344410877 0.05536626916524702
0 0.7790785498489426 0.5549403747870528 0.02945619335347432 0.058773424190800685
0 0.7968277945619335 0.5570698466780238 0.03323262839879154 0.059625212947189095
0 0.8062688821752266 0.5523850085178875 0.024924471299093656 0.04514480408858603
0 0.8194864048338368 0.5400340715502555 0.03323262839879154 0.06473594548551959
0 0.8251510574018127 0.524701873935264 0.035498489425981876 0.06132879045996593
0 0.8700906344410876 0.5344974446337308 0.04682779456193353 0.058773424190800685
0 0.9003021148036254 0.5319420783645656 0.04229607250755287 0.03321976149914821
0 0.8987915407854985 0.49744463373083475 0.054380664652567974 0.04940374787052811
0 0.8987915407854985 0.454855195911414 0.03625377643504532 0.034071550255536626
0 0.8987915407854985 0.3803236797274276 0.03625377643504532 0.03492333901192504
0 0.9014350453172205 0.43568994889267465 0.04003021148036254 0.03492333901192504
0 0.4070996978851964 0.9540034071550255 0.03323262839879154 0.08347529812606473
0 0.4622356495468278 0.9535775127768313 0.03474320241691843 0.062180579216354344
0 0.43391238670694865 0.9442078364565588 0.026435045317220542 0.06899488926746167
0 0.5015105740181269 0.924190800681431 0.03172205438066465 0.07155025553662692
0 0.5192598187311178 0.9114139693356048 0.0445619335347432 0.056218057921635436
0 0.5381419939577039 0.9084327086882453 0.04003021148036254 0.07240204429301533
0 0.554380664652568 0.8901192504258943 0.03323262839879154 0.06814310051107325
0 0.5887462235649547 0.8969335604770017 0.05211480362537765 0.054514480408858604
0 0.6064954682779456 0.8803236797274276 0.03323262839879154 0.06047700170357751
0 0.6238670694864048 0.8624361158432708 0.0256797583081571 0.05536626916524702
0 0.6469033232628398 0.8649914821124361 0.026435045317220542 0.065587734241908
0 0.6737160120845922 0.8326235093696763 0.019637462235649546 0.06729131175468483
0 0.6978851963746223 0.8262350936967632 0.04229607250755287 0.054514480408858604
0 0.7152567975830816 0.8202725724020443 0.028700906344410877 0.05110732538330494
0 0.7390483383685801 0.8028109028960818 0.017371601208459216 0.058773424190800685
0 0.724320241691843 0.8087734241908007 0.027190332326283987 0.06047700170357751
0 0.8111782477341389 0.7959965928449745 0.030211480362537763 0.05366269165247019
0 0.7926737160120846 0.8006814310051107 0.023413897280966767 0.05110732538330494
0 0.7779456193353474 0.7972742759795571 0.03474320241691843 0.06303236797274277
0 0.8293051359516617 0.7717206132879046 0.028700906344410877 0.059625212947189095
0 0.8648036253776435 0.770442930153322 0.019637462235649546 0.06729131175468483
0 0.8489425981873112 0.7721465076660988 0.01812688821752266 0.062180579216354344
1 0.9116314199395771 0.7402044293015332 0.0377643504531722 0.06132879045996593
0 0.8961480362537765 0.7619250425894378 0.030966767371601207 0.07240204429301533
0 0.8829305135951662 0.7691652470187393 0.022658610271903322 0.06303236797274277
1 0.9626132930513596 0.7406303236797275 0.027945619335347432 0.048551959114139696
0 0.9414652567975831 0.7393526405451448 0.0188821752265861 0.059625212947189095
0 0.9263595166163142 0.7189097103918228 0.026435045317220542 0.056218057921635436
