0 0.5596676737160121 0.01790633608815427 0.06646525679758308 0.03581267217630854
1 0.577416918429003 0.06473829201101929 0.07175226586102719 0.0743801652892562
1 0.5895015105740181 0.19008264462809918 0.06873111782477341 0.06611570247933884
0 0.5830815709969789 0.243801652892562 0.05740181268882175 0.046831955922865015
0 0.5891238670694864 0.2871900826446281 0.052870090634441085 0.03994490358126722
1 0.601963746223565 0.3216253443526171 0.061933534743202415 0.05647382920110193
0 0.6151812688821753 0.3753443526170799 0.04909365558912387 0.05647382920110193
0 0.6257552870090635 0.41735537190082644 0.06268882175226587 0.07162534435261708
0 0.6367069486404834 0.4951790633608816 0.05740181268882175 0.0674931129476584
1 0.638595166163142 0.5413223140495868 0.05211480362537765 0.0743801652892562
0 0.6472809667673716 0.5964187327823691 0.060422960725075525 0.06336088154269973
1 0.6586102719033232 0.6411845730027549 0.055891238670694864 0.07300275482093664
1 0.6608761329305136 0.6763085399449036 0.04984894259818731 0.06887052341597796
1 0.6699395770392749 0.7134986225895317 0.060422960725075525 0.07988980716253444
0 0.676737160120846 0.7520661157024794 0.052870090634441085 0.06611570247933884
1 0.6899546827794562 0.7878787878787878 0.05664652567975831 0.06060606060606061
0 0.6873111782477341 0.8230027548209367 0.05891238670694864 0.06198347107438017
1 0.7012839879154078 0.871900826446281 0.06268882175226587 0.049586776859504134
1 0.7107250755287009 0.9173553719008265 0.061933534743202415 0.06060606060606061
1 0.7220543806646526 0.9717630853994491 0.061933534743202415 0.048209366391184574
