2 0.7265861027190332 0.6367120954003407 0.03172205438066465 0.041737649063032366
2 0.8081570996978852 0.48083475298126066 0.0256797583081571 0.031516183986371384
1 0.02756797583081571 0.8641396933560477 0.05664652567975831 0.07240204429301533
0 0.05022658610271903 0.8513628620102215 0.03700906344410876 0.058773424190800685
0 0.06759818731117825 0.8415672913117547 0.03700906344410876 0.056218057921635436
0 0.08534743202416918 0.8292163543441227 0.03625377643504532 0.065587734241908
0 0.10687311178247734 0.813458262350937 0.0324773413897281 0.059625212947189095
0 0.12311178247734139 0.7985519591141397 0.04380664652567976 0.062180579216354344
0 0.14614803625377643 0.8036626916524702 0.033987915407854986 0.06729131175468483
0 0.16805135951661632 0.7925894378194208 0.04305135951661632 0.058773424190800685
0 0.17598187311178248 0.7738500851788757 0.03927492447129909 0.05536626916524702
1 0.20166163141993956 0.7734241908006815 0.03927492447129909 0.08006814310051108
0 0.21865558912386707 0.7734241908006815 0.030966767371601207 0.06303236797274277
1 0.2398036253776435 0.7517035775127768 0.05211480362537765 0.06388415672913117
0 0.27303625377643503 0.7427597955706985 0.030966767371601207 0.05110732538330494
0 0.300226586102719 0.7257240204429302 0.030966767371601207 0.06984667802385008
1 0.31986404833836857 0.712947189097104 0.033987915407854986 0.07155025553662692
0 0.3564954682779456 0.6848381601362862 0.04380664652567976 0.04599659284497445
0 0.3704682779456193 0.7082623509369677 0.05664652567975831 0.04514480408858603
0 0.39086102719033233 0.6827086882453152 0.03851963746223565 0.05706984667802385
0 0.4108761329305136 0.6835604770017036 0.04833836858006042 0.065587734241908
0 0.43089123867069484 0.6690800681431005 0.04607250755287009 0.05536626916524702
0 0.44939577039274925 0.6656729131175468 0.04984894259818731 0.05706984667802385
0 0.4833836858006042 0.653747870528109 0.03927492447129909 0.06729131175468483
0 0.5124622356495468 0.6337308347529813 0.04305135951661632 0.059625212947189095
0 0.5336102719033232 0.6273424190800682 0.04758308157099698 0.05706984667802385
0 0.55702416918429 0.6201022146507666 0.04003021148036254 0.056218057921635436
0 0.5925226586102719 0.59412265758092 0.04758308157099698 0.058773424190800685
0 0.620845921450151 0.5979557069846678 0.04078549848942598 0.06473594548551959
0 0.6669184290030211 0.5702725724020443 0.045317220543806644 0.06047700170357751
0 0.7039274924471299 0.5800681431005111 0.04380664652567976 0.06303236797274277
1 0.7220543806646526 0.5459965928449745 0.045317220543806644 0.06132879045996593
1 0.7753021148036254 0.5315161839863713 0.05362537764350453 0.06643952299829642
0 0.802870090634441 0.5046848381601363 0.04682779456193353 0.062180579216354344
0 0.8361027190332326 0.5072402044293015 0.0377643504531722 0.06729131175468483
0 0.8610271903323263 0.4825383304940375 0.03625377643504532 0.065587734241908
0 0.8991691842900302 0.48807495741056217 0.0324773413897281 0.07155025553662692
0 0.9297583081570997 0.4659284497444634 0.045317220543806644 0.06643952299829642
1 0.9645015105740181 0.44846678023850084 0.03927492447129909 0.06899488926746167
