3 0.23829305135951662 0.18696763202725725 0.12462235649546828 0.19165247018739354
3 0.3240181268882175 0.40630323679727426 0.14803625377643503 0.21976149914821125
3 0.7235649546827795 0.8100511073253833 0.12235649546827794 0.16013628620102216
2 0.7496223564954683 0.3922487223168654 0.033987915407854986 0.04514480408858603
0 0.7496223564954683 0.39693356047700173 0.07930513595166164 0.06643952299829642
0 0.29154078549848944 0.5949744463373083 0.05740181268882175 0.07921635434412266
0 0.2571752265861027 0.6307495741056218 0.04003021148036254 0.062180579216354344
0 0.22922960725075528 0.6503407155025553 0.04003021148036254 0.06899488926746167
0 0.17900302114803626 0.6712095400340715 0.04078549848942598 0.06984667802385008
0 0.14274924471299094 0.6886712095400341 0.04380664652567976 0.065587734241908
0 0.12273413897280967 0.7010221465076661 0.04305135951661632 0.06132879045996593
0 0.09705438066465256 0.7099659284497445 0.04154078549848943 0.065587734241908
0 0.07628398791540786 0.7363713798977853 0.04380664652567976 0.065587734241908
