2 0.31218057921635434 0.5668654173764907 0.06047700170357751 0.05025553662691652
2 0.36201022146507666 0.5281090289608177 0.054514480408858604 0.04599659284497445
2 0.6120102214650767 0.7674616695059625 0.05536626916524702 0.039182282793867124
0 0.6545996592844975 0.9633730834752982 0.05025553662691652 0.06132879045996593
0 0.6375638841567292 0.9723168654173765 0.036626916524701875 0.048551959114139696
0 0.6183986371379898 0.9799829642248723 0.027257240204429302 0.03321976149914821
0 0.729557069846678 0.946763202725724 0.05706984667802385 0.0434412265758092
0 0.7606473594548552 0.9390971039182283 0.04599659284497445 0.05706984667802385
0 0.7670357751277683 0.9033219761499148 0.04514480408858603 0.048551959114139696
0 0.8739352640545145 0.9493185689948893 0.07325383304940375 0.024701873935264056
1 0.8786201022146508 0.977427597955707 0.075809199318569 0.024701873935264056
0 0.8049403747870528 0.9561328790459966 0.05110732538330494 0.04003407155025554
0 0.8147359454855196 0.9250425894378195 0.05366269165247019 0.02555366269165247
0 0.8628620102214651 0.9258943781942078 0.06643952299829642 0.030664395229982964
0 0.9233390119250426 0.936541737649063 0.05792163543441227 0.048551959114139696
1 0.7955706984667803 0.8824531516183987 0.054514480408858604 0.05281090289608177
0 0.8109028960817717 0.8773424190800682 0.04599659284497445 0.05792163543441227
0 0.8628620102214651 0.8931005110732538 0.06984667802385008 0.029812606473594547
0 0.934412265758092 0.8884156729131175 0.09028960817717206 0.028960817717206135
0 0.8385860306643952 0.8471039182282794 0.048551959114139696 0.06388415672913117
0 0.9182282793867121 0.846252129471891 0.06984667802385008 0.041737649063032366
0 0.8824531516183987 0.8407155025553663 0.06643952299829642 0.039182282793867124
0 0.7610732538330495 0.9846678023850085 0.07751277683134583 0.02555366269165247
0 0.9684838160136287 0.8539182282793867 0.056218057921635436 0.031516183986371384
0 0.9667802385008518 0.926320272572402 0.06132879045996593 0.02129471890971039
1 0.8948040885860307 0.815587734241908 0.05706984667802385 0.026405451448040886
0 0.9327086882453152 0.8198466780238501 0.04940374787052811 0.031516183986371384
0 0.9399488926746167 0.7998296422487223 0.05706984667802385 0.03236797274275979
0 0.9586882453151618 0.798977853492334 0.05536626916524702 0.03747870528109029
0 0.952725724020443 0.7862010221465077 0.05536626916524702 0.03236797274275979
0 0.9735945485519591 0.7666098807495741 0.04770017035775128 0.027257240204429302
0 0.9667802385008518 0.5566439522998297 0.05792163543441227 0.026405451448040886
0 0.973168654173765 0.5817717206132879 0.04514480408858603 0.04599659284497445
0 0.9505962521294719 0.5110732538330494 0.07495741056218058 0.034071550255536626
0 0.965076660988075 0.5238500851788757 0.05792163543441227 0.04599659284497445
0 0.9433560477001703 0.4838160136286201 0.06388415672913117 0.03236797274275979
0 0.9280238500851788 0.45954003407155025 0.065587734241908 0.026405451448040886
0 0.9173764906303237 0.43781942078364566 0.06643952299829642 0.022146507666098807
0 0.9063032367972743 0.41652470187393525 0.06643952299829642 0.027257240204429302
0 0.8862862010221465 0.3530664395229983 0.0706984667802385 0.04003407155025554
0 0.9024701873935265 0.37137989778534924 0.06388415672913117 0.028960817717206135
0 0.8739352640545145 0.3266609880749574 0.059625212947189095 0.031516183986371384
0 0.870954003407155 0.31218057921635434 0.0706984667802385 0.031516183986371384
0 0.8692504258943782 0.282793867120954 0.06899488926746167 0.030664395229982964
1 0.8551959114139693 0.2542589437819421 0.06303236797274277 0.03492333901192504
1 0.8424190800681431 0.227427597955707 0.06303236797274277 0.04599659284497445
0 0.8283645655877343 0.1997444633730835 0.062180579216354344 0.03321976149914821
0 0.8304940374787053 0.18356047700170358 0.06984667802385008 0.03833049403747871
0 0.823679727427598 0.16311754684838162 0.06473594548551959 0.031516183986371384
0 0.8104770017035775 0.13798977853492334 0.07240204429301533 0.034071550255536626
1 0.8015332197614992 0.11499148211243612 0.07495741056218058 0.03577512776831346
0 0.7981260647359455 0.08943781942078365 0.07836456558773425 0.02555366269165247
0 0.7913117546848382 0.06814310051107325 0.05792163543441227 0.03577512776831346
0 0.788756388415673 0.04131175468483816 0.06984667802385008 0.03492333901192504
0 0.7729982964224872 0.020868824531516183 0.06047700170357751 0.036626916524701875
