3 0.08006814310051108 0.48966942148760334 0.12606473594548553 0.2713498622589532
3 0.2670357751277683 0.4462809917355372 0.1303236797274276 0.2699724517906336
3 0.43057921635434415 0.32438016528925623 0.1303236797274276 0.2878787878787879
3 0.5323679727427598 0.2713498622589532 0.141396933560477 0.2837465564738292
3 0.6690800681431005 0.21556473829201103 0.11499148211243612 0.22176308539944906
3 0.74190800681431 0.14118457300275483 0.14480408858603067 0.2713498622589532
3 0.8287904599659285 0.12465564738292012 0.131175468483816 0.23829201101928377
3 0.08304940374787052 0.9159779614325069 0.12862010221465076 0.162534435261708
3 0.25681431005110733 0.847107438016529 0.14054514480408858 0.2396694214876033
3 0.5089437819420783 0.7658402203856749 0.15076660988074958 0.24517906336088155
