3 0.0513595166163142 0.18617824773413896 0.1027190332326284 0.18202416918429004
1 0.06873111782477341 0.9909365558912386 0.04984894259818731 0.013595166163141994
1 0.05173716012084592 0.9811178247734139 0.05060422960725076 0.030211480362537763
0 0.04607250755287009 0.9614803625377644 0.0649546827794562 0.03474320241691843
1 0.045317220543806644 0.9308912386706949 0.061933534743202415 0.0445619335347432
0 0.030589123867069485 0.904833836858006 0.05362537764350453 0.04682779456193353
1 0.02379154078549849 0.8799093655589124 0.04607250755287009 0.04984894259818731
1 0.01812688821752266 0.8583836858006042 0.03625377643504532 0.03851963746223565
1 0.015483383685800604 0.8304380664652568 0.030966767371601207 0.04003021148036254
0 0.011706948640483383 0.7979607250755287 0.024924471299093656 0.026435045317220542
