0 0.012084592145015106 0.2934412265758092 0.0256797583081571 0.024701873935264056
0 0.02152567975830816 0.34454855195911416 0.0445619335347432 0.03492333901192504
1 0.02379154078549849 0.38373083475298125 0.04607250755287009 0.0434412265758092
0 0.03700906344410876 0.4126916524701874 0.05891238670694864 0.03321976149914821
1 0.050981873111782476 0.44846678023850084 0.04607250755287009 0.04514480408858603
1 0.05626888217522659 0.4727427597955707 0.04909365558912387 0.04258943781942078
1 0.06570996978851963 0.49659284497444633 0.052870090634441085 0.04770017035775128
0 0.07779456193353475 0.520442930153322 0.0513595166163142 0.044293015332197615
1 0.09403323262839879 0.5515332197614992 0.05211480362537765 0.0434412265758092
0 0.09969788519637462 0.5821976149914821 0.0634441087613293 0.029812606473594547
1 0.10913897280966767 0.6039182282793867 0.05513595166163142 0.039182282793867124
1 0.12009063444108761 0.6235093696763203 0.05891238670694864 0.039182282793867124
1 0.12877643504531722 0.6524701873935265 0.05966767371601209 0.030664395229982964
1 0.13897280966767372 0.6818568994889268 0.04984894259818731 0.046848381601362864
1 0.15030211480362538 0.7001703577512777 0.0513595166163142 0.04940374787052811
0 0.16805135951661632 0.7257240204429302 0.0702416918429003 0.05792163543441227
0 0.17409365558912387 0.7568143100511073 0.05211480362537765 0.046848381601362864
1 0.20241691842900303 0.8045144804088586 0.055891238670694864 0.04514480408858603
1 0.18768882175226587 0.8241056218057922 0.05513595166163142 0.048551959114139696
1 0.2039274924471299 0.858603066439523 0.054380664652567974 0.044293015332197615
0 0.20052870090634442 0.8854344122657581 0.05966767371601209 0.01788756388415673
1 0.2175226586102719 0.8990630323679728 0.05740181268882175 0.01788756388415673
0 0.21525679758308158 0.9203577512776832 0.055891238670694864 0.016183986371379896
0 0.22016616314199397 0.9416524701873935 0.0581570996978852 0.01788756388415673
1 0.2126132930513595 0.9642248722316865 0.06722054380664652 0.027257240204429302
0 0.22243202416918428 0.9829642248722317 0.06117824773413897 0.027257240204429302
1 0.24962235649546827 0.9927597955706985 0.05060422960725076 0.009369676320272573
0 0.43466767371601206 0.9007666098807496 0.05060422960725076 0.0434412265758092
0 0.44222054380664655 0.926320272572402 0.04909365558912387 0.03833049403747871
0 0.4516616314199396 0.9586882453151618 0.04984894259818731 0.041737649063032366
