1 0.897410358565737 0.1061178247734139 0.12151394422310757 0.04758308157099698
1 0.9113545816733067 0.12764350453172205 0.11752988047808764 0.0377643504531722
1 0.9252988047808764 0.15672205438066467 0.11752988047808764 0.035498489425981876
1 0.9332669322709163 0.19146525679758308 0.11752988047808764 0.0324773413897281
1 0.9511952191235059 0.2126132930513595 0.08964143426294821 0.030966767371601207
1 0.6075697211155379 0.8429003021148036 0.14342629482071712 0.04984894259818731
1 0.6135458167330677 0.8632930513595166 0.17131474103585656 0.04229607250755287
0 0.6733067729083665 0.9837613293051359 0.16733067729083664 0.027945619335347432
0 0.6563745019920318 0.9543051359516617 0.15338645418326693 0.0324773413897281
0 0.6225099601593626 0.9161631419939577 0.12151394422310757 0.0256797583081571
0 0.6185258964143426 0.8972809667673716 0.14143426294820716 0.021148036253776436
0 0.6404382470119522 0.9418429003021148 0.13745019920318724 0.022658610271903322
