0 0.945619335347432 0.2175226586102719 0.03323262839879154 0.054380664652567974
0 0.9120090634441088 0.2156344410876133 0.04154078549848943 0.05966767371601209
0 0.8542296072507553 0.22167673716012085 0.03625377643504532 0.05513595166163142
0 0.8032477341389728 0.22847432024169184 0.03700906344410876 0.0581570996978852
0 0.7972054380664653 0.3202416918429003 0.027945619335347432 0.05740181268882175
1 0.774546827794562 0.3175981873111782 0.035498489425981876 0.0581570996978852
1 0.9003021148036254 0.3100453172205438 0.027190332326283987 0.06117824773413897
0 0.9448640483383686 0.31986404833836857 0.027190332326283987 0.05513595166163142
1 0.9641238670694864 0.3168429003021148 0.030966767371601207 0.05513595166163142
0 0.9886706948640483 0.3236404833836858 0.015105740181268881 0.05211480362537765
1 0.7643504531722054 0.3693353474320242 0.05891238670694864 0.027190332326283987
1 0.7741691842900302 0.39463746223564955 0.055891238670694864 0.02190332326283988
0 0.7722809667673716 0.4131419939577039 0.06570996978851963 0.021148036253776436
0 0.7688821752265861 0.4312688821752266 0.052870090634441085 0.02416918429003021
0 0.6117824773413897 0.3527190332326284 0.04380664652567976 0.055891238670694864
0 0.6057401812688822 0.327416918429003 0.04078549848942598 0.04758308157099698
0 0.6219788519637462 0.3851963746223565 0.0581570996978852 0.0256797583081571
0 0.6272658610271903 0.4206948640483384 0.05513595166163142 0.030211480362537763
0 0.6246223564954683 0.45468277945619334 0.054380664652567974 0.027190332326283987
1 0.6374622356495468 0.49131419939577037 0.05740181268882175 0.0324773413897281
1 0.6450151057401813 0.5188821752265861 0.054380664652567974 0.03474320241691843
1 0.649546827794562 0.5524924471299094 0.061933534743202415 0.02945619335347432
1 0.652190332326284 0.5819486404833837 0.06268882175226587 0.03700906344410876
0 0.6446374622356495 0.6125377643504532 0.0581570996978852 0.03323262839879154
0 0.6555891238670695 0.6635196374622356 0.054380664652567974 0.026435045317220542
0 0.6680513595166163 0.7447129909365559 0.05513595166163142 0.03323262839879154
0 0.6608761329305136 0.7722809667673716 0.052870090634441085 0.0324773413897281
1 0.6869335347432024 0.8259063444108762 0.06722054380664652 0.035498489425981876
1 0.6835347432024169 0.8580060422960725 0.061933534743202415 0.03323262839879154
0 0.6842900302114804 0.8912386706948641 0.0513595166163142 0.03625377643504532
0 0.6842900302114804 0.9240936555891238 0.052870090634441085 0.026435045317220542
1 0.6948640483383686 0.956570996978852 0.054380664652567974 0.027945619335347432
0 0.7020392749244713 0.9860271903323263 0.05060422960725076 0.024924471299093656
0 0.8217522658610272 0.9206948640483383 0.04984894259818731 0.022658610271903322
0 0.824773413897281 0.9339123867069486 0.052870090634441085 0.02039274924471299
1 0.8240181268882175 0.9765861027190332 0.060422960725075525 0.0256797583081571
0 0.8134441087613293 0.8991691842900302 0.0513595166163142 0.024924471299093656
0 0.8040030211480362 0.8761329305135952 0.04758308157099698 0.02416918429003021
0 0.8058912386706949 0.8515861027190332 0.055891238670694864 0.02190332326283988
0 0.8040030211480362 0.8330815709969789 0.05211480362537765 0.021148036253776436
0 0.8051359516616314 0.8055135951661632 0.05891238670694864 0.0188821752265861
1 0.7990936555891238 0.7881419939577039 0.054380664652567974 0.023413897280966767
1 0.7964501510574018 0.7669939577039275 0.06117824773413897 0.02039274924471299
0 0.8013595166163142 0.7545317220543807 0.055891238670694864 0.027190332326283987
1 0.7904078549848943 0.7307401812688822 0.05362537764350453 0.024924471299093656
0 0.790785498489426 0.6706948640483383 0.061933534743202415 0.03172205438066465
0 0.7873867069486404 0.6234894259818731 0.05211480362537765 0.026435045317220542
0 0.7802114803625377 0.5800604229607251 0.055891238670694864 0.02416918429003021
1 0.7802114803625377 0.5030211480362538 0.06948640483383686 0.0256797583081571
1 0.7805891238670695 0.5283232628398792 0.06117824773413897 0.024924471299093656
1 0.777190332326284 0.5426737160120846 0.05740181268882175 0.02190332326283988
1 0.777190332326284 0.5577794561933535 0.061933534743202415 0.02039274924471299
