3 0.9586882453151618 0.91396933560477 0.07751277683134583 0.161839863713799
0 0.49020442930153324 0.8513628620102215 0.046848381601362864 0.07751277683134583
2 0.48594548551959116 0.8479557069846678 0.028109028960817718 0.029812606473594547
2 0.4867972742759796 0.8696763202725725 0.0434412265758092 0.027257240204429302
2 0.11626916524701875 0.3126064735945486 0.05366269165247019 0.04258943781942078
2 0.28492333901192507 0.3960817717206133 0.05706984667802385 0.034071550255536626
1 0.3202725724020443 0.07836456558773425 0.03236797274275979 0.07495741056218058
1 0.29684838160136284 0.07666098807495741 0.0434412265758092 0.06132879045996593
1 0.10477001703577513 0.04258943781942078 0.05792163543441227 0.03236797274275979
1 0.08603066439522998 0.11839863713798977 0.022146507666098807 0.06132879045996593
1 0.0651618398637138 0.108603066439523 0.028109028960817718 0.051959114139693355
1 0.018739352640545145 0.10604770017035775 0.027257240204429302 0.05366269165247019
0 0.2614991482112436 0.08432708688245315 0.03747870528109029 0.056218057921635436
0 0.23424190800681433 0.08816013628620102 0.03747870528109029 0.058773424190800685
0 0.20485519591141396 0.0873083475298126 0.031516183986371384 0.058773424190800685
0 0.19207836456558774 0.09284497444633731 0.029812606473594547 0.05792163543441227
0 0.17120954003407154 0.09369676320272573 0.030664395229982964 0.06132879045996593
0 0.1465076660988075 0.09454855195911414 0.034071550255536626 0.059625212947189095
0 0.11797274275979558 0.1034923339011925 0.04003407155025554 0.05706984667802385
0 0.346252129471891 0.45528109028960817 0.04003407155025554 0.06047700170357751
0 0.3577512776831346 0.49829642248722317 0.04940374787052811 0.06132879045996593
0 0.32410562180579217 0.4403747870528109 0.03833049403747871 0.06814310051107325
0 0.30664395229982966 0.44420783645655876 0.030664395229982964 0.046848381601362864
0 0.2823679727427598 0.44718909710391824 0.029812606473594547 0.06303236797274277
1 0.262350936967632 0.45868824531516184 0.028960817717206135 0.06729131175468483
0 0.24275979557069846 0.4505962521294719 0.02555366269165247 0.06984667802385008
0 0.22061328790459966 0.4663543441226576 0.030664395229982964 0.062180579216354344
0 0.2014480408858603 0.46379897785349233 0.03321976149914821 0.06899488926746167
1 0.18185689948892675 0.4561328790459966 0.022998296422487224 0.06388415672913117
0 0.1682282793867121 0.47061328790459966 0.03492333901192504 0.058773424190800685
0 0.14821124361158433 0.4744463373083475 0.034071550255536626 0.059625212947189095
0 0.12563884156729133 0.47700170357751276 0.046848381601362864 0.056218057921635436
0 0.10689948892674617 0.47700170357751276 0.03321976149914821 0.05110732538330494
0 0.10136286201022146 0.4540034071550256 0.040885860306643956 0.056218057921635436
1 0.07367972742759796 0.46039182282793867 0.031516183986371384 0.07240204429301533
1 0.06132879045996593 0.4599659284497445 0.039182282793867124 0.06643952299829642
1 0.04599659284497445 0.48807495741056217 0.04599659284497445 0.04770017035775128
0 0.02385008517887564 0.45826235093696766 0.027257240204429302 0.07155025553662692
0 0.007240204429301534 0.46337308347529815 0.016183986371379896 0.05792163543441227
