2 0.6892430278884462 0.08459214501510574 0.06374501992031872 0.022658610271903322
0 0.6573705179282868 0.07968277945619336 0.08366533864541832 0.04607250755287009
2 0.5577689243027888 0.14425981873111782 0.06772908366533864 0.03323262839879154
0 0.5368525896414342 0.145392749244713 0.10956175298804781 0.04607250755287009
0 0.4442231075697211 0.4331570996978852 0.09561752988047809 0.05513595166163142
0 0.3854581673306773 0.5521148036253777 0.09760956175298804 0.052870090634441085
2 0.45119521912350596 0.43051359516616317 0.0697211155378486 0.027190332326283987
2 0.3934262948207171 0.5509818731117825 0.06573705179282868 0.024924471299093656
2 0.055776892430278883 0.6748489425981873 0.05976095617529881 0.02190332326283988
2 0.6892430278884462 0.9142749244712991 0.07569721115537849 0.02190332326283988
0 0.6752988047808764 0.904833836858006 0.08764940239043825 0.04833836858006042
