0 0.25 0.039182282793867124 0.1254980079681275 0.06473594548551959
0 0.15637450199203187 0.048551959114139696 0.09362549800796813 0.05110732538330494
0 0.09362549800796813 0.034497444633730834 0.07171314741035856 0.05366269165247019
0 0.052788844621513946 0.03960817717206133 0.07768924302788845 0.05536626916524702
0 0.04083665338645418 0.2772572402044293 0.07370517928286853 0.05536626916524702
0 0.09661354581673307 0.2593696763202726 0.10557768924302789 0.07751277683134583
0 0.13844621513944222 0.2572402044293015 0.0697211155378486 0.06473594548551959
0 0.19820717131474103 0.2555366269165247 0.0697211155378486 0.07155025553662692
1 0.29382470119521914 0.239778534923339 0.10159362549800796 0.06388415672913117
1 0.4252988047808765 0.24233390119250425 0.0697211155378486 0.06047700170357751
1 0.6195219123505976 0.3206984667802385 0.13147410358565736 0.04514480408858603
1 0.6603585657370518 0.3615843270868825 0.11752988047808764 0.03321976149914821
0 0.5448207171314741 0.2734241908006814 0.08964143426294821 0.03747870528109029
0 0.7091633466135459 0.39352640545144807 0.11952191235059761 0.030664395229982964
0 0.7241035856573705 0.4182282793867121 0.1254980079681275 0.022146507666098807
0 0.75 0.4352640545144804 0.13346613545816732 0.02555366269165247
1 0.797808764940239 0.49318568994889267 0.08964143426294821 0.04599659284497445
0 0.8177290836653386 0.5234241908006815 0.09760956175298804 0.03833049403747871
0 0.8735059760956175 0.5992333901192505 0.11752988047808764 0.036626916524701875
1 0.9103585657370518 0.6405451448040886 0.11155378486055777 0.03747870528109029
0 0.9402390438247011 0.6899488926746167 0.11155378486055777 0.03236797274275979
1 0.9661354581673307 0.7406303236797275 0.05976095617529881 0.031516183986371384
