0 0.03209969788519638 0.027257240204429302 0.05362537764350453 0.044293015332197615
1 0.06419939577039276 0.08858603066439523 0.04984894259818731 0.039182282793867124
0 0.06722054380664652 0.10178875638841567 0.060422960725075525 0.04003407155025554
0 0.09138972809667674 0.1367120954003407 0.0634441087613293 0.0434412265758092
0 0.09894259818731117 0.17120954003407154 0.061933534743202415 0.040885860306643956
0 0.12613293051359517 0.23381601362862012 0.055891238670694864 0.03492333901192504
0 0.15521148036253776 0.303236797274276 0.07175226586102719 0.044293015332197615
0 0.02001510574018127 0.2125212947189097 0.04003021148036254 0.0434412265758092
0 0.035498489425981876 0.239778534923339 0.054380664652567974 0.04514480408858603
1 0.043429003021148035 0.2661839863713799 0.05664652567975831 0.04514480408858603
0 0.052492447129909366 0.29557069846678025 0.04607250755287009 0.05792163543441227
0 0.06231117824773414 0.31814310051107325 0.04909365558912387 0.058773424190800685
0 0.08950151057401813 0.3364565587734242 0.05513595166163142 0.056218057921635436
0 0.10007552870090634 0.35519591141396933 0.05513595166163142 0.04599659284497445
3 0.2617069486404834 0.4599659284497445 0.16540785498489427 0.12606473594548553
3 0.27983383685800606 0.5898637137989778 0.17598187311178248 0.13373083475298125
0 0.04305135951661632 0.887137989778535 0.04682779456193353 0.06388415672913117
0 0.024546827794561934 0.901618398637138 0.04758308157099698 0.06729131175468483
0 0.3806646525679758 0.8820272572402045 0.06948640483383686 0.048551959114139696
0 0.42182779456193353 0.866695059625213 0.05966767371601209 0.051959114139693355
1 0.4561933534743202 0.8534923339011925 0.04833836858006042 0.06473594548551959
0 0.38632930513595165 0.9463373083475298 0.04909365558912387 0.07155025553662692
0 0.4716767371601208 0.8364565587734242 0.04909365558912387 0.06643952299829642
1 0.4935800604229607 0.8211243611584327 0.05060422960725076 0.06984667802385008
0 0.5215256797583081 0.8096252129471891 0.05664652567975831 0.07240204429301533
1 0.5415407854984894 0.7985519591141397 0.04833836858006042 0.065587734241908
1 0.5796827794561934 0.790885860306644 0.05211480362537765 0.058773424190800685
1 0.6185800604229608 0.7670357751277683 0.03927492447129909 0.0706984667802385
2 0.5445619335347432 0.7001703577512777 0.05740181268882175 0.04599659284497445
0 0.6359516616314199 0.75809199318569 0.03927492447129909 0.06473594548551959
0 0.6586102719033232 0.755962521294719 0.04380664652567976 0.06047700170357751
1 0.6676737160120846 0.7321124361158433 0.04682779456193353 0.058773424190800685
0 0.6858006042296072 0.7436115843270868 0.045317220543806644 0.05792163543441227
0 0.7016616314199395 0.7248722316865418 0.03927492447129909 0.059625212947189095
0 0.7145015105740181 0.7201873935264055 0.0377643504531722 0.065587734241908
1 0.7333836858006042 0.7095400340715503 0.04229607250755287 0.06473594548551959
0 0.7518882175226587 0.7078364565587735 0.03851963746223565 0.07155025553662692
0 0.7601963746223565 0.7005962521294719 0.03700906344410876 0.06729131175468483
0 0.7647280966767371 0.6933560477001703 0.04154078549848943 0.06643952299829642
1 0.7847432024169184 0.6916524701873935 0.04833836858006042 0.06473594548551959
0 0.9425981873111783 0.6120102214650767 0.030211480362537763 0.05706984667802385
0 0.9150302114803626 0.6324531516183987 0.033987915407854986 0.05536626916524702
0 0.9067220543806647 0.6375638841567292 0.027945619335347432 0.05366269165247019
0 0.8175981873111783 0.6682282793867121 0.030966767371601207 0.05706984667802385
0 0.830060422960725 0.6631175468483816 0.03172205438066465 0.05706984667802385
0 0.8387462235649547 0.6580068143100511 0.030966767371601207 0.05366269165247019
0 0.8598942598187311 0.653747870528109 0.0324773413897281 0.06047700170357751
0 0.8689577039274925 0.6490630323679728 0.027945619335347432 0.056218057921635436
0 0.8765105740181269 0.6418228279386712 0.0324773413897281 0.06388415672913117
0 0.8867069486404834 0.6388415672913118 0.03474320241691843 0.06473594548551959
0 0.959214501510574 0.6047700170357752 0.03474320241691843 0.05792163543441227
1 0.9679003021148036 0.5919931856899489 0.033987915407854986 0.06473594548551959
0 0.9856495468277946 0.5668654173764907 0.0256797583081571 0.031516183986371384
