3 0.2171450151057402 0.34917355371900827 0.18957703927492447 0.19421487603305787
3 0.4206948640483384 0.16942148760330578 0.18731117824773413 0.209366391184573
3 0.9399546827794562 0.6239669421487604 0.09290030211480363 0.21212121212121213
3 0.8946374622356495 0.8154269972451791 0.12462235649546828 0.23415977961432508
0 0.9501510574018127 0.3078512396694215 0.04682779456193353 0.045454545454545456
0 0.926737160120846 0.2706611570247934 0.04984894259818731 0.03994490358126722
0 0.9611027190332326 0.2231404958677686 0.06268882175226587 0.05234159779614325
0 0.9709214501510574 0.18732782369146006 0.05362537764350453 0.05509641873278237
0 0.974320241691843 0.1522038567493113 0.04229607250755287 0.05096418732782369
0 0.9611027190332326 0.325068870523416 0.05211480362537765 0.05234159779614325
0 0.966012084592145 0.3608815426997245 0.05740181268882175 0.06611570247933884
0 0.9675226586102719 0.41115702479338845 0.04984894259818731 0.0674931129476584
