2 0.42828685258964144 0.4893526405451448 0.10756972111553785 0.036626916524701875
2 0.13047808764940239 0.745741056218058 0.11752988047808764 0.028109028960817718
0 0.3207171314741036 0.5357751277683135 0.11952191235059761 0.030664395229982964
0 0.30876494023904383 0.5885860306643952 0.12749003984063745 0.027257240204429302
0 0.35756972111553786 0.6252129471890971 0.15338645418326693 0.020442930153321978
0 0.38645418326693226 0.6873935264054515 0.14741035856573706 0.02385008517887564
0 0.3655378486055777 0.755962521294719 0.10557768924302789 0.04003407155025554
0 0.3784860557768924 0.7904599659284498 0.099601593625498 0.02555366269165247
1 0.36254980079681276 0.8347529812606473 0.08764940239043825 0.05792163543441227
0 0.5129482071713147 0.9041737649063033 0.09362549800796813 0.05366269165247019
0 0.4960159362549801 0.9203577512776832 0.09163346613545817 0.051959114139693355
0 0.4651394422310757 0.9348381601362862 0.08565737051792828 0.051959114139693355
0 0.3256972111553785 0.8735093696763203 0.10159362549800796 0.048551959114139696
0 0.29382470119521914 0.8837308347529813 0.08964143426294821 0.04514480408858603
0 0.1254980079681275 0.9165247018739353 0.1394422310756972 0.03577512776831346
1 0.15239043824701196 0.8884156729131175 0.13346613545816732 0.02385008517887564
0 0.24800796812749004 0.901618398637138 0.061752988047808766 0.05536626916524702
1 0.42729083665338646 0.956984667802385 0.08964143426294821 0.05706984667802385
1 0.36254980079681276 0.9782793867120955 0.055776892430278883 0.04003407155025554
1 0.4073705179282868 0.9787052810902896 0.061752988047808766 0.03577512776831346
0 0.02589641434262948 0.9714650766609881 0.04780876494023904 0.05366269165247019
0 0.06772908366533864 0.9812606473594548 0.03585657370517928 0.034071550255536626
1 0.11752988047808764 0.973168654173765 0.05179282868525896 0.046848381601362864
0 0.15637450199203187 0.9804088586030665 0.049800796812749 0.034071550255536626
0 0.30677290836653387 0.979557069846678 0.04780876494023904 0.03577512776831346
0 0.25199203187250996 0.9859454855195912 0.07370517928286853 0.024701873935264056
