0 0.23376132930513596 0.6639118457300276 0.07175226586102719 0.09917355371900827
0 0.17711480362537765 0.8836088154269973 0.0581570996978852 0.081267217630854
1 0.11933534743202417 0.8388429752066116 0.052870090634441085 0.07713498622589532
0 0.06382175226586102 0.7816804407713499 0.04758308157099698 0.07024793388429752
0 0.2175226586102719 0.03856749311294766 0.07250755287009064 0.06060606060606061
0 0.18315709969788518 0.11019283746556474 0.06722054380664652 0.06336088154269973
0 0.16691842900302115 0.1522038567493113 0.060422960725075525 0.06473829201101929
0 0.14350453172205438 0.2059228650137741 0.055891238670694864 0.06198347107438017
0 0.14123867069486404 0.24862258953168045 0.06948640483383686 0.05922865013774105
0 0.1197129909365559 0.2665289256198347 0.0581570996978852 0.07851239669421488
0 0.09478851963746224 0.2878787878787879 0.06722054380664652 0.05509641873278237
0 0.1027190332326284 0.32988980716253447 0.07250755287009064 0.05922865013774105
0 0.0770392749244713 0.3891184573002755 0.06948640483383686 0.07024793388429752
0 0.0702416918429003 0.44559228650137744 0.07099697885196375 0.05647382920110193
0 0.05853474320241692 0.5261707988980716 0.05664652567975831 0.0743801652892562
0 0.08685800604229607 0.5537190082644629 0.0634441087613293 0.07162534435261708
