0 0.023413897280966767 0.23187311178247735 0.045317220543806644 0.028700906344410877
0 0.03172205438066465 0.26246223564954685 0.052870090634441085 0.027945619335347432
0 0.044939577039274925 0.3009818731117825 0.0581570996978852 0.027945619335347432
0 0.05324773413897281 0.3270392749244713 0.05664652567975831 0.03927492447129909
0 0.05513595166163142 0.3595166163141994 0.060422960725075525 0.03172205438066465
0 0.06231117824773414 0.37726586102719034 0.04758308157099698 0.024924471299093656
0 0.07628398791540786 0.3995468277945619 0.06646525679758308 0.03172205438066465
0 0.08648036253776435 0.41918429003021146 0.05513595166163142 0.030211480362537763
0 0.10158610271903323 0.4407099697885196 0.05966767371601209 0.02190332326283988
0 0.0993202416918429 0.46827794561933533 0.06117824773413897 0.03172205438066465
0 0.10460725075528701 0.5022658610271903 0.06873111782477341 0.028700906344410877
0 0.1148036253776435 0.5200151057401813 0.055891238670694864 0.023413897280966767
0 0.13104229607250756 0.5468277945619335 0.05211480362537765 0.0256797583081571
0 0.12273413897280967 0.5675981873111783 0.05362537764350453 0.035498489425981876
0 0.12953172205438065 0.5887462235649547 0.04758308157099698 0.030966767371601207
0 0.14463746223564955 0.6023413897280967 0.05664652567975831 0.0324773413897281
0 0.14501510574018128 0.6185800604229608 0.054380664652567974 0.0256797583081571
0 0.14765861027190333 0.6450151057401813 0.06419939577039276 0.0377643504531722
0 0.16200906344410876 0.6638972809667674 0.05211480362537765 0.03323262839879154
0 0.18391238670694865 0.6763595166163142 0.04909365558912387 0.04003021148036254
0 0.1646525679758308 0.7058157099697885 0.07250755287009064 0.03851963746223565
0 0.1763595166163142 0.7379154078549849 0.04758308157099698 0.04380664652567976
0 0.18693353474320243 0.7643504531722054 0.04305135951661632 0.03172205438066465
1 0.19977341389728095 0.7753021148036254 0.05211480362537765 0.04003021148036254
0 0.2035498489425982 0.7998489425981873 0.04607250755287009 0.03323262839879154
1 0.20732628398791542 0.8228851963746223 0.06117824773413897 0.0324773413897281
0 0.2194108761329305 0.8406344410876133 0.05211480362537765 0.030211480362537763
0 0.540785498489426 0.1268882175226586 0.06948640483383686 0.03323262839879154
0 0.22356495468277945 0.8746223564954683 0.04833836858006042 0.03474320241691843
0 0.23716012084592145 0.8969033232628398 0.060422960725075525 0.0324773413897281
0 0.24773413897280966 0.9172960725075529 0.0513595166163142 0.035498489425981876
0 0.24433534743202417 0.9384441087613293 0.05664652567975831 0.03700906344410876
0 0.2545317220543807 0.9633685800604229 0.05891238670694864 0.04154078549848943
0 0.26435045317220546 0.9875377643504532 0.055891238670694864 0.02039274924471299
0 0.3712235649546828 0.9712990936555891 0.04909365558912387 0.03474320241691843
0 0.36895770392749244 0.9558157099697885 0.05211480362537765 0.026435045317220542
0 0.361404833836858 0.9380664652567976 0.05362537764350453 0.028700906344410877
0 0.3530966767371601 0.9104984894259819 0.07930513595166164 0.035498489425981876
0 0.33987915407854985 0.8859516616314199 0.05740181268882175 0.0377643504531722
0 0.35083081570996977 0.8595166163141994 0.05060422960725076 0.0256797583081571
0 0.32892749244712993 0.8549848942598187 0.0702416918429003 0.03625377643504532
0 0.32439577039274925 0.8213746223564955 0.06117824773413897 0.0324773413897281
0 0.31797583081570996 0.800226586102719 0.04984894259818731 0.02945619335347432
0 0.31155589123867067 0.777190332326284 0.04607250755287009 0.03172205438066465
0 0.31155589123867067 0.7586858006042296 0.04607250755287009 0.03851963746223565
0 0.30551359516616317 0.7367824773413897 0.04607250755287009 0.04154078549848943
0 0.28700906344410876 0.7190332326283988 0.04984894259818731 0.04229607250755287
0 0.27794561933534745 0.6975075528700906 0.05740181268882175 0.026435045317220542
0 0.2552870090634441 0.6129154078549849 0.04984894259818731 0.03700906344410876
0 0.2726586102719033 0.6295317220543807 0.04833836858006042 0.02945619335347432
0 0.27341389728096677 0.6412386706948641 0.04380664652567976 0.028700906344410877
0 0.27681268882175225 0.6574773413897281 0.05060422960725076 0.033987915407854986
0 0.2843655589123867 0.6748489425981873 0.04909365558912387 0.03700906344410876
0 0.2311178247734139 0.5415407854984894 0.05891238670694864 0.028700906344410877
1 0.22356495468277945 0.5143504531722054 0.052870090634441085 0.0377643504531722
0 0.21450151057401812 0.49244712990936557 0.05891238670694864 0.0256797583081571
1 0.2103474320241692 0.47394259818731116 0.04607250755287009 0.027945619335347432
0 0.21148036253776434 0.45770392749244715 0.052870090634441085 0.03474320241691843
0 0.21601208459214502 0.438821752265861 0.054380664652567974 0.04229607250755287
1 0.18617824773413896 0.4278700906344411 0.06419939577039276 0.03700906344410876
0 0.19561933534743203 0.37990936555891236 0.0649546827794562 0.021148036253776436
0 0.16503021148036254 0.3632930513595166 0.04909365558912387 0.028700906344410877
0 0.16993957703927492 0.3429003021148036 0.04682779456193353 0.0256797583081571
0 0.1578549848942598 0.334214501510574 0.052870090634441085 0.026435045317220542
0 0.16578549848942598 0.3183534743202417 0.04607250755287009 0.027945619335347432
0 0.1438821752265861 0.2983383685800604 0.05211480362537765 0.030211480362537763
0 0.0513595166163142 0.013595166163141994 0.04682779456193353 0.027190332326283987
0 0.07212990936555891 0.034365558912386705 0.0581570996978852 0.033987915407854986
0 0.07590634441087614 0.05362537764350453 0.05060422960725076 0.03172205438066465
1 0.08194864048338368 0.06835347432024169 0.05211480362537765 0.02190332326283988
0 0.07854984894259819 0.08006042296072508 0.04984894259818731 0.01661631419939577
1 0.0823262839879154 0.10347432024169184 0.04984894259818731 0.03625377643504532
1 0.09780966767371602 0.11253776435045318 0.04607250755287009 0.02416918429003021
1 0.09138972809667674 0.1351963746223565 0.04682779456193353 0.03927492447129909
0 0.09818731117824774 0.1537009063444109 0.052870090634441085 0.033987915407854986
1 0.10158610271903323 0.17673716012084592 0.04305135951661632 0.04229607250755287
0 0.12046827794561933 0.18315709969788518 0.035498489425981876 0.02945619335347432
0 0.11706948640483383 0.2058157099697885 0.05740181268882175 0.033987915407854986
0 0.138595166163142 0.22016616314199397 0.05211480362537765 0.02945619335347432
0 0.12084592145015105 0.243202416918429 0.055891238670694864 0.0256797583081571
0 0.14463746223564955 0.25113293051359514 0.05664652567975831 0.035498489425981876
0 0.13897280966767372 0.2726586102719033 0.05740181268882175 0.03323262839879154
0 0.9052114803625377 0.972809667673716 0.03700906344410876 0.021148036253776436
0 0.9003021148036254 0.9520392749244713 0.04833836858006042 0.023413897280966767
0 0.8863293051359517 0.9218277945619335 0.05211480362537765 0.023413897280966767
0 0.8833081570996979 0.8942598187311178 0.05060422960725076 0.028700906344410877
0 0.8731117824773413 0.8651812688821753 0.045317220543806644 0.02190332326283988
0 0.8651812688821753 0.8489425981873112 0.05211480362537765 0.022658610271903322
0 0.8689577039274925 0.8164652567975831 0.04305135951661632 0.03474320241691843
0 0.8527190332326284 0.8062688821752266 0.03927492447129909 0.0324773413897281
0 0.797583081570997 0.9286253776435045 0.05740181268882175 0.023413897280966767
0 0.7911631419939577 0.9082326283987915 0.05211480362537765 0.03851963746223565
0 0.7775679758308157 0.8859516616314199 0.05211480362537765 0.019637462235649546
0 0.7787009063444109 0.8693353474320241 0.04984894259818731 0.0256797583081571
0 0.7715256797583081 0.8462990936555891 0.05966767371601209 0.023413897280966767
0 0.7749244712990937 0.8228851963746223 0.08006042296072508 0.030966767371601207
0 0.7590634441087614 0.804380664652568 0.05740181268882175 0.028700906344410877
0 0.7556646525679759 0.7885196374622356 0.05966767371601209 0.03172205438066465
0 0.747356495468278 0.770392749244713 0.05362537764350453 0.027190332326283987
0 0.6363293051359517 0.12915407854984895 0.05211480362537765 0.0256797583081571
0 0.629154078549849 0.1510574018126888 0.04078549848942598 0.022658610271903322
0 0.6537009063444109 0.1642749244712991 0.05513595166163142 0.026435045317220542
0 0.5449395770392749 0.1510574018126888 0.05060422960725076 0.028700906344410877
0 0.5483383685800605 0.16767371601208458 0.055891238670694864 0.028700906344410877
0 0.5509818731117825 0.18882175226586104 0.06722054380664652 0.022658610271903322
0 0.5362537764350453 0.20657099697885195 0.04229607250755287 0.027945619335347432
0 0.5691087613293051 0.2141238670694864 0.05060422960725076 0.030966767371601207
0 0.5483383685800605 0.23149546827794562 0.03474320241691843 0.03700906344410876
0 0.5785498489425982 0.2416918429003021 0.04682779456193353 0.03172205438066465
0 0.5902567975830816 0.2673716012084592 0.06570996978851963 0.03625377643504532
0 0.6612537764350453 0.20430513595166164 0.05513595166163142 0.033987915407854986
0 0.6748489425981873 0.243202416918429 0.0581570996978852 0.030211480362537763
0 0.6771148036253777 0.2722809667673716 0.04607250755287009 0.0324773413897281
0 0.6842900302114804 0.29720543806646527 0.061933534743202415 0.0324773413897281
0 0.5981873111782477 0.30891238670694865 0.061933534743202415 0.03474320241691843
0 0.5743957703927492 0.2926737160120846 0.04909365558912387 0.030966767371601207
1 0.6053625377643505 0.35158610271903323 0.05664652567975831 0.02190332326283988
0 0.6106495468277946 0.3304380664652568 0.05362537764350453 0.02945619335347432
0 0.6990181268882175 0.31608761329305135 0.05211480362537765 0.035498489425981876
0 0.7171450151057401 0.33610271903323263 0.05362537764350453 0.03474320241691843
0 0.7152567975830816 0.375 0.0513595166163142 0.027945619335347432
0 0.7197885196374623 0.3969033232628399 0.061933534743202415 0.035498489425981876
0 0.7299848942598187 0.44410876132930516 0.0581570996978852 0.03172205438066465
0 0.7299848942598187 0.4188066465256798 0.05513595166163142 0.02190332326283988
0 0.7428247734138973 0.46148036253776437 0.05060422960725076 0.030211480362537763
0 0.7337613293051359 0.4830060422960725 0.0445619335347432 0.035498489425981876
0 0.7575528700906344 0.4882930513595166 0.04229607250755287 0.03700906344410876
0 0.7609516616314199 0.5071752265861027 0.06117824773413897 0.035498489425981876
0 0.7726586102719033 0.5320996978851964 0.04682779456193353 0.02945619335347432
0 0.7828549848942599 0.5540030211480362 0.05060422960725076 0.0324773413897281
1 0.783987915407855 0.5845921450151057 0.0513595166163142 0.027190332326283987
1 0.7919184290030211 0.6030966767371602 0.05664652567975831 0.02945619335347432
1 0.8021148036253777 0.625 0.05891238670694864 0.03851963746223565
0 0.8062688821752266 0.6514350453172205 0.05513595166163142 0.0324773413897281
0 0.8160876132930514 0.6790030211480362 0.05362537764350453 0.028700906344410877
1 0.8225075528700906 0.6952416918429003 0.054380664652567974 0.0324773413897281
0 0.8187311178247734 0.7262084592145015 0.0513595166163142 0.02945619335347432
0 0.8330815709969789 0.7462235649546828 0.052870090634441085 0.03474320241691843
0 0.8413897280966768 0.7722809667673716 0.045317220543806644 0.027945619335347432
0 0.604607250755287 0.3666918429003021 0.05362537764350453 0.02945619335347432
0 0.6227341389728097 0.38104229607250756 0.05513595166163142 0.023413897280966767
0 0.6227341389728097 0.3987915407854985 0.04607250755287009 0.04078549848942598
1 0.631797583081571 0.4142749244712991 0.05211480362537765 0.04154078549848943
1 0.6325528700906344 0.43580060422960726 0.0445619335347432 0.03323262839879154
0 0.6446374622356495 0.4425981873111782 0.05060422960725076 0.03323262839879154
0 0.645392749244713 0.46148036253776437 0.0581570996978852 0.03323262839879154
0 0.6487915407854985 0.486404833836858 0.055891238670694864 0.028700906344410877
0 0.6574773413897281 0.5147280966767371 0.06419939577039276 0.033987915407854986
0 0.6888217522658611 0.6008308157099698 0.055891238670694864 0.030966767371601207
0 0.6918429003021148 0.620845921450151 0.04229607250755287 0.021148036253776436
0 0.695619335347432 0.6389728096676737 0.04833836858006042 0.03625377643504532
0 0.702416918429003 0.6623867069486404 0.0513595166163142 0.030211480362537763
0 0.7043051359516617 0.6759818731117825 0.06419939577039276 0.03172205438066465
0 0.7046827794561934 0.7133685800604229 0.04078549848942598 0.024924471299093656
0 0.722809667673716 0.7224320241691843 0.05891238670694864 0.0324773413897281
0 0.7299848942598187 0.7420694864048338 0.06873111782477341 0.030966767371601207
