0 0.37990936555891236 0.015105740181268881 0.06646525679758308 0.03172205438066465
0 0.3806646525679758 0.04418429003021148 0.06797583081570997 0.030966767371601207
0 0.4006797583081571 0.09894259818731117 0.06722054380664652 0.03172205438066465
0 0.42371601208459214 0.14803625377643503 0.0755287009063444 0.03172205438066465
0 0.4188066465256798 0.17409365558912387 0.0702416918429003 0.03851963746223565
0 0.4248489425981873 0.20052870090634442 0.0581570996978852 0.033987915407854986
1 0.4486404833836858 0.22545317220543806 0.06797583081570997 0.0324773413897281
0 0.4543051359516616 0.25490936555891236 0.06419939577039276 0.033987915407854986
0 0.4561933534743202 0.2824773413897281 0.0649546827794562 0.04078549848942598
0 0.47696374622356497 0.3236404833836858 0.07175226586102719 0.030966767371601207
0 0.4746978851963746 0.34705438066465255 0.07175226586102719 0.04003021148036254
0 0.4890483383685801 0.38972809667673713 0.07779456193353475 0.03927492447129909
0 0.504154078549849 0.422583081570997 0.0702416918429003 0.03851963746223565
0 0.520392749244713 0.4622356495468278 0.0634441087613293 0.03474320241691843
1 0.5268126888217523 0.4981117824773414 0.07779456193353475 0.0445619335347432
1 0.5336102719033232 0.520392749244713 0.07477341389728097 0.0513595166163142
0 0.5445619335347432 0.5354984894259819 0.05740181268882175 0.03927492447129909
1 0.5547583081570997 0.5804380664652568 0.07477341389728097 0.06117824773413897
1 0.5608006042296072 0.6042296072507553 0.07326283987915408 0.0513595166163142
1 0.5653323262839879 0.6200906344410876 0.0702416918429003 0.04682779456193353
1 0.5895015105740181 0.6959969788519638 0.0702416918429003 0.027945619335347432
1 0.6083836858006042 0.7522658610271903 0.07779456193353475 0.05740181268882175
1 0.620845921450151 0.7794561933534743 0.0770392749244713 0.055891238670694864
0 0.5789274924471299 0.6465256797583081 0.06419939577039276 0.03474320241691843
0 0.5785498489425982 0.6669184290030211 0.061933534743202415 0.030211480362537763
0 0.5932779456193353 0.7182779456193353 0.07628398791540786 0.03323262839879154
0 0.6287764350453172 0.790785498489426 0.06570996978851963 0.03323262839879154
0 0.6472809667673716 0.8077794561933535 0.061933534743202415 0.04154078549848943
1 0.6389728096676737 0.8395015105740181 0.07854984894259819 0.05211480362537765
0 0.6469033232628398 0.8549848942598187 0.0702416918429003 0.028700906344410877
0 0.6574773413897281 0.875 0.07175226586102719 0.024924471299093656
0 0.6582326283987915 0.8935045317220544 0.06722054380664652 0.03172205438066465
0 0.6718277945619335 0.9067220543806647 0.0702416918429003 0.033987915407854986
0 0.6729607250755287 0.9407099697885196 0.07401812688821752 0.03851963746223565
0 0.6933534743202416 0.9667673716012084 0.0634441087613293 0.03927492447129909
0 0.42107250755287007 0.7246978851963746 0.05664652567975831 0.03851963746223565
0 0.44448640483383683 0.754154078549849 0.05664652567975831 0.03851963746223565
0 0.45959214501510576 0.7753021148036254 0.06722054380664652 0.03700906344410876
0 0.48036253776435045 0.8376132930513596 0.06797583081570997 0.03927492447129909
0 0.49206948640483383 0.8768882175226587 0.06268882175226587 0.0377643504531722
0 0.5030211480362538 0.9037009063444109 0.0649546827794562 0.0445619335347432
0 0.5124622356495468 0.9263595166163142 0.05060422960725076 0.04909365558912387
0 0.5215256797583081 0.9478851963746223 0.0581570996978852 0.04833836858006042
0 0.524546827794562 0.9709214501510574 0.05966767371601209 0.03851963746223565
