2 0.21978851963746224 0.805366269165247 0.045317220543806644 0.0434412265758092
0 0.2277190332326284 0.825809199318569 0.04305135951661632 0.06899488926746167
0 0.3413897280966767 0.8309199318568995 0.052870090634441085 0.04003407155025554
0 0.3549848942598187 0.854344122657581 0.04984894259818731 0.028960817717206135
0 0.35989425981873113 0.8726575809199318 0.05966767371601209 0.031516183986371384
0 0.36706948640483383 0.8901192504258943 0.054380664652567974 0.028960817717206135
0 0.3821752265861027 0.9152470187393527 0.05891238670694864 0.031516183986371384
0 0.38104229607250756 0.9305792163543442 0.06117824773413897 0.024701873935264056
0 0.3931268882175227 0.946763202725724 0.06570996978851963 0.03492333901192504
0 0.39992447129909364 0.9680579216354345 0.06873111782477341 0.036626916524701875
0 0.010574018126888218 0.8858603066439523 0.021148036253776436 0.06814310051107325
0 0.023413897280966767 0.8747870528109029 0.03474320241691843 0.06303236797274277
0 0.03209969788519638 0.8598807495741057 0.03700906344410876 0.06388415672913117
0 0.052492447129909366 0.8513628620102215 0.04003021148036254 0.05366269165247019
0 0.05777945619335347 0.8287904599659285 0.03851963746223565 0.06814310051107325
0 0.07779456193353475 0.8292163543441227 0.0256797583081571 0.06729131175468483
0 0.10234138972809667 0.8006814310051107 0.035498489425981876 0.06984667802385008
0 0.12197885196374622 0.8509369676320273 0.05966767371601209 0.030664395229982964
0 0.1283987915407855 0.887137989778535 0.04229607250755287 0.065587734241908
0 0.14841389728096677 0.9028960817717206 0.0445619335347432 0.05792163543441227
0 0.16012084592145015 0.9280238500851788 0.04833836858006042 0.04003407155025554
0 0.16314199395770393 0.9578364565587735 0.0377643504531722 0.0434412265758092
0 0.0377643504531722 0.6695059625212947 0.06797583081570997 0.03236797274275979
0 0.03512084592145015 0.6469335604770017 0.05211480362537765 0.024701873935264056
0 0.027190332326283987 0.6222316865417377 0.054380664652567974 0.028109028960817718
0 0.0256797583081571 0.6022146507666098 0.04984894259818731 0.02555366269165247
0 0.2126132930513595 0.5259795570698467 0.06419939577039276 0.041737649063032366
0 0.2262084592145015 0.5459965928449745 0.05362537764350453 0.034071550255536626
1 0.2348942598187311 0.5638841567291312 0.052870090634441085 0.039182282793867124
0 0.25 0.5898637137989778 0.04833836858006042 0.029812606473594547
0 0.25075528700906347 0.6149914821124361 0.0649546827794562 0.030664395229982964
1 0.26510574018126887 0.6367120954003407 0.05740181268882175 0.036626916524701875
0 0.2809667673716012 0.6588586030664395 0.0634441087613293 0.03321976149914821
1 0.2877643504531722 0.6890971039182283 0.07401812688821752 0.03747870528109029
1 0.2938066465256798 0.7065587734241908 0.0649546827794562 0.03492333901192504
0 0.3104229607250755 0.725298126064736 0.06646525679758308 0.04003407155025554
0 0.3085347432024169 0.7465928449744463 0.07326283987915408 0.03833049403747871
0 0.3221299093655589 0.770442930153322 0.06419939577039276 0.03492333901192504
0 0.32061933534743203 0.7921635434412266 0.05060422960725076 0.03236797274275979
0 0.35083081570996977 0.8002555366269165 0.06268882175226587 0.029812606473594547
0 0.2020392749244713 0.4833901192504259 0.06722054380664652 0.041737649063032366
0 0.19297583081570996 0.4557069846678024 0.07477341389728097 0.04940374787052811
0 0.16767371601208458 0.4160988074957411 0.060422960725075525 0.03492333901192504
0 0.17900302114803626 0.39778534923339015 0.052870090634441085 0.030664395229982964
0 0.15709969788519637 0.3696763202725724 0.060422960725075525 0.034071550255536626
0 0.1510574018126888 0.39267461669505965 0.052870090634441085 0.030664395229982964
0 0.030966767371601207 0.09625212947189098 0.060422960725075525 0.04599659284497445
0 0.03927492447129909 0.11073253833049404 0.0513595166163142 0.030664395229982964
0 0.0513595166163142 0.12180579216354344 0.055891238670694864 0.030664395229982964
0 0.03700906344410876 0.13500851788756388 0.054380664652567974 0.028109028960817718
0 0.054380664652567974 0.14778534923339012 0.05740181268882175 0.026405451448040886
0 0.0634441087613293 0.16311754684838162 0.052870090634441085 0.03492333901192504
0 0.07854984894259819 0.18654173764906304 0.05740181268882175 0.034071550255536626
0 0.08799093655589124 0.2125212947189097 0.06873111782477341 0.03492333901192504
0 0.09516616314199396 0.2329642248722317 0.05891238670694864 0.022998296422487224
1 0.08685800604229607 0.25255536626916525 0.05740181268882175 0.031516183986371384
0 0.10498489425981873 0.27597955706984667 0.060422960725075525 0.03747870528109029
0 0.12424471299093656 0.29684838160136284 0.05513595166163142 0.031516183986371384
0 0.118202416918429 0.31686541737649065 0.06419939577039276 0.028960817717206135
0 0.131797583081571 0.3317717206132879 0.05362537764350453 0.03492333901192504
