0 0.030211480362537763 0.669931856899489 0.045317220543806644 0.04003407155025554
0 0.04078549848942598 0.6908006814310051 0.03474320241691843 0.044293015332197615
1 0.0411631419939577 0.7278534923339012 0.05966767371601209 0.036626916524701875
0 0.047960725075528704 0.7576660988074958 0.08383685800604229 0.04003407155025554
0 0.07212990936555891 0.7844974446337308 0.05362537764350453 0.03577512776831346
1 0.08006042296072508 0.8232538330494038 0.04984894259818731 0.03492333901192504
1 0.0857250755287009 0.8547700170357752 0.04758308157099698 0.03321976149914821
1 0.09441087613293052 0.8756388415672913 0.04682779456193353 0.040885860306643956
1 0.09214501510574018 0.8960817717206133 0.055891238670694864 0.039182282793867124
0 0.09780966767371602 0.9207836456558773 0.05513595166163142 0.039182282793867124
1 0.10045317220543806 0.9480408858603067 0.03927492447129909 0.04940374787052811
0 0.12084592145015105 0.9522998296422487 0.03323262839879154 0.034071550255536626
0 0.11706948640483383 0.9791311754684838 0.05891238670694864 0.03492333901192504
0 0.1438821752265861 0.9859454855195912 0.04758308157099698 0.022998296422487224
0 0.6419939577039275 0.8841567291311755 0.07099697885196375 0.04258943781942078
1 0.648036253776435 0.9305792163543442 0.06646525679758308 0.031516183986371384
0 0.6612537764350453 0.9735945485519591 0.06722054380664652 0.03577512776831346
1 0.6159365558912386 0.07453151618398637 0.033987915407854986 0.06047700170357751
0 0.5388972809667674 0.02001703577512777 0.04305135951661632 0.04003407155025554
0 0.12311178247734139 0.10221465076660988 0.04682779456193353 0.07155025553662692
0 0.14614803625377643 0.09710391822827939 0.02945619335347432 0.056218057921635436
0 0.1627643504531722 0.09071550255536627 0.033987915407854986 0.05706984667802385
1 0.19070996978851965 0.08475298126064736 0.03851963746223565 0.05366269165247019
0 0.21148036253776434 0.0706984667802385 0.03474320241691843 0.059625212947189095
0 0.23338368580060423 0.0600511073253833 0.03323262839879154 0.04003407155025554
0 0.243202416918429 0.04514480408858603 0.03625377643504532 0.054514480408858604
0 0.26963746223564955 0.0379045996592845 0.027190332326283987 0.05536626916524702
0 0.297583081570997 0.032793867120954 0.0377643504531722 0.05025553662691652
0 0.25415407854984895 0.12308347529812606 0.030966767371601207 0.048551959114139696
0 0.2700151057401813 0.11456558773424191 0.02945619335347432 0.04514480408858603
1 0.290785498489426 0.10477001703577513 0.030211480362537763 0.06132879045996593
0 0.5626888217522659 0.09156729131175469 0.03172205438066465 0.06729131175468483
0 0.527190332326284 0.09923339011925043 0.028700906344410877 0.062180579216354344
0 0.36442598187311176 0.022146507666098807 0.03700906344410876 0.040885860306643956
0 0.3168429003021148 0.09667802385008518 0.035498489425981876 0.05536626916524702
0 0.34629909365558914 0.09327086882453152 0.03700906344410876 0.05025553662691652
0 0.3716012084592145 0.09625212947189098 0.03625377643504532 0.05110732538330494
0 0.3931268882175227 0.08645655877342419 0.033987915407854986 0.07240204429301533
1 0.4169184290030212 0.07325383304940375 0.03625377643504532 0.06984667802385008
0 0.45959214501510576 0.04812606473594549 0.04758308157099698 0.05366269165247019
0 0.4399546827794562 0.05579216354344123 0.0324773413897281 0.05536626916524702
0 0.5173716012084593 0.14863713798977854 0.05740181268882175 0.03492333901192504
0 0.5453172205438066 0.1903747870528109 0.06646525679758308 0.036626916524701875
0 0.5373867069486404 0.22572402044293016 0.06722054380664652 0.03747870528109029
0 0.4943353474320242 0.2632027257240204 0.04909365558912387 0.05110732538330494
0 0.5649546827794562 0.28449744463373083 0.04984894259818731 0.054514480408858604
0 0.5064199395770392 0.3215502555366269 0.04154078549848943 0.062180579216354344
0 0.5226586102719033 0.35093696763202725 0.03927492447129909 0.06132879045996593
0 0.5759063444108762 0.32964224872231684 0.0445619335347432 0.04258943781942078
1 0.8123111782477341 0.5425894378194208 0.05513595166163142 0.04940374787052811
0 0.7983383685800605 0.522572402044293 0.04984894259818731 0.04003407155025554
0 0.7870090634441088 0.4825383304940375 0.04833836858006042 0.036626916524701875
0 0.7836102719033232 0.4403747870528109 0.0581570996978852 0.04258943781942078
0 0.7632175226586103 0.4020442930153322 0.05362537764350453 0.04258943781942078
0 0.770392749244713 0.37649063032367974 0.04682779456193353 0.04940374787052811
0 0.7197885196374623 0.35093696763202725 0.021148036253776436 0.05792163543441227
0 0.7522658610271903 0.3522146507666099 0.03323262839879154 0.048551959114139696
0 0.7318731117824774 0.2874787052810903 0.06948640483383686 0.041737649063032366
0 0.7246978851963746 0.2551107325383305 0.05966767371601209 0.036626916524701875
0 0.7077039274924471 0.2074105621805792 0.05891238670694864 0.03492333901192504
0 0.702416918429003 0.06473594548551959 0.03927492447129909 0.05281090289608177
0 0.7107250755287009 0.14991482112436116 0.027190332326283987 0.054514480408858604
1 0.7330060422960725 0.14778534923339012 0.030966767371601207 0.05025553662691652
0 0.7537764350453172 0.06303236797274277 0.03474320241691843 0.06132879045996593
0 0.5419184290030211 0.8824531516183987 0.06570996978851963 0.05110732538330494
0 0.5419184290030211 0.9143952299829642 0.06419939577039276 0.03321976149914821
0 0.540785498489426 0.9348381601362862 0.06797583081570997 0.03492333901192504
0 0.5524924471299094 0.9565587734241908 0.06722054380664652 0.034071550255536626
0 0.543429003021148 0.9804088586030665 0.06570996978851963 0.030664395229982964
1 0.341012084592145 0.15885860306643954 0.04003021148036254 0.065587734241908
0 0.3149546827794562 0.16354344122657583 0.03625377643504532 0.06303236797274277
1 0.297583081570997 0.17589437819420783 0.030211480362537763 0.06388415672913117
0 0.28134441087613293 0.1797274275979557 0.033987915407854986 0.054514480408858604
1 0.25604229607250756 0.20954003407155025 0.060422960725075525 0.039182282793867124
0 0.6435045317220544 0.6511925042589438 0.04380664652567976 0.048551959114139696
0 0.6121601208459214 0.5988074957410562 0.05664652567975831 0.039182282793867124
0 0.6295317220543807 0.6226575809199318 0.05060422960725076 0.044293015332197615
0 0.6212235649546828 0.5753833049403748 0.07326283987915408 0.04003407155025554
0 0.37537764350453173 0.5706984667802385 0.06646525679758308 0.040885860306643956
0 0.34441087613293053 0.49701873935264057 0.060422960725075525 0.05366269165247019
0 0.3202416918429003 0.41141396933560476 0.0649546827794562 0.05110732538330494
0 0.422583081570997 0.5093696763202725 0.05966767371601209 0.04258943781942078
0 0.5336102719033232 0.39480408858603067 0.04909365558912387 0.05025553662691652
1 0.5834592145015106 0.3624361158432709 0.0445619335347432 0.06047700170357751
0 0.5981873111782477 0.39352640545144807 0.054380664652567974 0.04599659284497445
0 0.5400302114803626 0.4229131175468484 0.05740181268882175 0.04003407155025554
0 0.5574018126888217 0.4459114139693356 0.045317220543806644 0.05025553662691652
0 0.6144259818731118 0.4109880749574106 0.06570996978851963 0.05025553662691652
0 0.6295317220543807 0.446763202725724 0.06117824773413897 0.03833049403747871
0 0.5725075528700906 0.46848381601362865 0.054380664652567974 0.040885860306643956
0 0.5917673716012085 0.4889267461669506 0.04909365558912387 0.03747870528109029
1 0.6469033232628398 0.4804088586030664 0.05362537764350453 0.039182282793867124
0 0.5917673716012085 0.5195911413969335 0.05060422960725076 0.044293015332197615
0 0.6008308157099698 0.5557921635434412 0.04758308157099698 0.036626916524701875
0 0.6537009063444109 0.5076660988074958 0.05060422960725076 0.03747870528109029
1 0.47658610271903323 0.6954855195911414 0.0649546827794562 0.03492333901192504
0 0.4663897280966767 0.6686541737649063 0.06117824773413897 0.03577512776831346
1 0.4652567975830816 0.6443781942078365 0.054380664652567974 0.03492333901192504
0 0.4501510574018127 0.6128620102214651 0.07401812688821752 0.04003407155025554
0 0.4588368580060423 0.5741056218057922 0.08987915407854985 0.04599659284497445
0 0.43013595166163143 0.5417376490630323 0.06268882175226587 0.02555366269165247
1 0.3938821752265861 0.4663543441226576 0.04154078549848943 0.03492333901192504
1 0.39274924471299094 0.4450596252129472 0.061933534743202415 0.026405451448040886
0 0.40370090634441086 0.4199318568994889 0.05966767371601209 0.034071550255536626
0 0.3300604229607251 0.21039182282793867 0.05891238670694864 0.05110732538330494
0 0.34705438066465255 0.23424190800681433 0.04607250755287009 0.044293015332197615
0 0.35158610271903323 0.25766609880749575 0.0581570996978852 0.036626916524701875
0 0.28172205438066467 0.24190800681431004 0.061933534743202415 0.040885860306643956
0 0.2877643504531722 0.2866269165247019 0.0649546827794562 0.041737649063032366
0 0.29418429003021146 0.3126064735945486 0.0581570996978852 0.04258943781942078
0 0.30551359516616317 0.34497444633730834 0.0581570996978852 0.040885860306643956
0 0.3640483383685801 0.32793867120954 0.052870090634441085 0.056218057921635436
1 0.37613293051359514 0.3534923339011925 0.05740181268882175 0.039182282793867124
0 0.3776435045317221 0.37223168654173766 0.04833836858006042 0.04258943781942078
0 0.3961480362537764 0.3841567291311755 0.05362537764350453 0.04770017035775128
