3 0.422583081570997 0.9092844974446337 0.1729607250755287 0.09965928449744464
3 0.6401057401812689 0.9173764906303237 0.1608761329305136 0.09028960817717206
3 0.8323262839879154 0.9114139693356048 0.1268882175226586 0.09710391822827939
3 0.9588368580060423 0.9050255536626917 0.07477341389728097 0.08773424190800681
0 0.04871601208459214 0.3615843270868825 0.04758308157099698 0.07240204429301533
1 0.24093655589123866 0.7270017035775128 0.07099697885196375 0.051959114139693355
2 0.04909365558912387 0.3573253833049404 0.030211480362537763 0.029812606473594547
1 0.09138972809667674 0.028109028960817718 0.060422960725075525 0.040885860306643956
0 0.10460725075528701 0.065587734241908 0.04909365558912387 0.03747870528109029
0 0.18277945619335348 0.042163543441226574 0.05891238670694864 0.036626916524701875
0 0.18240181268882175 0.06856899488926746 0.05513595166163142 0.0434412265758092
0 0.18580060422960726 0.10647359454855196 0.0513595166163142 0.040885860306643956
0 0.18882175226586104 0.13841567291311754 0.04984894259818731 0.029812606473594547
0 0.1884441087613293 0.16567291311754684 0.05513595166163142 0.03321976149914821
0 0.19259818731117825 0.1997444633730835 0.054380664652567974 0.03492333901192504
1 0.10989425981873112 0.18228279386712096 0.06570996978851963 0.034071550255536626
0 0.10309667673716012 0.20442930153321975 0.05362537764350453 0.03236797274275979
0 0.20166163141993956 0.23211243611584328 0.05740181268882175 0.03321976149914821
0 0.20090634441087613 0.2538330494037479 0.054380664652567974 0.03236797274275979
0 0.19901812688821752 0.27001703577512776 0.06117824773413897 0.03236797274275979
0 0.1971299093655589 0.29471890971039183 0.054380664652567974 0.03577512776831346
0 0.2190332326283988 0.3147359454855196 0.04682779456193353 0.03492333901192504
0 0.2175226586102719 0.34880749574105624 0.055891238670694864 0.031516183986371384
0 0.1404833836858006 0.2994037478705281 0.060422960725075525 0.03492333901192504
0 0.13897280966767372 0.33049403747870526 0.05740181268882175 0.034071550255536626
0 0.1299093655589124 0.3820272572402044 0.055891238670694864 0.05706984667802385
0 0.21185800604229607 0.37776831345826234 0.06117824773413897 0.03833049403747871
0 0.21487915407854985 0.41396933560477 0.05362537764350453 0.039182282793867124
0 0.20166163141993956 0.4425042589437819 0.04984894259818731 0.028109028960817718
0 0.23187311178247735 0.50809199318569 0.055891238670694864 0.03321976149914821
0 0.2175226586102719 0.5340715502555367 0.05891238670694864 0.03236797274275979
0 0.23829305135951662 0.563458262350937 0.0581570996978852 0.041737649063032366
0 0.23074018126888218 0.6030664395229983 0.05513595166163142 0.034071550255536626
0 0.23564954682779457 0.6541737649063033 0.052870090634441085 0.03577512776831346
