0 0.817717206132879 0.5936967632027257 0.06814310051107325 0.034071550255536626
0 0.813458262350937 0.5604770017035775 0.06132879045996593 0.02555366269165247
0 0.7900340715502555 0.4723168654173765 0.06899488926746167 0.031516183986371384
0 0.7772572402044293 0.43483816013628623 0.06899488926746167 0.03492333901192504
0 0.774701873935264 0.389267461669506 0.058773424190800685 0.03236797274275979
0 0.7717206132879046 0.3526405451448041 0.06643952299829642 0.030664395229982964
0 0.6976149914821125 0.21124361158432708 0.03747870528109029 0.056218057921635436
0 0.6737649063032368 0.2010221465076661 0.044293015332197615 0.05110732538330494
0 0.5817717206132879 0.2176320272572402 0.03236797274275979 0.06047700170357751
0 0.5536626916524702 0.23083475298126066 0.034071550255536626 0.05792163543441227
0 0.5166098807495741 0.22657580919931858 0.03321976149914821 0.06473594548551959
0 0.4991482112436116 0.23679727427597955 0.03577512776831346 0.05281090289608177
0 0.46379897785349233 0.25042589437819424 0.031516183986371384 0.056218057921635436
0 0.444633730834753 0.2614991482112436 0.028960817717206135 0.04770017035775128
0 0.4190800681431005 0.2670357751277683 0.034071550255536626 0.048551959114139696
0 0.39863713798977857 0.2921635434412266 0.030664395229982964 0.05792163543441227
0 0.3747870528109029 0.2934412265758092 0.034071550255536626 0.05706984667802385
0 0.31218057921635434 0.3253833049403748 0.036626916524701875 0.05281090289608177
1 0.29045996592844975 0.3351788756388416 0.034071550255536626 0.05025553662691652
0 0.27001703577512776 0.3534923339011925 0.030664395229982964 0.05792163543441227
0 0.24148211243611584 0.3743611584327087 0.019591141396933562 0.062180579216354344
0 0.217206132879046 0.3756388415672913 0.03577512776831346 0.056218057921635436
1 0.1950596252129472 0.3747870528109029 0.020442930153321978 0.056218057921635436
1 0.17291311754684838 0.37734241908006816 0.02555366269165247 0.039182282793867124
0 0.1746166950596252 0.41950596252129474 0.022146507666098807 0.06047700170357751
0 0.1469335604770017 0.4109880749574106 0.028109028960817718 0.06388415672913117
0 0.12649063032367974 0.4284497444633731 0.026405451448040886 0.04599659284497445
1 0.10817717206132879 0.4331345826235094 0.027257240204429302 0.051959114139693355
0 0.07793867120954004 0.4463373083475298 0.041737649063032366 0.06643952299829642
0 0.06047700170357751 0.46252129471890974 0.028960817717206135 0.06473594548551959
0 0.034497444633730834 0.45954003407155025 0.036626916524701875 0.08432708688245315
0 0.01192504258943782 0.4791311754684838 0.02555366269165247 0.0706984667802385
