1 0.4550604229607251 0.34454855195911416 0.06419939577039276 0.05536626916524702
1 0.3028700906344411 0.40332197614991483 0.04682779456193353 0.0706984667802385
0 0.2707703927492447 0.4229131175468484 0.03851963746223565 0.06388415672913117
1 0.243202416918429 0.4109880749574106 0.04833836858006042 0.06729131175468483
1 0.2277190332326284 0.42589437819420783 0.04758308157099698 0.07155025553662692
1 0.18882175226586104 0.44293015332197616 0.04229607250755287 0.08006814310051108
0 0.1574773413897281 0.46422487223168657 0.04909365558912387 0.07495741056218058
0 0.12311178247734139 0.48807495741056217 0.0377643504531722 0.07495741056218058
0 0.08610271903323263 0.47061328790459966 0.03927492447129909 0.075809199318569
2 0.03700906344410876 0.4833901192504259 0.030211480362537763 0.03833049403747871
0 0.06306646525679759 0.5051107325383305 0.03851963746223565 0.06643952299829642
0 0.03134441087613293 0.5072402044293015 0.05060422960725076 0.06388415672913117
