2 0.5362537764350453 0.17031722054380666 0.04078549848942598 0.03700906344410876
0 0.5351208459214502 0.17938066465256797 0.04758308157099698 0.06117824773413897
0 0.5169939577039275 0.37084592145015105 0.07930513595166164 0.0377643504531722
0 0.5445619335347432 0.39916918429003023 0.0634441087613293 0.030966767371601207
0 0.5619335347432024 0.43089123867069484 0.08761329305135952 0.04154078549848943
0 0.5759063444108762 0.4860271903323263 0.09290030211480363 0.03851963746223565
0 0.5970543806646526 0.5336102719033232 0.08534743202416918 0.04154078549848943
0 0.6049848942598187 0.5657099697885196 0.07401812688821752 0.03927492447129909
0 0.6083836858006042 0.5895015105740181 0.05513595166163142 0.033987915407854986
0 0.622356495468278 0.6087613293051359 0.0755287009063444 0.03927492447129909
0 0.629154078549849 0.638595166163142 0.09667673716012085 0.0324773413897281
0 0.6321752265861027 0.6718277945619335 0.0891238670694864 0.030966767371601207
0 0.6484138972809668 0.7031722054380665 0.09894259818731117 0.04229607250755287
0 0.6638972809667674 0.7413141993957704 0.1042296072507553 0.04003021148036254
0 0.6638972809667674 0.7911631419939577 0.09818731117824774 0.03851963746223565
0 0.6808912386706949 0.8281722054380665 0.06117824773413897 0.0702416918429003
0 0.7069486404833837 0.8851963746223565 0.0891238670694864 0.03474320241691843
1 0.6922205438066465 0.845166163141994 0.07326283987915408 0.045317220543806644
0 0.7016616314199395 0.9331570996978852 0.09667673716012085 0.04003021148036254
0 0.7111027190332326 0.970166163141994 0.07930513595166164 0.0445619335347432
0 0.5944108761329305 0.02379154078549849 0.09214501510574018 0.023413897280966767
0 0.6008308157099698 0.05324773413897281 0.07477341389728097 0.026435045317220542
0 0.631797583081571 0.09554380664652568 0.09290030211480363 0.030966767371601207
1 0.6302870090634441 0.12575528700906344 0.0702416918429003 0.0188821752265861
1 0.6302870090634441 0.1419939577039275 0.09138972809667674 0.030211480362537763
0 0.6431268882175226 0.17522658610271905 0.07175226586102719 0.030211480362537763
0 0.6555891238670695 0.20619335347432025 0.08610271903323263 0.03625377643504532
1 0.6570996978851964 0.229607250755287 0.0770392749244713 0.030211480362537763
1 0.6797583081570997 0.25755287009063443 0.10574018126888217 0.03625377643504532
1 0.6846676737160121 0.341012084592145 0.09138972809667674 0.03700906344410876
1 0.7088368580060423 0.388595166163142 0.06722054380664652 0.035498489425981876
1 0.7212990936555891 0.4180513595166163 0.08157099697885196 0.033987915407854986
0 0.729607250755287 0.4380664652567976 0.07250755287009064 0.0256797583081571
0 0.6816465256797583 0.2998489425981873 0.07175226586102719 0.02416918429003021
0 0.6873111782477341 0.283987915407855 0.06948640483383686 0.022658610271903322
1 0.752643504531722 0.48413897280966767 0.08987915407854985 0.04078549848942598
0 0.7594410876132931 0.5302114803625377 0.08081570996978851 0.030211480362537763
0 0.7643504531722054 0.5490936555891238 0.0755287009063444 0.0256797583081571
0 0.7858761329305136 0.5694864048338368 0.07477341389728097 0.03474320241691843
0 0.7888972809667674 0.6049848942598187 0.09894259818731117 0.03172205438066465
0 0.8089123867069486 0.6351963746223565 0.07854984894259819 0.04229607250755287
0 0.8149546827794562 0.6790030211480362 0.08157099697885196 0.03323262839879154
0 0.8425226586102719 0.7103474320241692 0.08081570996978851 0.027945619335347432
1 0.827416918429003 0.7398036253776435 0.09894259818731117 0.04154078549848943
0 0.8602719033232629 0.7666163141993958 0.06646525679758308 0.03172205438066465
0 0.8670694864048338 0.7930513595166163 0.08761329305135952 0.022658610271903322
0 0.8757552870090635 0.8138217522658611 0.08534743202416918 0.02945619335347432
0 0.8765105740181269 0.8368580060422961 0.06873111782477341 0.022658610271903322
0 0.8783987915407855 0.8557401812688822 0.07854984894259819 0.027190332326283987
0 0.8991691842900302 0.895392749244713 0.07628398791540786 0.0324773413897281
1 0.8878398791540786 0.9286253776435045 0.07175226586102719 0.03851963746223565
0 0.9018126888217523 0.9765861027190332 0.0770392749244713 0.0256797583081571
0 0.9127643504531722 0.9588368580060423 0.06117824773413897 0.023413897280966767
0 0.9082326283987915 0.9422205438066465 0.06873111782477341 0.024924471299093656
