0 0.1559667673716012 0.3561178247734139 0.08987915407854985 0.05060422960725076
0 0.1559667673716012 0.41200906344410876 0.06722054380664652 0.03700906344410876
0 0.42182779456193353 0.9361782477341389 0.04305135951661632 0.04909365558912387
0 0.4622356495468278 0.9490181268882175 0.019637462235649546 0.05664652567975831
0 0.4777190332326284 0.9629909365558912 0.027945619335347432 0.04682779456193353
0 0.5007552870090635 0.9807401812688822 0.019637462235649546 0.0324773413897281
0 0.17862537764350453 0.45128398791540786 0.06570996978851963 0.03851963746223565
0 0.19486404833836857 0.5147280966767371 0.061933534743202415 0.04305135951661632
0 0.18051359516616314 0.6216012084592145 0.05740181268882175 0.04078549848942598
1 0.18051359516616314 0.6722054380664653 0.054380664652567974 0.05740181268882175
0 0.1623867069486405 0.7111027190332326 0.04229607250755287 0.0445619335347432
0 0.13935045317220543 0.7239425981873112 0.04154078549848943 0.05664652567975831
0 0.11933534743202417 0.7450906344410876 0.04078549848942598 0.05513595166163142
1 0.0634441087613293 0.7386706948640483 0.07250755287009064 0.019637462235649546
0 0.04871601208459214 0.7707703927492447 0.05513595166163142 0.030966767371601207
0 0.2681268882175227 0.7330060422960725 0.04380664652567976 0.04909365558912387
0 0.25113293051359514 0.7477341389728097 0.03851963746223565 0.0513595166163142
0 0.2394259818731118 0.7662386706948641 0.052870090634441085 0.04305135951661632
1 0.21450151057401812 0.7896525679758308 0.05740181268882175 0.05362537764350453
0 0.21601208459214502 0.8277945619335347 0.0377643504531722 0.0513595166163142
1 0.17749244712990936 0.8191087613293051 0.04833836858006042 0.0581570996978852
0 0.1537009063444109 0.8251510574018127 0.03700906344410876 0.04607250755287009
1 0.12764350453172205 0.8334592145015106 0.04229607250755287 0.06268882175226587
0 0.10158610271903323 0.8444108761329305 0.030966767371601207 0.055891238670694864
0 0.08157099697885196 0.854607250755287 0.0256797583081571 0.05362537764350453
1 0.05664652567975831 0.8462990936555891 0.03474320241691843 0.05966767371601209
1 0.04154078549848943 0.8564954682779456 0.0377643504531722 0.054380664652567974
0 0.02001510574018127 0.8440332326283988 0.033987915407854986 0.04758308157099698
