2 0.6808912386706949 0.8219761499148212 0.0581570996978852 0.05110732538330494
3 0.270392749244713 0.6286201022146508 0.1510574018126888 0.19591141396933562
3 0.4070996978851964 0.5728279386712095 0.14350453172205438 0.19676320272572403
3 0.2847432024169184 0.9173764906303237 0.16012084592145015 0.15843270868824533
3 0.4879154078549849 0.8321976149914821 0.1540785498489426 0.2061328790459966
3 0.11518126888217523 0.9454855195911414 0.1336858006042296 0.09880749574105623
0 0.06306646525679759 0.3479557069846678 0.05060422960725076 0.07751277683134583
0 0.21487915407854985 0.2785349233390119 0.05513595166163142 0.08858603066439523
1 0.2809667673716012 0.25255536626916525 0.0513595166163142 0.07751277683134583
0 0.3236404833836858 0.23168654173764908 0.04758308157099698 0.07836456558773425
0 0.3632930513595166 0.23126064735945487 0.052870090634441085 0.07240204429301533
0 0.49697885196374625 0.17844974446337308 0.061933534743202415 0.036626916524701875
0 0.5196374622356495 0.21081771720613288 0.04833836858006042 0.03492333901192504
0 0.5430513595166163 0.23509369676320274 0.04833836858006042 0.028960817717206135
0 0.5551359516616314 0.2670357751277683 0.06797583081570997 0.03833049403747871
0 0.5751510574018127 0.305366269165247 0.06117824773413897 0.031516183986371384
0 0.5793051359516617 0.3287904599659284 0.0649546827794562 0.02555366269165247
0 0.5932779456193353 0.34667802385008517 0.05211480362537765 0.020442930153321978
0 0.600453172205438 0.3658432708688245 0.04682779456193353 0.029812606473594547
0 0.6064954682779456 0.3952299829642249 0.054380664652567974 0.027257240204429302
0 0.6159365558912386 0.41567291311754684 0.05664652567975831 0.02555366269165247
0 0.6299093655589124 0.43611584327086883 0.06646525679758308 0.02385008517887564
0 0.6302870090634441 0.45868824531516184 0.05513595166163142 0.022998296422487224
0 0.6404833836858006 0.4787052810902896 0.05740181268882175 0.022146507666098807
0 0.6582326283987915 0.5051107325383305 0.05513595166163142 0.027257240204429302
0 0.6665407854984894 0.5336456558773425 0.05966767371601209 0.031516183986371384
0 0.6756042296072508 0.5651618398637138 0.05664652567975831 0.028109028960817718
0 0.6280211480362538 0.8879897785349233 0.07175226586102719 0.029812606473594547
0 0.6238670694864048 0.8632879045996593 0.055891238670694864 0.022998296422487224
0 0.6219788519637462 0.8079216354344123 0.04758308157099698 0.036626916524701875
0 0.5876132930513596 0.7879045996592845 0.05740181268882175 0.02555366269165247
0 0.6759818731117825 0.588160136286201 0.06646525679758308 0.024701873935264056
0 0.6880664652567976 0.606473594548552 0.061933534743202415 0.020442930153321978
0 0.698262839879154 0.6264906303236797 0.06117824773413897 0.029812606473594547
0 0.7133685800604229 0.6614139693356048 0.06419939577039276 0.03321976149914821
0 0.7277190332326284 0.6933560477001703 0.06722054380664652 0.03236797274275979
0 0.7447129909365559 0.7278534923339012 0.061933534743202415 0.03492333901192504
0 0.7549093655589124 0.7585178875638842 0.05513595166163142 0.03321976149914821
0 0.7688821752265861 0.788756388415673 0.05740181268882175 0.02555366269165247
0 0.7737915407854985 0.8121805792163543 0.05513595166163142 0.024701873935264056
1 0.7802114803625377 0.8356047700170358 0.061933534743202415 0.027257240204429302
0 0.7832326283987915 0.8658432708688245 0.061933534743202415 0.026405451448040886
0 0.7877643504531722 0.8896933560477002 0.0513595166163142 0.03321976149914821
0 0.7983383685800605 0.9114139693356048 0.03474320241691843 0.02555366269165247
