0 0.8855740181268882 0.024546827794561934 0.05664652567975831 0.0324773413897281
0 0.9055891238670695 0.05626888217522659 0.07099697885196375 0.0445619335347432
0 0.9210725075528701 0.12122356495468278 0.06722054380664652 0.04758308157099698
0 0.9010574018126888 0.229607250755287 0.07250755287009064 0.03927492447129909
1 0.899546827794562 0.2824773413897281 0.0513595166163142 0.06646525679758308
0 0.879154078549849 0.327416918429003 0.04380664652567976 0.05211480362537765
0 0.8625377643504532 0.33496978851963743 0.055891238670694864 0.06570996978851963
0 0.8349697885196374 0.35876132930513593 0.04003021148036254 0.061933534743202415
1 0.7760574018126888 0.3561178247734139 0.0702416918429003 0.02945619335347432
0 0.7609516616314199 0.3942598187311178 0.0581570996978852 0.03323262839879154
0 0.32779456193353473 0.08270392749244714 0.055891238670694864 0.030966767371601207
0 0.3421450151057402 0.11140483383685801 0.061933534743202415 0.035498489425981876
0 0.34365558912386707 0.12084592145015105 0.052870090634441085 0.04229607250755287
1 0.3568731117824773 0.1423716012084592 0.06117824773413897 0.0445619335347432
0 0.35007552870090636 0.17182779456193353 0.04758308157099698 0.04758308157099698
0 0.36253776435045315 0.17409365558912387 0.05740181268882175 0.04758308157099698
0 0.36253776435045315 0.19901812688821752 0.052870090634441085 0.04909365558912387
0 0.3870845921450151 0.21790030211480363 0.0702416918429003 0.03700906344410876
0 0.40558912386706947 0.24622356495468278 0.06797583081570997 0.04984894259818731
0 0.4006797583081571 0.3013595166163142 0.06722054380664652 0.045317220543806644
0 0.40672205438066467 0.3228851963746224 0.04607250755287009 0.04607250755287009
1 0.4169184290030212 0.32968277945619334 0.045317220543806644 0.04607250755287009
1 0.4588368580060423 0.3666918429003021 0.0581570996978852 0.05362537764350453
0 0.4380664652567976 0.3496978851963746 0.060422960725075525 0.04833836858006042
0 0.45128398791540786 0.4006797583081571 0.03700906344410876 0.06268882175226587
1 0.47394259818731116 0.425226586102719 0.04909365558912387 0.06646525679758308
0 0.4811178247734139 0.46941087613293053 0.05740181268882175 0.05362537764350453
0 0.4890483383685801 0.47318731117824775 0.06419939577039276 0.04154078549848943
0 0.4966012084592145 0.47507552870090636 0.05211480362537765 0.045317220543806644
0 0.5086858006042296 0.4845166163141994 0.06873111782477341 0.035498489425981876
0 0.5143504531722054 0.5362537764350453 0.06948640483383686 0.04682779456193353
2 0.5113293051359517 0.5347432024169184 0.0377643504531722 0.03474320241691843
2 0.44599697885196377 0.6087613293051359 0.03700906344410876 0.03625377643504532
0 0.4516616314199396 0.6117824773413897 0.05740181268882175 0.04984894259818731
0 0.5743957703927492 0.45770392749244715 0.0445619335347432 0.05891238670694864
1 0.5460725075528701 0.4807401812688822 0.03625377643504532 0.06873111782477341
0 0.5917673716012085 0.4516616314199396 0.027945619335347432 0.055891238670694864
0 0.6095166163141994 0.4777190332326284 0.03474320241691843 0.05513595166163142
1 0.618202416918429 0.45317220543806647 0.05060422960725076 0.0634441087613293
0 0.6442598187311178 0.44750755287009064 0.04229607250755287 0.05966767371601209
0 0.6722054380664653 0.4754531722054381 0.04078549848942598 0.06419939577039276
1 0.6884441087613293 0.4716767371601208 0.04154078549848943 0.06268882175226587
1 0.7080815709969789 0.4799848942598187 0.04154078549848943 0.06419939577039276
0 0.725453172205438 0.4754531722054381 0.04003021148036254 0.06268882175226587
1 0.7488670694864048 0.486404833836858 0.04154078549848943 0.055891238670694864
1 0.7658610271903323 0.47583081570996977 0.04078549848942598 0.061933534743202415
0 0.7904078549848943 0.4792296072507553 0.033987915407854986 0.06117824773413897
0 0.8126888217522659 0.4735649546827795 0.03474320241691843 0.0513595166163142
1 0.8308157099697885 0.4675226586102719 0.04229607250755287 0.04833836858006042
1 0.8440332326283988 0.45845921450151056 0.04003021148036254 0.0634441087613293
0 0.8693353474320241 0.4505287009063444 0.03927492447129909 0.05664652567975831
1 0.8919939577039275 0.4407099697885196 0.04380664652567976 0.0581570996978852
0 0.9282477341389728 0.4520392749244713 0.03927492447129909 0.05966767371601209
1 0.9305135951661632 0.411631419939577 0.04984894259818731 0.052870090634441085
0 0.949773413897281 0.38255287009063443 0.04758308157099698 0.05664652567975831
0 0.9667673716012084 0.3610271903323263 0.045317220543806644 0.05740181268882175
0 0.9784743202416919 0.34327794561933533 0.03851963746223565 0.05513595166163142
0 0.9848942598187311 0.8987915407854985 0.022658610271903322 0.061933534743202415
0 0.9682779456193353 0.879154078549849 0.03323262839879154 0.07250755287009064
0 0.94297583081571 0.8640483383685801 0.05211480362537765 0.04984894259818731
1 0.9206948640483383 0.8455438066465257 0.061933534743202415 0.07477341389728097
0 0.8882175226586103 0.8175981873111783 0.06797583081570997 0.04003021148036254
0 0.8693353474320241 0.790785498489426 0.04078549848942598 0.0513595166163142
0 0.8572507552870091 0.7911631419939577 0.0377643504531722 0.06117824773413897
1 0.8376132930513596 0.7737915407854985 0.03927492447129909 0.06722054380664652
0 0.8134441087613293 0.7681268882175226 0.0377643504531722 0.06797583081570997
0 0.7930513595166163 0.7330060422960725 0.0377643504531722 0.06419939577039276
0 0.7677492447129909 0.7477341389728097 0.024924471299093656 0.0649546827794562
1 0.7545317220543807 0.7288519637462235 0.03172205438066465 0.05740181268882175
1 0.7122356495468278 0.6967522658610272 0.021148036253776436 0.06419939577039276
0 0.6990181268882175 0.7118580060422961 0.0324773413897281 0.05513595166163142
1 0.6654078549848943 0.6895770392749244 0.022658610271903322 0.08157099697885196
0 0.6435045317220544 0.6771148036253777 0.04380664652567976 0.06419939577039276
1 0.6306646525679759 0.68202416918429 0.04682779456193353 0.07250755287009064
1 0.6129154078549849 0.6986404833836858 0.04909365558912387 0.060422960725075525
0 0.5694864048338368 0.6790030211480362 0.054380664652567974 0.04229607250755287
0 0.5268126888217523 0.6805135951661632 0.06268882175226587 0.0377643504531722
0 0.5800604229607251 0.709214501510574 0.04984894259818731 0.04682779456193353
0 0.5638217522658611 0.7220543806646526 0.03700906344410876 0.055891238670694864
1 0.5456948640483383 0.729607250755287 0.0445619335347432 0.060422960725075525
0 0.5347432024169184 0.7435800604229608 0.04229607250755287 0.06722054380664652
0 0.5098187311178247 0.747356495468278 0.030211480362537763 0.06117824773413897
0 0.49395770392749244 0.75 0.03625377643504532 0.060422960725075525
1 0.4716767371601208 0.7488670694864048 0.033987915407854986 0.05211480362537765
1 0.4626132930513595 0.770392749244713 0.04003021148036254 0.04984894259818731
0 0.4214501510574018 0.7416918429003021 0.0256797583081571 0.054380664652567974
0 0.44297583081570996 0.779833836858006 0.027945619335347432 0.06117824773413897
0 0.4180513595166163 0.7794561933534743 0.0324773413897281 0.054380664652567974
1 0.3795317220543807 0.779833836858006 0.035498489425981876 0.05664652567975831
0 0.375 0.8085347432024169 0.035498489425981876 0.06570996978851963
1 0.36706948640483383 0.8353474320241692 0.045317220543806644 0.07250755287009064
0 0.34176737160120846 0.81797583081571 0.0324773413897281 0.061933534743202415
0 0.3145770392749245 0.8153323262839879 0.027945619335347432 0.05362537764350453
1 0.2847432024169184 0.8311933534743202 0.04833836858006042 0.05966767371601209
1 0.2685045317220544 0.8444108761329305 0.0445619335347432 0.04984894259818731
0 0.2537764350453172 0.8636706948640483 0.03172205438066465 0.0581570996978852
1 0.2280966767371601 0.8663141993957704 0.04229607250755287 0.06948640483383686
1 0.21148036253776434 0.8863293051359517 0.04078549848942598 0.06419939577039276
1 0.19826283987915408 0.8897280966767371 0.035498489425981876 0.0513595166163142
0 0.19297583081570996 0.8991691842900302 0.035498489425981876 0.05060422960725076
0 0.17371601208459214 0.9025679758308157 0.03474320241691843 0.052870090634441085
0 0.14841389728096677 0.8810422960725075 0.05362537764350453 0.05513595166163142
0 0.11933534743202417 0.9335347432024169 0.04078549848942598 0.05891238670694864
0 0.09667673716012085 0.9358006042296072 0.04229607250755287 0.0755287009063444
0 0.08496978851963746 0.9607250755287009 0.04154078549848943 0.052870090634441085
0 0.03663141993957704 0.9679003021148036 0.027945619335347432 0.05664652567975831
0 0.052492447129909366 0.9652567975830816 0.0324773413897281 0.060422960725075525
1 0.04947129909365559 0.023413897280966767 0.06873111782477341 0.03172205438066465
1 0.05740181268882175 0.044939577039274925 0.07250755287009064 0.04305135951661632
1 0.06759818731117825 0.07741691842900301 0.07477341389728097 0.04607250755287009
0 0.0857250755287009 0.10687311178247734 0.07175226586102719 0.0324773413897281
0 0.08799093655589124 0.131797583081571 0.0702416918429003 0.04003021148036254
0 0.09138972809667674 0.145392749244713 0.06646525679758308 0.03700906344410876
0 0.10120845921450151 0.17560422960725075 0.0649546827794562 0.03700906344410876
0 0.118202416918429 0.19599697885196374 0.06570996978851963 0.027945619335347432
0 0.12726586102719034 0.23338368580060423 0.0702416918429003 0.030211480362537763
0 0.13406344410876134 0.25490936555891236 0.06722054380664652 0.024924471299093656
0 0.14652567975830816 0.28134441087613293 0.0649546827794562 0.035498489425981876
0 0.15823262839879154 0.30438066465256797 0.05664652567975831 0.0377643504531722
0 0.16880664652567975 0.32892749244712993 0.07175226586102719 0.04154078549848943
1 0.18504531722054382 0.34629909365558914 0.0649546827794562 0.04758308157099698
0 0.18693353474320243 0.3776435045317221 0.05664652567975831 0.04229607250755287
0 0.23225075528700906 0.37802114803625375 0.07628398791540786 0.02945619335347432
0 0.19977341389728095 0.40294561933534745 0.05966767371601209 0.03851963746223565
0 0.22507552870090636 0.4199395770392749 0.060422960725075525 0.027190332326283987
0 0.2685045317220544 0.4278700906344411 0.06873111782477341 0.026435045317220542
0 0.21299093655589124 0.44410876132930516 0.06948640483383686 0.03172205438066465
0 0.22507552870090636 0.4509063444108761 0.05891238670694864 0.0256797583081571
0 0.2639728096676737 0.4622356495468278 0.05664652567975831 0.03172205438066465
0 0.23187311178247735 0.4890483383685801 0.05891238670694864 0.030966767371601207
0 0.23829305135951662 0.506797583081571 0.06419939577039276 0.03474320241691843
0 0.32099697885196377 0.5275679758308157 0.0649546827794562 0.0324773413897281
1 0.2809667673716012 0.5392749244712991 0.06948640483383686 0.03474320241691843
0 0.29607250755287007 0.5626888217522659 0.0649546827794562 0.028700906344410877
0 0.2794561933534743 0.574773413897281 0.061933534743202415 0.03474320241691843
0 0.2243202416918429 0.5634441087613293 0.05740181268882175 0.03625377643504532
0 0.26246223564954685 0.6008308157099698 0.06117824773413897 0.02945619335347432
0 0.3028700906344411 0.622356495468278 0.060422960725075525 0.028700906344410877
0 0.27794561933534745 0.6340634441087614 0.06948640483383686 0.03851963746223565
1 0.2239425981873112 0.6030966767371602 0.0581570996978852 0.03851963746223565
0 0.20619335347432025 0.5781722054380665 0.055891238670694864 0.033987915407854986
0 0.18731117824773413 0.5955438066465257 0.060422960725075525 0.0445619335347432
0 0.17069486404833836 0.6027190332326284 0.0634441087613293 0.03625377643504532
0 0.229607250755287 0.6397280966767371 0.054380664652567974 0.03323262839879154
0 0.19750755287009064 0.6552114803625377 0.0702416918429003 0.03700906344410876
0 0.18504531722054382 0.68202416918429 0.061933534743202415 0.030211480362537763
2 0.24018126888217523 0.6790030211480362 0.04833836858006042 0.02416918429003021
0 0.2262084592145015 0.7027945619335347 0.0702416918429003 0.024924471299093656
0 0.2122356495468278 0.7209214501510574 0.0649546827794562 0.02945619335347432
1 0.14123867069486404 0.6170694864048338 0.06948640483383686 0.03625377643504532
0 0.09063444108761329 0.6446374622356495 0.045317220543806644 0.05966767371601209
0 0.11140483383685801 0.6876888217522659 0.0702416918429003 0.02945619335347432
0 0.16389728096676737 0.7311178247734139 0.04984894259818731 0.04229607250755287
1 0.04720543806646526 0.665785498489426 0.05664652567975831 0.06570996978851963
1 0.055891238670694864 0.7413141993957704 0.0513595166163142 0.03700906344410876
0 0.02416918429003021 0.6914652567975831 0.04380664652567976 0.05513595166163142
0 0.022658610271903322 0.722809667673716 0.04078549848942598 0.055891238670694864
0 0.02756797583081571 0.7673716012084593 0.05362537764350453 0.03172205438066465
0 0.03927492447129909 0.8100453172205438 0.054380664652567974 0.0445619335347432
0 0.08799093655589124 0.7749244712990937 0.05966767371601209 0.03172205438066465
1 0.12802114803625378 0.7669939577039275 0.07175226586102719 0.023413897280966767
1 0.11518126888217523 0.7394259818731118 0.05966767371601209 0.02416918429003021
0 0.06382175226586102 0.7145015105740181 0.05362537764350453 0.0256797583081571
0 0.1027190332326284 0.7163897280966768 0.05891238670694864 0.030966767371601207
