3 0.16141396933560478 0.8560606060606061 0.14395229982964225 0.2603305785123967
2 0.16013628620102216 0.7100550964187328 0.05281090289608177 0.07575757575757576
0 0.29557069846678025 0.6632231404958678 0.05110732538330494 0.07024793388429752
0 0.22657580919931858 0.49931129476584024 0.07495741056218058 0.08402203856749312
1 0.21039182282793867 0.4359504132231405 0.05110732538330494 0.07575757575757576
1 0.18185689948892675 0.32575757575757575 0.05025553662691652 0.07300275482093664
0 0.17035775127768313 0.2706611570247934 0.05792163543441227 0.04269972451790634
0 0.15502555366269166 0.23209366391184574 0.06303236797274277 0.05371900826446281
1 0.14522998296422487 0.19559228650137742 0.051959114139693355 0.05234159779614325
0 0.12393526405451448 0.15289256198347106 0.05366269165247019 0.046831955922865015
0 0.10689948892674617 0.10950413223140495 0.06047700170357751 0.05371900826446281
0 0.08390119250425894 0.03512396694214876 0.05536626916524702 0.05096418732782369
