1 0.04418429003021148 0.9161631419939577 0.06722054380664652 0.028700906344410877
0 0.044939577039274925 0.8908610271903323 0.06873111782477341 0.02190332326283988
0 0.028323262839879154 0.8829305135951662 0.04758308157099698 0.027190332326283987
1 0.06873111782477341 0.9807401812688822 0.05891238670694864 0.026435045317220542
0 0.05891238670694864 0.9622356495468278 0.04984894259818731 0.030211480362537763
0 0.0513595166163142 0.9478851963746223 0.055891238670694864 0.0256797583081571
0 0.17560422960725075 0.9637462235649547 0.04758308157099698 0.03927492447129909
0 0.16503021148036254 0.9335347432024169 0.05362537764350453 0.022658610271903322
0 0.13897280966767372 0.8799093655589124 0.04380664652567976 0.04984894259818731
0 0.1537009063444109 0.9037009063444109 0.05513595166163142 0.05211480362537765
0 0.12084592145015105 0.8500755287009063 0.05740181268882175 0.026435045317220542
0 0.10120845921450151 0.8183534743202416 0.05740181268882175 0.033987915407854986
0 0.11253776435045318 0.8334592145015106 0.04984894259818731 0.03700906344410876
0 0.04078549848942598 0.7088368580060423 0.03927492447129909 0.05060422960725076
0 0.06835347432024169 0.7503776435045317 0.0581570996978852 0.04003021148036254
0 0.07930513595166164 0.7858761329305136 0.055891238670694864 0.03700906344410876
0 0.37009063444108764 0.341012084592145 0.061933534743202415 0.03700906344410876
0 0.6374622356495468 0.9811178247734139 0.0649546827794562 0.028700906344410877
0 0.7292296072507553 0.9546827794561934 0.06117824773413897 0.03323262839879154
0 0.6824018126888217 0.8308157099697885 0.0581570996978852 0.0377643504531722
0 0.6740936555891238 0.8576283987915407 0.0581570996978852 0.030966767371601207
0 0.7262084592145015 0.9297583081570997 0.0581570996978852 0.03172205438066465
0 0.7118580060422961 0.9150302114803626 0.05513595166163142 0.033987915407854986
0 0.7016616314199395 0.8840634441087614 0.0513595166163142 0.033987915407854986
0 0.4588368580060423 0.300226586102719 0.06419939577039276 0.027945619335347432
0 0.466012084592145 0.31797583081570996 0.054380664652567974 0.0256797583081571
0 0.38557401812688824 0.38293051359516617 0.05966767371601209 0.030211480362537763
0 0.3821752265861027 0.4074773413897281 0.045317220543806644 0.03700906344410876
0 0.39274924471299094 0.43051359516616317 0.061933534743202415 0.027190332326283987
0 0.4025679758308157 0.4104984894259819 0.055891238670694864 0.035498489425981876
0 0.40558912386706947 0.4478851963746224 0.054380664652567974 0.0377643504531722
0 0.4697885196374622 0.5725075528700906 0.054380664652567974 0.03323262839879154
0 0.45959214501510576 0.5925226586102719 0.05513595166163142 0.03700906344410876
0 0.4762084592145015 0.6155589123867069 0.05362537764350453 0.03625377643504532
0 0.4871601208459215 0.6306646525679759 0.052870090634441085 0.03172205438066465
0 0.49584592145015105 0.6427492447129909 0.05966767371601209 0.03172205438066465
0 0.5030211480362538 0.6695619335347432 0.055891238670694864 0.04909365558912387
0 0.5090634441087614 0.6937311178247734 0.06797583081570997 0.033987915407854986
0 0.5109516616314199 0.7148791540785498 0.05513595166163142 0.0324773413897281
0 0.5268126888217523 0.7235649546827795 0.0581570996978852 0.03625377643504532
0 0.5336102719033232 0.75 0.06268882175226587 0.030211480362537763
0 0.5453172205438066 0.7685045317220544 0.054380664652567974 0.030966767371601207
0 0.5509818731117825 0.7866314199395771 0.05060422960725076 0.04154078549848943
0 0.5626888217522659 0.8225075528700906 0.04380664652567976 0.03474320241691843
0 0.5762839879154078 0.8368580060422961 0.04984894259818731 0.04078549848942598
0 0.5853474320241692 0.8564954682779456 0.054380664652567974 0.030211480362537763
0 0.5808157099697885 0.8753776435045317 0.04984894259818731 0.03172205438066465
0 0.5845921450151057 0.8893504531722054 0.04984894259818731 0.0324773413897281
0 0.5940332326283988 0.898036253776435 0.05664652567975831 0.03474320241691843
0 0.5955438066465257 0.9135196374622356 0.04758308157099698 0.033987915407854986
0 0.6064954682779456 0.9259818731117825 0.055891238670694864 0.03474320241691843
0 0.48564954682779454 0.354607250755287 0.05740181268882175 0.03700906344410876
0 0.4954682779456193 0.36895770392749244 0.052870090634441085 0.035498489425981876
0 0.5060422960725075 0.39161631419939574 0.0513595166163142 0.035498489425981876
0 0.5177492447129909 0.4150302114803625 0.04909365558912387 0.035498489425981876
0 0.5268126888217523 0.4369335347432024 0.04758308157099698 0.04003021148036254
0 0.5373867069486404 0.4573262839879154 0.04154078549848943 0.04305135951661632
0 0.5392749244712991 0.4788519637462236 0.0377643504531722 0.04229607250755287
1 0.5426737160120846 0.5011329305135952 0.0445619335347432 0.03851963746223565
0 0.5630664652567976 0.5332326283987915 0.05513595166163142 0.03323262839879154
0 0.5751510574018127 0.5604229607250756 0.04607250755287009 0.04380664652567976
0 0.5838368580060423 0.5793051359516617 0.05740181268882175 0.04229607250755287
0 0.5936555891238671 0.6057401812688822 0.0513595166163142 0.045317220543806644
0 0.6095166163141994 0.6253776435045317 0.04682779456193353 0.0377643504531722
0 0.6072507552870091 0.6491691842900302 0.05740181268882175 0.04305135951661632
0 0.6140483383685801 0.6635196374622356 0.0513595166163142 0.04003021148036254
0 0.6824018126888217 0.797583081570997 0.04305135951661632 0.04682779456193353
0 0.6627643504531722 0.7813444108761329 0.05513595166163142 0.033987915407854986
1 0.6533232628398792 0.7726586102719033 0.05740181268882175 0.03625377643504532
0 0.6570996978851964 0.7488670694864048 0.04984894259818731 0.04154078549848943
1 0.6446374622356495 0.7348942598187311 0.04909365558912387 0.028700906344410877
0 0.6344410876132931 0.7212990936555891 0.05740181268882175 0.03474320241691843
0 0.6253776435045317 0.6861782477341389 0.04984894259818731 0.04003021148036254
0 0.698262839879154 0.8644259818731118 0.05211480362537765 0.035498489425981876
