0 0.02416918429003021 0.243801652892562 0.04833836858006042 0.05785123966942149
0 0.027945619335347432 0.29338842975206614 0.045317220543806644 0.05785123966942149
0 0.0377643504531722 0.3546831955922865 0.04833836858006042 0.07024793388429752
0 0.03814199395770393 0.38980716253443526 0.0581570996978852 0.07162534435261708
0 0.04607250755287009 0.4297520661157025 0.05740181268882175 0.06336088154269973
0 0.05173716012084592 0.46831955922865015 0.06117824773413897 0.06336088154269973
0 0.060045317220543806 0.5130853994490359 0.06117824773413897 0.05096418732782369
0 0.0649546827794562 0.5578512396694215 0.060422960725075525 0.046831955922865015
0 0.08345921450151057 0.575068870523416 0.05362537764350453 0.05096418732782369
0 0.07288519637462236 0.6074380165289256 0.06117824773413897 0.046831955922865015
0 0.09327794561933535 0.6163911845730028 0.05211480362537765 0.05371900826446281
0 0.08006042296072508 0.662534435261708 0.054380664652567974 0.05509641873278237
0 0.09516616314199396 0.6804407713498623 0.061933534743202415 0.046831955922865015
0 0.10687311178247734 0.7024793388429752 0.05513595166163142 0.06336088154269973
0 0.09969788519637462 0.7472451790633609 0.05891238670694864 0.05096418732782369
0 0.12197885196374622 0.796831955922865 0.0581570996978852 0.05647382920110193
1 0.11518126888217523 0.8333333333333334 0.07628398791540786 0.05234159779614325
0 0.12915407854984895 0.8960055096418733 0.0634441087613293 0.05647382920110193
0 0.13708459214501512 0.9524793388429752 0.0581570996978852 0.048209366391184574
