3 0.13969335604770017 0.547583081570997 0.13798977853492334 0.1661631419939577
3 0.44293015332197616 0.9418429003021148 0.1567291311754685 0.11178247734138973
0 0.034497444633730834 0.3961480362537764 0.05366269165247019 0.06117824773413897
0 0.05792163543441227 0.055513595166163145 0.05281090289608177 0.04003021148036254
0 0.07325383304940375 0.08345921450151057 0.04599659284497445 0.05513595166163142
0 0.08816013628620102 0.1042296072507553 0.04003407155025554 0.04682779456193353
0 0.09838160136286202 0.12953172205438065 0.046848381601362864 0.05362537764350453
0 0.1247870528109029 0.1778700906344411 0.048551959114139696 0.05513595166163142
0 0.1469335604770017 0.20090634441087613 0.036626916524701875 0.0513595166163142
0 0.16013628620102216 0.21450151057401812 0.05792163543441227 0.04380664652567976
0 0.16609880749574105 0.24735649546827795 0.04940374787052811 0.05060422960725076
1 0.013628620102214651 0.38368580060422963 0.027257240204429302 0.05740181268882175
1 0.04386712095400341 0.0411631419939577 0.046848381601362864 0.04758308157099698
