0 0.32968277945619334 0.02001510574018127 0.06722054380664652 0.03851963746223565
0 0.3402567975830816 0.04078549848942598 0.06722054380664652 0.03625377643504532
0 0.3421450151057402 0.06533232628398791 0.061933534743202415 0.03851963746223565
0 0.35913897280966767 0.08081570996978851 0.06570996978851963 0.02416918429003021
0 0.36744712990936557 0.09705438066465256 0.0702416918429003 0.027945619335347432
0 0.34176737160120846 0.11555891238670694 0.07477341389728097 0.0256797583081571
1 0.3712235649546828 0.1351963746223565 0.07477341389728097 0.03172205438066465
0 0.3795317220543807 0.1419939577039275 0.07477341389728097 0.03323262839879154
0 0.37197885196374625 0.1714501510574018 0.07779456193353475 0.028700906344410877
0 0.39123867069486407 0.19297583081570996 0.0770392749244713 0.035498489425981876
0 0.3969033232628399 0.21978851963746224 0.06419939577039276 0.03625377643504532
0 0.4003021148036254 0.24924471299093656 0.06646525679758308 0.0256797583081571
0 0.41540785498489424 0.2726586102719033 0.07250755287009064 0.04229607250755287
0 0.4199395770392749 0.29229607250755285 0.07250755287009064 0.03172205438066465
0 0.4195619335347432 0.311178247734139 0.06117824773413897 0.030211480362537763
0 0.43391238670694865 0.3293051359516616 0.06419939577039276 0.028700906344410877
0 0.43580060422960726 0.34705438066465255 0.07401812688821752 0.0324773413897281
0 0.4490181268882175 0.3731117824773414 0.06268882175226587 0.0377643504531722
0 0.45770392749244715 0.3931268882175227 0.07250755287009064 0.03700906344410876
0 0.4418429003021148 0.4195619335347432 0.0770392749244713 0.033987915407854986
0 0.4788519637462236 0.4278700906344411 0.07250755287009064 0.033987915407854986
0 0.47394259818731116 0.44826283987915405 0.07628398791540786 0.0324773413897281
0 0.48564954682779454 0.4641238670694864 0.0649546827794562 0.027945619335347432
0 0.4814954682779456 0.4845166163141994 0.06570996978851963 0.04003021148036254
1 0.493202416918429 0.5049093655589124 0.0770392749244713 0.03700906344410876
1 0.506797583081571 0.5147280966767371 0.07250755287009064 0.035498489425981876
0 0.49509063444108764 0.5358761329305136 0.06570996978851963 0.02945619335347432
0 0.5147280966767371 0.5638217522658611 0.07326283987915408 0.030966767371601207
1 0.5249244712990937 0.5936555891238671 0.0755287009063444 0.03625377643504532
0 0.529833836858006 0.6136706948640483 0.06570996978851963 0.02945619335347432
0 0.5309667673716012 0.6351963746223565 0.0649546827794562 0.03323262839879154
1 0.5483383685800605 0.6582326283987915 0.0770392749244713 0.03700906344410876
0 0.5513595166163142 0.6835347432024169 0.0770392749244713 0.03474320241691843
0 0.5691087613293051 0.6978851963746223 0.0702416918429003 0.03172205438066465
0 0.5604229607250756 0.7194108761329305 0.07401812688821752 0.024924471299093656
0 0.5781722054380665 0.7405589123867069 0.06268882175226587 0.0324773413897281
0 0.5872356495468278 0.7813444108761329 0.07175226586102719 0.030966767371601207
0 0.6064954682779456 0.8160876132930514 0.07250755287009064 0.027945619335347432
0 0.5811933534743202 0.8395015105740181 0.0702416918429003 0.03700906344410876
0 0.6125377643504532 0.8470543806646526 0.07401812688821752 0.0324773413897281
0 0.6057401812688822 0.8648036253776435 0.07250755287009064 0.03323262839879154
0 0.6299093655589124 0.9059667673716012 0.0649546827794562 0.035498489425981876
0 0.6423716012084593 0.9210725075528701 0.07477341389728097 0.033987915407854986
0 0.6438821752265861 0.9444864048338368 0.08534743202416918 0.04305135951661632
0 0.6476586102719033 0.9626132930513596 0.07930513595166164 0.027945619335347432
1 0.6669184290030211 0.9867824773413897 0.08006042296072508 0.02190332326283988
1 0.9101208459214502 0.9441087613293051 0.07099697885196375 0.04229607250755287
0 0.9218277945619335 0.956570996978852 0.06873111782477341 0.04154078549848943
0 0.9131419939577039 0.9803625377643505 0.061933534743202415 0.028700906344410877
0 0.9029456193353474 0.9214501510574018 0.06722054380664652 0.03474320241691843
0 0.9029456193353474 0.8972809667673716 0.06117824773413897 0.03323262839879154
1 0.8859516616314199 0.8821752265861027 0.05891238670694864 0.04682779456193353
0 0.8867069486404834 0.8549848942598187 0.061933534743202415 0.03625377643504532
0 0.8821752265861027 0.8217522658610272 0.0649546827794562 0.03927492447129909
1 0.8617824773413897 0.81797583081571 0.0649546827794562 0.04078549848942598
0 0.8716012084592145 0.7941842900302115 0.06646525679758308 0.04154078549848943
1 0.850453172205438 0.7881419939577039 0.055891238670694864 0.04607250755287009
0 0.8561178247734139 0.7624622356495468 0.05664652567975831 0.04003021148036254
0 0.8353474320241692 0.7620845921450151 0.061933534743202415 0.055891238670694864
0 0.81797583081571 0.7209214501510574 0.060422960725075525 0.04758308157099698
0 0.8489425981873112 0.7258308157099698 0.05891238670694864 0.04833836858006042
0 0.802870090634441 0.7088368580060423 0.0513595166163142 0.04305135951661632
1 0.8194864048338368 0.6782477341389728 0.0649546827794562 0.04229607250755287
0 0.81797583081571 0.6544561933534743 0.0649546827794562 0.03700906344410876
0 0.8225075528700906 0.6329305135951662 0.07099697885196375 0.030211480362537763
0 0.8092900302114804 0.6140483383685801 0.06570996978851963 0.03474320241691843
0 0.8055135951661632 0.5872356495468278 0.06722054380664652 0.0324773413897281
0 0.8058912386706949 0.5611782477341389 0.06646525679758308 0.03172205438066465
0 0.8595166163141994 0.5619335347432024 0.0513595166163142 0.0649546827794562
0 0.8742447129909365 0.5415407854984894 0.05513595166163142 0.060422960725075525
0 0.8912386706948641 0.5422960725075529 0.04380664652567976 0.05891238670694864
0 0.902190332326284 0.5234138972809668 0.0445619335347432 0.0513595166163142
0 0.9312688821752266 0.5381419939577039 0.045317220543806644 0.04607250755287009
0 0.9395770392749244 0.5185045317220544 0.04229607250755287 0.04909365558912387
0 0.956570996978852 0.5226586102719033 0.04305135951661632 0.055891238670694864
0 0.9837613293051359 0.48527190332326287 0.026435045317220542 0.0445619335347432
0 0.604607250755287 0.016993957703927493 0.05211480362537765 0.0324773413897281
0 0.6083836858006042 0.035876132930513595 0.06419939577039276 0.04758308157099698
0 0.6163141993957704 0.04720543806646526 0.061933534743202415 0.04607250755287009
0 0.6125377643504532 0.0736404833836858 0.06646525679758308 0.0445619335347432
0 0.6283987915407855 0.09441087613293052 0.07099697885196375 0.04229607250755287
0 0.6442598187311178 0.11140483383685801 0.054380664652567974 0.04607250755287009
0 0.648036253776435 0.1540785498489426 0.0755287009063444 0.03927492447129909
0 0.6574773413897281 0.18126888217522658 0.05513595166163142 0.04984894259818731
1 0.6623867069486404 0.2103474320241692 0.06646525679758308 0.05362537764350453
0 0.6756042296072508 0.22658610271903323 0.07175226586102719 0.04078549848942598
0 0.6714501510574018 0.24924471299093656 0.06646525679758308 0.045317220543806644
0 0.6907099697885196 0.25793051359516617 0.06117824773413897 0.04607250755287009
0 0.6993957703927492 0.2790785498489426 0.07401812688821752 0.04909365558912387
0 0.7054380664652568 0.3021148036253776 0.07401812688821752 0.04682779456193353
0 0.7061933534743202 0.3300604229607251 0.0649546827794562 0.045317220543806644
0 0.7258308157099698 0.347809667673716 0.060422960725075525 0.06117824773413897
0 0.7311178247734139 0.3787764350453172 0.07099697885196375 0.03851963746223565
0 0.7179003021148036 0.4240936555891239 0.04758308157099698 0.06873111782477341
0 0.7462235649546828 0.4335347432024169 0.045317220543806644 0.07854984894259819
2 0.6601208459214502 0.4916918429003021 0.030211480362537763 0.045317220543806644
2 0.6370845921450151 0.506797583081571 0.027945619335347432 0.03172205438066465
0 0.7836102719033232 0.40634441087613293 0.0324773413897281 0.06646525679758308
0 0.8021148036253777 0.4142749244712991 0.0256797583081571 0.0702416918429003
1 0.8074018126888217 0.39123867069486407 0.03323262839879154 0.06948640483383686
0 0.827416918429003 0.3870845921450151 0.0324773413897281 0.06268882175226587
0 0.849320241691843 0.3659365558912387 0.026435045317220542 0.06873111782477341
0 0.8689577039274925 0.35876132930513593 0.030966767371601207 0.0649546827794562
0 0.8919939577039275 0.3493202416918429 0.03323262839879154 0.0581570996978852
0 0.9067220543806647 0.3530966767371601 0.027945619335347432 0.05966767371601209
0 0.9237160120845922 0.34327794561933533 0.028700906344410877 0.05664652567975831
0 0.949773413897281 0.3474320241691843 0.03851963746223565 0.0634441087613293
0 0.9652567975830816 0.32137462235649544 0.03172205438066465 0.05664652567975831
0 0.9799848942598187 0.3440332326283988 0.02945619335347432 0.06570996978851963
