0 0.16805135951661632 0.030664395229982964 0.02945619335347432 0.05110732538330494
0 0.20241691842900303 0.029812606473594547 0.045317220543806644 0.028960817717206135
0 0.20959214501510573 0.04812606473594549 0.04909365558912387 0.03492333901192504
0 0.21601208459214502 0.06942078364565588 0.05740181268882175 0.03321976149914821
0 0.22016616314199397 0.08986371379897785 0.0581570996978852 0.03321976149914821
0 0.23904833836858005 0.12691652470187395 0.05966767371601209 0.05110732538330494
0 0.28965256797583083 0.08432708688245315 0.05513595166163142 0.05281090289608177
0 0.2802114803625378 0.056218057921635436 0.0513595166163142 0.04770017035775128
1 0.2737915407854985 0.041737649063032366 0.0445619335347432 0.04940374787052811
1 0.24471299093655588 0.1465076660988075 0.0634441087613293 0.04258943781942078
0 0.2450906344410876 0.16780238500851788 0.04909365558912387 0.039182282793867124
0 0.2590634441087613 0.1695059625212947 0.055891238670694864 0.039182282793867124
0 0.24622356495468278 0.19889267461669508 0.055891238670694864 0.05706984667802385
0 0.2688821752265861 0.21422487223168654 0.04380664652567976 0.058773424190800685
0 0.27794561933534745 0.23424190800681433 0.052870090634441085 0.04599659284497445
1 0.3259063444108761 0.2176320272572402 0.06117824773413897 0.046848381601362864
1 0.2809667673716012 0.260221465076661 0.052870090634441085 0.051959114139693355
0 0.29040785498489424 0.28534923339011925 0.05362537764350453 0.044293015332197615
0 0.3009818731117825 0.303236797274276 0.05060422960725076 0.044293015332197615
0 0.3175981873111782 0.3321976149914821 0.04909365558912387 0.044293015332197615
0 0.34176737160120846 0.356473594548552 0.05966767371601209 0.05536626916524702
0 0.3496978851963746 0.3798977853492334 0.055891238670694864 0.04770017035775128
0 0.35007552870090636 0.42163543441226575 0.06419939577039276 0.04258943781942078
0 0.3621601208459215 0.45229982964224874 0.05362537764350453 0.03577512776831346
0 0.368202416918429 0.4744463373083475 0.0581570996978852 0.03577512776831346
0 0.43202416918429004 0.4450596252129472 0.061933534743202415 0.046848381601362864
0 0.4425981873111782 0.4701873935264055 0.054380664652567974 0.039182282793867124
0 0.44561933534743203 0.4829642248722317 0.05891238670694864 0.03747870528109029
0 0.38972809667673713 0.5136286201022147 0.052870090634441085 0.04940374787052811
0 0.3848187311178248 0.5404599659284498 0.05362537764350453 0.046848381601362864
0 0.40483383685800606 0.5506814310051107 0.045317220543806644 0.058773424190800685
0 0.4501510574018127 0.49701873935264057 0.05740181268882175 0.022998296422487224
0 0.45279456193353473 0.5085178875638842 0.05513595166163142 0.027257240204429302
1 0.4580815709969788 0.5268313458262351 0.05362537764350453 0.029812606473594547
0 0.46865558912386707 0.5413117546848382 0.05966767371601209 0.03321976149914821
0 0.4705438066465257 0.5587734241908007 0.061933534743202415 0.03747870528109029
0 0.4773413897280967 0.5809199318568995 0.055891238670694864 0.03747870528109029
0 0.4882930513595166 0.5988074957410562 0.05664652567975831 0.03577512776831346
0 0.4901812688821752 0.618824531516184 0.0513595166163142 0.036626916524701875
0 0.41200906344410876 0.5911413969335605 0.04607250755287009 0.039182282793867124
0 0.42560422960725075 0.6158432708688245 0.05664652567975831 0.040885860306643956
0 0.43277945619335345 0.6422487223168655 0.04833836858006042 0.04258943781942078
0 0.45279456193353473 0.692504258943782 0.04758308157099698 0.05281090289608177
0 0.4607250755287009 0.712947189097104 0.04984894259818731 0.05792163543441227
0 0.4724320241691843 0.729557069846678 0.04154078549848943 0.058773424190800685
0 0.5124622356495468 0.6724872231686542 0.05362537764350453 0.04003407155025554
0 0.5124622356495468 0.6997444633730835 0.05966767371601209 0.036626916524701875
0 0.5264350453172205 0.717206132879046 0.060422960725075525 0.040885860306643956
0 0.5381419939577039 0.7342419080068143 0.05664652567975831 0.044293015332197615
0 0.5441842900302115 0.7585178875638842 0.06117824773413897 0.04003407155025554
0 0.5487160120845922 0.7768313458262351 0.05362537764350453 0.034071550255536626
0 0.4705438066465257 0.7708688245315162 0.0513595166163142 0.03236797274275979
0 0.4871601208459215 0.780664395229983 0.055891238670694864 0.03833049403747871
1 0.41654078549848944 0.7896081771720613 0.04909365558912387 0.07836456558773425
2 0.41842900302114805 0.7870528109028961 0.03172205438066465 0.044293015332197615
0 0.4973564954682779 0.8057921635434412 0.05362537764350453 0.03577512776831346
0 0.5011329305135952 0.82793867120954 0.05211480362537765 0.03747870528109029
1 0.5083081570996979 0.854344122657581 0.06797583081570997 0.039182282793867124
0 0.5687311178247734 0.8411413969335605 0.055891238670694864 0.051959114139693355
0 0.523036253776435 0.8901192504258943 0.0445619335347432 0.056218057921635436
0 0.5328549848942599 0.907580919931857 0.04758308157099698 0.062180579216354344
0 0.5759063444108762 0.8620102214650767 0.05060422960725076 0.040885860306643956
0 0.5834592145015106 0.8850085178875639 0.04758308157099698 0.04770017035775128
0 0.5895015105740181 0.907580919931857 0.05664652567975831 0.048551959114139696
0 0.597809667673716 0.9288756388415673 0.05664652567975831 0.03492333901192504
0 0.6012084592145015 0.9518739352640545 0.052870090634441085 0.03321976149914821
0 0.6125377643504532 0.9689097103918228 0.04682779456193353 0.03321976149914821
0 0.5320996978851964 0.9373935264054515 0.04758308157099698 0.051959114139693355
0 0.5373867069486404 0.9612436115843271 0.0445619335347432 0.05025553662691652
0 0.550226586102719 0.9676320272572402 0.05211480362537765 0.054514480408858604
2 0.2617069486404834 0.7321124361158433 0.035498489425981876 0.048551959114139696
0 0.23716012084592145 0.9778534923339012 0.07099697885196375 0.03577512776831346
0 0.24093655589123866 0.9476149914821125 0.06646525679758308 0.03833049403747871
0 0.22696374622356497 0.911839863713799 0.06570996978851963 0.026405451448040886
0 0.21374622356495468 0.8820272572402045 0.06646525679758308 0.046848381601362864
0 0.2035498489425982 0.83603066439523 0.0581570996978852 0.026405451448040886
0 0.2058157099697885 0.803236797274276 0.06117824773413897 0.03747870528109029
0 0.17258308157099697 0.7853492333901193 0.06873111782477341 0.027257240204429302
0 0.17182779456193353 0.7546848381601363 0.06873111782477341 0.034071550255536626
1 0.18126888217522658 0.7380749574105622 0.05891238670694864 0.024701873935264056
0 0.16805135951661632 0.719335604770017 0.0702416918429003 0.03492333901192504
0 0.16314199395770393 0.6895229982964225 0.0770392749244713 0.048551959114139696
0 0.15294561933534742 0.6605621805792163 0.07175226586102719 0.02129471890971039
0 0.1487915407854985 0.6426746166950597 0.06646525679758308 0.031516183986371384
0 0.1423716012084592 0.6256388415672913 0.0581570996978852 0.036626916524701875
0 0.1129154078549849 0.6030664395229983 0.06570996978851963 0.027257240204429302
1 0.11744712990936555 0.5783645655877343 0.0702416918429003 0.04770017035775128
0 0.11027190332326284 0.5583475298126065 0.0634441087613293 0.029812606473594547
0 0.11367069486404834 0.5332197614991482 0.05362537764350453 0.03577512776831346
0 0.09252265861027191 0.524701873935264 0.05513595166163142 0.04770017035775128
0 0.08459214501510574 0.49659284497444633 0.05891238670694864 0.039182282793867124
0 0.07817220543806647 0.4710391822827939 0.06268882175226587 0.03747870528109029
0 0.07212990936555891 0.4450596252129472 0.06268882175226587 0.03833049403747871
0 0.040407854984894256 0.42248722316865417 0.06268882175226587 0.02385008517887564
0 0.05702416918429003 0.41056218057921634 0.06268882175226587 0.02555366269165247
1 0.044939577039274925 0.3922487223168654 0.06570996978851963 0.031516183986371384
0 0.0547583081570997 0.37947189097103917 0.06268882175226587 0.024701873935264056
0 0.0324773413897281 0.368824531516184 0.061933534743202415 0.022146507666098807
0 0.04078549848942598 0.3492333901192504 0.060422960725075525 0.02555366269165247
0 0.02039274924471299 0.33262350936967633 0.03927492447129909 0.03492333901192504
0 0.035498489425981876 0.30706984667802384 0.060422960725075525 0.026405451448040886
0 0.02152567975830816 0.28960817717206133 0.04305135951661632 0.027257240204429302
