0 0.03323262839879154 0.3859516616314199 0.0649546827794562 0.04833836858006042
0 0.054380664652567974 0.4554380664652568 0.07250755287009064 0.03927492447129909
0 0.08308157099697885 0.5343655589123867 0.0755287009063444 0.030966767371601207
0 0.12273413897280967 0.6234894259818731 0.06117824773413897 0.035498489425981876
0 0.12953172205438065 0.6756042296072508 0.06419939577039276 0.035498489425981876
0 0.14652567975830816 0.7352719033232629 0.08006042296072508 0.04305135951661632
0 0.16578549848942598 0.7847432024169184 0.05966767371601209 0.03625377643504532
1 0.10460725075528701 0.5853474320241692 0.06268882175226587 0.03323262839879154
1 0.061933534743202415 0.48376132930513593 0.07099697885196375 0.03851963746223565
1 0.08119335347432025 0.5056646525679759 0.07175226586102719 0.030966767371601207
1 0.17938066465256797 0.8168429003021148 0.07477341389728097 0.03851963746223565
0 0.18277945619335348 0.8421450151057401 0.07250755287009064 0.027190332326283987
0 0.20808157099697885 0.895392749244713 0.07628398791540786 0.03851963746223565
1 0.24584592145015105 0.966012084592145 0.08836858006042296 0.03927492447129909
1 0.19259818731117825 0.8674471299093656 0.05891238670694864 0.04607250755287009
