3 0.4581673306772908 0.6356749311294766 0.22310756972111553 0.22176308539944906
3 0.3336653386454183 0.8223140495867769 0.31673306772908366 0.23415977961432508
1 0.651394422310757 0.4703856749311295 0.06772908366533864 0.10055096418732783
0 0.6334661354581673 0.6033057851239669 0.0796812749003984 0.11570247933884298
0 0.5846613545816733 0.4366391184573003 0.045816733067729085 0.09641873278236915
0 0.5069721115537849 0.4132231404958678 0.13346613545816732 0.06611570247933884
0 0.4850597609561753 0.3760330578512397 0.1254980079681275 0.046831955922865015
0 0.4960159362549801 0.33746556473829203 0.1593625498007968 0.03856749311294766
0 0.4631474103585657 0.3078512396694215 0.13745019920318724 0.04269972451790634
0 0.4143426294820717 0.2706611570247934 0.14741035856573706 0.028925619834710745
0 0.4910358565737052 0.22865013774104684 0.16533864541832669 0.04132231404958678
0 0.5308764940239044 0.18388429752066116 0.1454183266932271 0.05096418732782369
0 0.5398406374501992 0.15358126721763085 0.11952191235059761 0.0674931129476584
0 0.5806772908366534 0.1356749311294766 0.11354581673306773 0.05096418732782369
0 0.5756972111553785 0.08608815426997246 0.11553784860557768 0.03443526170798898
0 0.5886454183266933 0.047520661157024795 0.13346613545816732 0.03994490358126722
