1 0.13415672913117546 0.37862010221465076 0.06899488926746167 0.051959114139693355
2 0.131175468483816 0.37350936967632026 0.044293015332197615 0.036626916524701875
1 0.3143100511073254 0.12137989778534923 0.03577512776831346 0.046848381601362864
1 0.3441226575809199 0.1034923339011925 0.03577512776831346 0.041737649063032366
0 0.36754684838160134 0.08262350936967632 0.03833049403747871 0.040885860306643956
0 0.40034071550255534 0.05366269165247019 0.03747870528109029 0.03236797274275979
0 0.40502555366269166 0.18611584327086883 0.0434412265758092 0.036626916524701875
0 0.42759795570698467 0.1622657580919932 0.05110732538330494 0.03492333901192504
0 0.3543441226575809 0.18824531516183987 0.040885860306643956 0.04258943781942078
0 0.4233390119250426 0.034071550255536626 0.040885860306643956 0.028960817717206135
0 0.4659284497444634 0.13926746166950596 0.04258943781942078 0.03321976149914821
0 0.47998296422487224 0.12052810902896081 0.048551959114139696 0.022998296422487224
0 0.31899488926746167 0.1899488926746167 0.04003407155025554 0.04599659284497445
0 0.3045144804088586 0.19804088586030666 0.03321976149914821 0.04003407155025554
1 0.27299829642248724 0.21933560477001704 0.036626916524701875 0.046848381601362864
1 0.2389267461669506 0.22913117546848383 0.029812606473594547 0.04599659284497445
0 0.3718057921635434 0.15332197614991483 0.029812606473594547 0.044293015332197615
0 0.4186541737649063 0.12563884156729133 0.036626916524701875 0.03833049403747871
1 0.19761499148211245 0.25766609880749575 0.034071550255536626 0.03833049403747871
0 0.2282793867120954 0.2529812606473595 0.03236797274275979 0.05110732538330494
0 0.29003407155025557 0.1950596252129472 0.029812606473594547 0.03747870528109029
0 0.43696763202725725 0.08816013628620102 0.03577512776831346 0.03833049403747871
0 0.42589437819420783 0.09923339011925043 0.034071550255536626 0.036626916524701875
0 0.3943781942078365 0.12734241908006813 0.030664395229982964 0.036626916524701875
0 0.4505962521294719 0.01788756388415673 0.040885860306643956 0.03236797274275979
0 0.4527257240204429 0.0762350936967632 0.04003407155025554 0.04003407155025554
0 0.4846678023850085 0.09114139693356048 0.028960817717206135 0.02555366269165247
0 0.5528109028960818 0.06771720613287904 0.039182282793867124 0.03492333901192504
0 0.5119250425894378 0.0651618398637138 0.04258943781942078 0.022998296422487224
0 0.5068143100511073 0.036201022146507666 0.04770017035775128 0.03492333901192504
0 0.5873083475298126 0.026831345826235094 0.036626916524701875 0.05366269165247019
0 0.5379045996592845 0.09540034071550256 0.065587734241908 0.028960817717206135
0 0.5259795570698467 0.022998296422487224 0.03492333901192504 0.03747870528109029
0 0.5455706984667802 0.01746166950596252 0.03321976149914821 0.029812606473594547
0 0.17163543441226575 0.28321976149914824 0.03492333901192504 0.041737649063032366
0 0.030664395229982964 0.3965076660988075 0.04940374787052811 0.04514480408858603
0 0.07367972742759796 0.3428449744463373 0.028109028960817718 0.046848381601362864
1 0.08773424190800681 0.3368824531516184 0.034071550255536626 0.048551959114139696
1 0.06090289608177172 0.3526405451448041 0.03833049403747871 0.04940374787052811
0 0.041737649063032366 0.3628620102214651 0.03747870528109029 0.044293015332197615
0 0.1030664395229983 0.32410562180579217 0.028960817717206135 0.05366269165247019
0 0.11925042589437819 0.32197614991482115 0.027257240204429302 0.04770017035775128
0 0.1316013628620102 0.3091993185689949 0.024701873935264056 0.04770017035775128
0 0.14437819420783646 0.29684838160136284 0.04003407155025554 0.04514480408858603
0 0.02768313458262351 0.5494037478705281 0.03321976149914821 0.056218057921635436
0 0.05110732538330494 0.5442930153321976 0.03577512776831346 0.054514480408858604
0 0.06345826235093698 0.5242759795570698 0.04514480408858603 0.07410562180579217
0 0.08986371379897785 0.514480408858603 0.03833049403747871 0.054514480408858604
0 0.11669505962521295 0.5034071550255537 0.04940374787052811 0.044293015332197615
0 0.13841567291311754 0.477427597955707 0.028109028960817718 0.051959114139693355
0 0.15417376490630325 0.4804088586030664 0.03747870528109029 0.05281090289608177
0 0.16652470187393525 0.4608177172061329 0.028109028960817718 0.044293015332197615
0 0.715076660988075 0.11584327086882454 0.028109028960817718 0.06132879045996593
0 0.698892674616695 0.11584327086882454 0.026405451448040886 0.05792163543441227
0 0.6750425894378195 0.13202725724020442 0.0434412265758092 0.056218057921635436
0 0.6533219761499148 0.15928449744463374 0.03577512776831346 0.05792163543441227
0 0.6307495741056218 0.1643952299829642 0.03321976149914821 0.054514480408858604
1 0.6137137989778535 0.17589437819420783 0.036626916524701875 0.058773424190800685
0 0.5979557069846678 0.18100511073253833 0.040885860306643956 0.06047700170357751
0 0.5915672913117547 0.1997444633730835 0.0434412265758092 0.05536626916524702
0 0.5741056218057922 0.21933560477001704 0.028960817717206135 0.051959114139693355
0 0.5421635434412266 0.2333901192504259 0.03492333901192504 0.056218057921635436
0 0.2610732538330494 0.239778534923339 0.03833049403747871 0.0434412265758092
0 0.19293015332197616 0.45229982964224874 0.029812606473594547 0.056218057921635436
0 0.1997444633730835 0.4416524701873935 0.031516183986371384 0.041737649063032366
0 0.2223168654173765 0.436541737649063 0.028960817717206135 0.0434412265758092
0 0.24148211243611584 0.424190800681431 0.03321976149914821 0.04258943781942078
0 0.2610732538330494 0.40332197614991483 0.031516183986371384 0.07240204429301533
0 0.28492333901192507 0.3841567291311755 0.031516183986371384 0.06984667802385008
1 0.2989778534923339 0.35093696763202725 0.04599659284497445 0.04258943781942078
0 0.3321976149914821 0.3594548551959114 0.02555366269165247 0.056218057921635436
0 0.34667802385008517 0.35178875638841567 0.022146507666098807 0.05792163543441227
0 0.3701022146507666 0.3475298126064736 0.024701873935264056 0.056218057921635436
1 0.38841567291311757 0.3373083475298126 0.05281090289608177 0.04258943781942078
1 0.4331345826235094 0.30281090289608176 0.03833049403747871 0.05025553662691652
0 0.5046848381601363 0.25340715502555367 0.03492333901192504 0.05706984667802385
0 0.47572402044293016 0.26490630323679726 0.046848381601362864 0.04940374787052811
1 0.4612436115843271 0.2815161839863714 0.05025553662691652 0.05025553662691652
0 0.41141396933560476 0.30877342419080067 0.05110732538330494 0.04514480408858603
0 0.7359454855195912 0.11201022146507666 0.028960817717206135 0.05536626916524702
0 0.7627768313458263 0.09838160136286202 0.028109028960817718 0.05025553662691652
0 0.8713798977853493 0.03492333901192504 0.03577512776831346 0.05792163543441227
0 0.8922487223168655 0.02555366269165247 0.026405451448040886 0.04770017035775128
0 0.780664395229983 0.07495741056218058 0.04003407155025554 0.04940374787052811
1 0.8096252129471891 0.061754684838160136 0.041737649063032366 0.048551959114139696
