3 0.350597609561753 0.7613293051359517 0.34661354581673304 0.14803625377643503
3 0.8884462151394422 0.7141238670694864 0.2151394422310757 0.14425981873111782
3 0.1752988047808765 0.463368580060423 0.34661354581673304 0.14577039274924472
0 0.07470119521912351 0.22318731117824772 0.14940239043824702 0.017371601208459216
0 0.060756972111553786 0.2413141993957704 0.12151394422310757 0.024924471299093656
0 0.09760956175298804 0.20506042296072508 0.17928286852589642 0.0324773413897281
0 0.10856573705179283 0.18580060422960726 0.16135458167330677 0.0256797583081571
0 0.12848605577689243 0.1419939577039275 0.17729083665338646 0.028700906344410877
0 0.18127490039840638 0.125 0.1752988047808765 0.026435045317220542
1 0.12250996015936255 0.16767371601208458 0.16135458167330677 0.027190332326283987
1 0.20318725099601592 0.0804380664652568 0.1593625498007968 0.02039274924471299
0 0.21314741035856574 0.10196374622356495 0.1593625498007968 0.02416918429003021
0 0.24302788844621515 0.05853474320241692 0.17131474103585656 0.02190332326283988
0 0.25697211155378485 0.03700906344410876 0.16334661354581673 0.030211480362537763
0 0.24900398406374502 0.012084592145015106 0.17131474103585656 0.019637462235649546
0 0.3446215139442231 0.014350453172205438 0.16334661354581673 0.019637462235649546
1 0.37649402390438247 0.5260574018126888 0.13545816733067728 0.04003021148036254
0 0.38247011952191234 0.5479607250755287 0.11952191235059761 0.04003021148036254
0 0.4950199203187251 0.5638217522658611 0.0697211155378486 0.05664652567975831
0 0.5537848605577689 0.5740181268882175 0.07171314741035856 0.0513595166163142
0 0.5816733067729084 0.5887462235649547 0.08764940239043825 0.05966767371601209
0 0.6294820717131474 0.601963746223565 0.08764940239043825 0.055891238670694864
0 0.6782868525896414 0.6193353474320241 0.07768924302788845 0.061933534743202415
0 0.7001992031872509 0.6401057401812689 0.12151394422310757 0.0445619335347432
0 0.6822709163346613 0.8893504531722054 0.08565737051792828 0.05060422960725076
0 0.749003984063745 0.9067220543806647 0.08366533864541832 0.04607250755287009
0 0.5537848605577689 0.8538519637462235 0.08366533864541832 0.05211480362537765
0 0.6045816733067729 0.8610271903323263 0.07768924302788845 0.06797583081570997
0 0.6284860557768924 0.8742447129909365 0.07370517928286853 0.05362537764350453
0 0.8914342629482072 0.9663897280966768 0.09760956175298804 0.05513595166163142
1 0.8386454183266933 0.9384441087613293 0.08366533864541832 0.04909365558912387
1 0.947211155378486 0.9731873111782477 0.07370517928286853 0.04607250755287009
