0 0.07326283987915408 0.016993957703927493 0.055891238670694864 0.030966767371601207
0 0.0736404833836858 0.035498489425981876 0.05060422960725076 0.03172205438066465
0 0.0993202416918429 0.0411631419939577 0.05513595166163142 0.024924471299093656
0 0.0789274924471299 0.06570996978851963 0.06117824773413897 0.022658610271903322
0 0.09554380664652568 0.09290030211480363 0.05362537764350453 0.01812688821752266
0 0.09705438066465256 0.12235649546827794 0.04607250755287009 0.03323262839879154
0 0.11140483383685801 0.1404833836858006 0.05513595166163142 0.021148036253776436
0 0.11064954682779456 0.16389728096676737 0.06570996978851963 0.028700906344410877
0 0.12009063444108761 0.18277945619335348 0.052870090634441085 0.0256797583081571
1 0.12877643504531722 0.20430513595166164 0.05513595166163142 0.035498489425981876
0 0.13632930513595165 0.22696374622356497 0.06117824773413897 0.017371601208459216
0 0.1401057401812689 0.243202416918429 0.05966767371601209 0.0256797583081571
0 0.1608761329305136 0.2919184290030212 0.055891238670694864 0.023413897280966767
1 0.1506797583081571 0.2620845921450151 0.0581570996978852 0.03474320241691843
0 0.17371601208459214 0.31533232628398794 0.0634441087613293 0.026435045317220542
1 0.15974320241691842 0.33345921450151056 0.04909365558912387 0.035498489425981876
1 0.17371601208459214 0.34516616314199394 0.04380664652567976 0.030211480362537763
0 0.18089123867069487 0.3561178247734139 0.0445619335347432 0.03851963746223565
0 0.1846676737160121 0.375 0.05211480362537765 0.026435045317220542
0 0.19070996978851965 0.39086102719033233 0.05060422960725076 0.027945619335347432
0 0.18391238670694865 0.4150302114803625 0.05664652567975831 0.026435045317220542
0 0.21336858006042297 0.4086102719033233 0.030966767371601207 0.045317220543806644
0 0.21450151057401812 0.4471299093655589 0.0634441087613293 0.0377643504531722
0 0.21487915407854985 0.4637462235649547 0.05362537764350453 0.027190332326283987
0 0.2190332326283988 0.49131419939577037 0.04984894259818731 0.02190332326283988
0 0.2243202416918429 0.5056646525679759 0.052870090634441085 0.024924471299093656
0 0.2416918429003021 0.540785498489426 0.0634441087613293 0.03323262839879154
0 0.2518882175226586 0.5581570996978852 0.0702416918429003 0.0377643504531722
0 0.25793051359516617 0.5823262839879154 0.05664652567975831 0.022658610271903322
0 0.26472809667673713 0.6076283987915407 0.06419939577039276 0.023413897280966767
0 0.2753021148036254 0.6336858006042296 0.07930513595166164 0.03172205438066465
0 0.2892749244712991 0.6578549848942599 0.07250755287009064 0.022658610271903322
0 0.2824773413897281 0.6827794561933535 0.061933534743202415 0.03172205438066465
1 0.30551359516616317 0.6959969788519638 0.05060422960725076 0.030966767371601207
0 0.2949395770392749 0.7314954682779456 0.06117824773413897 0.023413897280966767
0 0.32968277945619334 0.7118580060422961 0.06419939577039276 0.0188821752265861
0 0.30400302114803623 0.7450906344410876 0.05664652567975831 0.02190332326283988
0 0.3202416918429003 0.7628398791540786 0.055891238670694864 0.022658610271903322
0 0.3304380664652568 0.7926737160120846 0.05362537764350453 0.026435045317220542
0 0.33799093655589124 0.8066465256797583 0.06117824773413897 0.028700906344410877
0 0.3459214501510574 0.8323262839879154 0.06948640483383686 0.02416918429003021
0 0.3512084592145015 0.8591389728096677 0.05891238670694864 0.0188821752265861
0 0.3523413897280967 0.8753776435045317 0.05060422960725076 0.03474320241691843
0 0.3716012084592145 0.8935045317220544 0.04078549848942598 0.0377643504531722
0 0.3610271903323263 0.9222054380664653 0.052870090634441085 0.03625377643504532
0 0.3851963746223565 0.9490181268882175 0.060422960725075525 0.033987915407854986
0 0.3938821752265861 0.9663897280966768 0.05664652567975831 0.030966767371601207
0 0.4014350453172205 0.9807401812688822 0.017371601208459216 0.033987915407854986
0 0.1763595166163142 0.9837613293051359 0.05664652567975831 0.02945619335347432
0 0.16125377643504532 0.975453172205438 0.04909365558912387 0.033987915407854986
0 0.14992447129909364 0.9512839879154078 0.035498489425981876 0.03700906344410876
0 0.14425981873111782 0.93202416918429 0.04078549848942598 0.04984894259818731
0 0.13406344410876134 0.9093655589123867 0.04305135951661632 0.04682779456193353
0 0.11744712990936555 0.8757552870090635 0.03851963746223565 0.04154078549848943
0 0.1095166163141994 0.8598942598187311 0.04984894259818731 0.03851963746223565
0 0.10989425981873112 0.8425226586102719 0.0445619335347432 0.030966767371601207
0 0.09969788519637462 0.8296827794561934 0.03172205438066465 0.04305135951661632
0 0.09516616314199396 0.8013595166163142 0.0377643504531722 0.04229607250755287
0 0.08345921450151057 0.7877643504531722 0.04003021148036254 0.04078549848942598
0 0.08799093655589124 0.7643504531722054 0.0445619335347432 0.03474320241691843
0 0.07779456193353475 0.7398036253776435 0.045317220543806644 0.03700906344410876
0 0.05702416918429003 0.725453172205438 0.03700906344410876 0.0445619335347432
0 0.050981873111782476 0.6876888217522659 0.06268882175226587 0.030966767371601207
0 0.04380664652567976 0.6631419939577039 0.03474320241691843 0.04078549848942598
1 0.046450151057401814 0.618202416918429 0.04607250755287009 0.05060422960725076
1 0.03134441087613293 0.6042296072507553 0.04909365558912387 0.04984894259818731
1 0.023413897280966767 0.5864803625377644 0.04682779456193353 0.04758308157099698
1 0.016993957703927493 0.5611782477341389 0.033987915407854986 0.04229607250755287
0 0.015483383685800604 0.5181268882175226 0.0324773413897281 0.03625377643504532
