0 0.0222809667673716 0.2824773413897281 0.033987915407854986 0.0649546827794562
3 0.08421450151057402 0.3145770392749245 0.07779456193353475 0.14274924471299094
3 0.26472809667673713 0.30173716012084595 0.10045317220543806 0.16540785498489427
3 0.4086102719033233 0.29720543806646527 0.09063444108761329 0.18806646525679757
3 0.5709969788519638 0.31231117824773413 0.13141993957703926 0.16993957703927492
2 0.25302114803625375 0.01812688821752266 0.03625377643504532 0.0256797583081571
2 0.24962235649546827 0.0377643504531722 0.035498489425981876 0.028700906344410877
2 0.23036253776435045 0.12046827794561933 0.027190332326283987 0.0324773413897281
0 0.23187311178247735 0.12311178247734139 0.060422960725075525 0.030211480362537763
0 0.8089123867069486 0.2398036253776435 0.027190332326283987 0.05211480362537765
0 0.7220543806646526 0.21790030211480363 0.030211480362537763 0.05211480362537765
0 0.6801359516616314 0.21185800604229607 0.024924471299093656 0.05362537764350453
0 0.6450151057401813 0.21978851963746224 0.03474320241691843 0.052870090634441085
1 0.604607250755287 0.21601208459214502 0.0324773413897281 0.0634441087613293
0 0.8168429003021148 0.34894259818731116 0.03851963746223565 0.0649546827794562
