1 0.036626916524701875 0.8488074957410562 0.034071550255536626 0.062180579216354344
0 0.10221465076660988 0.981686541737649 0.02555366269165247 0.029812606473594547
0 0.07197614991482112 0.825809199318569 0.036626916524701875 0.048551959114139696
0 0.10391822827938671 0.8147359454855196 0.030664395229982964 0.051959114139693355
0 0.13500851788756388 0.7968483816013628 0.031516183986371384 0.05536626916524702
0 0.15587734241908008 0.7925894378194208 0.028960817717206135 0.05366269165247019
0 0.17844974446337308 0.7819420783645656 0.029812606473594547 0.05281090289608177
0 0.20272572402044292 0.7695911413969335 0.03236797274275979 0.048551959114139696
0 0.22998296422487224 0.7474446337308348 0.02555366269165247 0.041737649063032366
0 0.25340715502555367 0.735519591141397 0.02129471890971039 0.05536626916524702
0 0.26873935264054516 0.727427597955707 0.02129471890971039 0.05281090289608177
0 0.2870528109028961 0.723168654173765 0.03236797274275979 0.06132879045996593
0 0.32282793867120957 0.7095400340715503 0.03577512776831346 0.04770017035775128
0 0.35093696763202725 0.6908006814310051 0.03577512776831346 0.04940374787052811
0 0.36626916524701875 0.68015332197615 0.03577512776831346 0.05025553662691652
1 0.39395229982964225 0.6656729131175468 0.03492333901192504 0.058773424190800685
0 0.42632027257240207 0.6545996592844975 0.03492333901192504 0.04514480408858603
0 0.46976149914821125 0.6563032367972743 0.04514480408858603 0.06388415672913117
0 0.11925042589437819 0.9655025553662692 0.030664395229982964 0.04514480408858603
1 0.14054514480408858 0.9637989778534923 0.028960817717206135 0.048551959114139696
1 0.14735945485519591 0.942504258943782 0.02555366269165247 0.0434412265758092
0 0.16737649063032367 0.9518739352640545 0.026405451448040886 0.05536626916524702
0 0.1903747870528109 0.9484667802385008 0.024701873935264056 0.06047700170357751
0 0.21337308347529813 0.9288756388415673 0.03321976149914821 0.07240204429301533
0 0.23168654173764908 0.9054514480408858 0.022146507666098807 0.059625212947189095
1 0.24829642248722317 0.93015332197615 0.026405451448040886 0.059625212947189095
0 0.27001703577512776 0.9135434412265758 0.027257240204429302 0.05366269165247019
0 0.29770017035775126 0.8977853492333902 0.031516183986371384 0.06132879045996593
0 0.32197614991482115 0.889267461669506 0.030664395229982964 0.05792163543441227
0 0.35008517887563884 0.8837308347529813 0.027257240204429302 0.05706984667802385
1 0.36030664395229983 0.8568994889267462 0.03236797274275979 0.056218057921635436
1 0.3798977853492334 0.8517887563884157 0.03236797274275979 0.059625212947189095
0 0.399488926746167 0.8356047700170358 0.02385008517887564 0.059625212947189095
0 0.4160988074957411 0.860732538330494 0.029812606473594547 0.05706984667802385
0 0.432282793867121 0.8304940374787053 0.0434412265758092 0.056218057921635436
1 0.456984667802385 0.8045144804088586 0.022998296422487224 0.05536626916524702
0 0.47572402044293016 0.8040885860306644 0.024701873935264056 0.07495741056218058
0 0.5085178875638842 0.7964224872231687 0.027257240204429302 0.05110732538330494
1 0.5251277683134583 0.7738500851788757 0.04003407155025554 0.05025553662691652
0 0.5455706984667802 0.770442930153322 0.029812606473594547 0.065587734241908
0 0.5643100511073254 0.7542589437819421 0.024701873935264056 0.062180579216354344
0 0.5971039182282794 0.745741056218058 0.022146507666098807 0.06388415672913117
0 0.6171209540034072 0.7512776831345827 0.029812606473594547 0.06643952299829642
0 0.6409710391822828 0.7244463373083475 0.03321976149914821 0.075809199318569
0 0.6682282793867121 0.7282793867120954 0.022998296422487224 0.06132879045996593
0 0.6852640545144805 0.7103918228279387 0.01788756388415673 0.05281090289608177
1 0.7086882453151618 0.719335604770017 0.027257240204429302 0.07410562180579217
1 0.7265758091993186 0.7001703577512777 0.03236797274275979 0.06643952299829642
1 0.8143100511073254 0.6665247018739353 0.03236797274275979 0.058773424190800685
0 0.7525553662691653 0.6882453151618398 0.026405451448040886 0.059625212947189095
0 0.7764054514480409 0.6814310051107325 0.024701873935264056 0.06303236797274277
0 0.7938671209540035 0.6758943781942078 0.018739352640545145 0.062180579216354344
0 0.833901192504259 0.6354344122657581 0.03236797274275979 0.06473594548551959
0 0.8547700170357752 0.6401192504258943 0.03321976149914821 0.05536626916524702
0 0.8867120954003407 0.629045996592845 0.03747870528109029 0.062180579216354344
0 0.9063032367972743 0.616695059625213 0.03577512776831346 0.05792163543441227
0 0.9318568994889268 0.6201022146507666 0.017035775127768313 0.06303236797274277
0 0.9535775127768313 0.6017887563884157 0.026405451448040886 0.0706984667802385
0 0.9842419080068143 0.5932708688245315 0.026405451448040886 0.06899488926746167
