1 0.6797583081570997 0.036626916524701875 0.0513595166163142 0.03747870528109029
0 0.6680513595166163 0.06473594548551959 0.04607250755287009 0.02555366269165247
0 0.6756042296072508 0.11797274275979558 0.05211480362537765 0.026405451448040886
0 0.6744712990936556 0.1890971039182283 0.054380664652567974 0.03236797274275979
0 0.6672960725075529 0.22955706984667804 0.05362537764350453 0.028109028960817718
1 0.6891993957703928 0.2819420783645656 0.06873111782477341 0.03236797274275979
1 0.6763595166163142 0.323679727427598 0.06268882175226587 0.028960817717206135
0 0.6744712990936556 0.3577512776831346 0.055891238670694864 0.04258943781942078
0 0.6699395770392749 0.39821124361158433 0.05740181268882175 0.029812606473594547
1 0.675226586102719 0.43568994889267465 0.0634441087613293 0.03321976149914821
0 0.6858006042296072 0.46976149914821125 0.0634441087613293 0.036626916524701875
0 0.6642749244712991 0.5268313458262351 0.05966767371601209 0.03492333901192504
0 0.6601208459214502 0.561328790459966 0.04984894259818731 0.039182282793867124
0 0.6714501510574018 0.5890119250425895 0.05891238670694864 0.031516183986371384
0 0.6544561933534743 0.6328790459965928 0.0581570996978852 0.028960817717206135
1 0.6620090634441088 0.6584327086882453 0.0581570996978852 0.028960817717206135
1 0.6646525679758308 0.6848381601362862 0.0755287009063444 0.03236797274275979
0 0.6601208459214502 0.7176320272572402 0.0634441087613293 0.028109028960817718
1 0.675226586102719 0.768313458262351 0.05740181268882175 0.027257240204429302
1 0.6703172205438066 0.7896081771720613 0.05664652567975831 0.03577512776831346
1 0.6688066465256798 0.8321976149914821 0.06268882175226587 0.028960817717206135
1 0.6737160120845922 0.9808347529812607 0.06646525679758308 0.031516183986371384
1 0.8111782477341389 0.889267461669506 0.055891238670694864 0.04940374787052811
1 0.8621601208459214 0.8718057921635435 0.04607250755287009 0.0706984667802385
1 0.8632930513595166 0.899488926746167 0.04833836858006042 0.04599659284497445
1 0.8617824773413897 0.9420783645655878 0.0513595166163142 0.04258943781942078
1 0.8126888217522659 0.9586882453151618 0.0513595166163142 0.036626916524701875
0 0.8066465256797583 0.8100511073253833 0.05740181268882175 0.03236797274275979
0 0.8081570996978852 0.7781090289608177 0.05740181268882175 0.029812606473594547
0 0.8126888217522659 0.731686541737649 0.054380664652567974 0.040885860306643956
1 0.8058912386706949 0.6775979557069847 0.0649546827794562 0.028109028960817718
1 0.8085347432024169 0.690374787052811 0.0581570996978852 0.029812606473594547
1 0.8066465256797583 0.44718909710391824 0.05891238670694864 0.03236797274275979
0 0.8123111782477341 0.46933560477001707 0.05664652567975831 0.034071550255536626
0 0.8149546827794562 0.5178875638841567 0.05891238670694864 0.03747870528109029
0 0.8058912386706949 0.588160136286201 0.05740181268882175 0.026405451448040886
1 0.8051359516616314 0.6056218057921635 0.0649546827794562 0.027257240204429302
1 0.800226586102719 0.6350085178875639 0.06268882175226587 0.031516183986371384
0 0.8077794561933535 0.0217206132879046 0.05362537764350453 0.036626916524701875
0 0.804380664652568 0.06260647359454856 0.060422960725075525 0.03321976149914821
0 0.8047583081570997 0.10732538330494037 0.0702416918429003 0.040885860306643956
1 0.7983383685800605 0.17248722316865417 0.060422960725075525 0.036626916524701875
0 0.8058912386706949 0.1903747870528109 0.05891238670694864 0.028109028960817718
0 0.801737160120846 0.2120954003407155 0.0581570996978852 0.03236797274275979
1 0.8024924471299094 0.23381601362862012 0.06117824773413897 0.031516183986371384
1 0.8047583081570997 0.24872231686541738 0.05211480362537765 0.030664395229982964
1 0.8066465256797583 0.2870528109028961 0.05891238670694864 0.028960817717206135
1 0.8058912386706949 0.3091993185689949 0.054380664652567974 0.027257240204429302
1 0.7994712990936556 0.3339011925042589 0.0445619335347432 0.030664395229982964
1 0.8077794561933535 0.356473594548552 0.04758308157099698 0.041737649063032366
1 0.8111782477341389 0.3833049403747871 0.0513595166163142 0.027257240204429302
1 0.8149546827794562 0.39821124361158433 0.0513595166163142 0.028109028960817718
