0 0.5113293051359517 0.03705281090289608 0.060422960725075525 0.065587734241908
0 0.5056646525679759 0.08475298126064736 0.06722054380664652 0.05025553662691652
0 0.4569486404833837 0.10221465076660988 0.055891238670694864 0.044293015332197615
0 0.44561933534743203 0.12521294718909712 0.0513595166163142 0.04599659284497445
1 0.4188066465256798 0.12350936967632027 0.04305135951661632 0.06643952299829642
0 0.39274924471299094 0.12989778534923338 0.0377643504531722 0.06388415672913117
0 0.3806646525679758 0.14267461669505963 0.03323262839879154 0.062180579216354344
1 0.3648036253776435 0.14821124361158433 0.04078549848942598 0.07155025553662692
0 0.32817220543806647 0.16013628620102216 0.0581570996978852 0.06473594548551959
1 0.3013595166163142 0.16993185689948892 0.04078549848942598 0.06729131175468483
0 0.26472809667673713 0.17802385008517888 0.03851963746223565 0.07155025553662692
1 0.24735649546827795 0.18100511073253833 0.030966767371601207 0.058773424190800685
0 0.23791540785498488 0.19676320272572403 0.04229607250755287 0.06303236797274277
0 0.21185800604229607 0.18100511073253833 0.0324773413897281 0.07751277683134583
1 0.1967522658610272 0.1997444633730835 0.03851963746223565 0.0706984667802385
0 0.17069486404833836 0.21081771720613288 0.0377643504531722 0.058773424190800685
0 0.13935045317220543 0.21081771720613288 0.0445619335347432 0.058773424190800685
1 0.12877643504531722 0.2389267461669506 0.04607250755287009 0.06047700170357751
0 0.09856495468277945 0.2278534923339012 0.03700906344410876 0.05536626916524702
0 0.0770392749244713 0.24914821124361158 0.04229607250755287 0.07240204429301533
0 0.05324773413897281 0.2559625212947189 0.04154078549848943 0.065587734241908
1 0.032854984894259816 0.2721465076660988 0.04305135951661632 0.05706984667802385
2 0.12462235649546828 0.3373083475298126 0.0256797583081571 0.03577512776831346
2 0.14501510574018128 0.3368824531516184 0.03172205438066465 0.036626916524701875
0 0.14463746223564955 0.3411413969335605 0.06873111782477341 0.046848381601362864
0 0.013595166163141994 0.2721465076660988 0.028700906344410877 0.0706984667802385
3 0.5913897280966768 0.36626916524701875 0.2175226586102719 0.1362862010221465
3 0.5902567975830816 0.5093696763202725 0.18957703927492447 0.13287904599659284
0 0.8938821752265861 0.1034923339011925 0.04758308157099698 0.062180579216354344
0 0.9180513595166163 0.09369676320272573 0.0445619335347432 0.059625212947189095
0 0.9331570996978852 0.08517887563884156 0.0445619335347432 0.04770017035775128
1 0.9588368580060423 0.0813458262350937 0.04305135951661632 0.05706984667802385
0 0.7590634441087614 0.6260647359454855 0.07250755287009064 0.054514480408858604
0 0.7760574018126888 0.6524701873935265 0.07175226586102719 0.06303236797274277
0 0.6937311178247734 0.6886712095400341 0.06873111782477341 0.048551959114139696
0 0.7945619335347432 0.6805792163543442 0.07854984894259819 0.06473594548551959
0 0.8104229607250756 0.7031516183986372 0.060422960725075525 0.07921635434412266
1 0.8141993957703928 0.7282793867120954 0.07401812688821752 0.04258943781942078
1 0.7031722054380665 0.7278534923339012 0.06948640483383686 0.04003407155025554
0 0.7129909365558912 0.75809199318569 0.0634441087613293 0.03747870528109029
0 0.8198640483383686 0.7568143100511073 0.06722054380664652 0.03833049403747871
0 0.8429003021148036 0.7883304940374787 0.06646525679758308 0.048551959114139696
0 0.8462990936555891 0.801107325383305 0.06419939577039276 0.036626916524701875
1 0.8500755287009063 0.8211243611584327 0.06419939577039276 0.034071550255536626
0 0.8500755287009063 0.8368824531516184 0.06570996978851963 0.026405451448040886
1 0.7356495468277946 0.8181431005110733 0.0649546827794562 0.03492333901192504
0 0.7292296072507553 0.8390119250425895 0.0702416918429003 0.030664395229982964
0 0.7398036253776435 0.8713798977853493 0.06268882175226587 0.03577512776831346
1 0.850453172205438 0.8590289608177172 0.060422960725075525 0.051959114139693355
1 0.8704682779456193 0.8786201022146508 0.06873111782477341 0.03321976149914821
1 0.8659365558912386 0.897359454855196 0.06268882175226587 0.046848381601362864
0 0.8700906344410876 0.9182282793867121 0.061933534743202415 0.04258943781942078
0 0.7590634441087614 0.9186541737649063 0.061933534743202415 0.0434412265758092
1 0.8742447129909365 0.9450596252129472 0.05966767371601209 0.05536626916524702
0 0.8969033232628398 0.9770017035775128 0.06570996978851963 0.027257240204429302
0 0.9104984894259819 0.9829642248722317 0.05966767371601209 0.027257240204429302
