0 0.7549093655589124 0.2819420783645656 0.04003021148036254 0.06132879045996593
0 0.7753021148036254 0.2717206132879046 0.04305135951661632 0.06132879045996593
1 0.8066465256797583 0.26788756388415674 0.04078549848942598 0.06047700170357751
0 0.8270392749244713 0.2559625212947189 0.03927492447129909 0.0706984667802385
0 0.8527190332326284 0.2508517887563884 0.03474320241691843 0.065587734241908
0 0.8719788519637462 0.227427597955707 0.04003021148036254 0.059625212947189095
0 0.9203172205438066 0.33986371379897784 0.07175226586102719 0.054514480408858604
1 0.9018126888217523 0.24063032367972742 0.04833836858006042 0.05536626916524702
0 0.9146525679758308 0.21422487223168654 0.045317220543806644 0.058773424190800685
0 0.9384441087613293 0.21379897785349233 0.035498489425981876 0.05792163543441227
1 0.9675226586102719 0.19931856899488928 0.04229607250755287 0.07325383304940375
0 0.9811178247734139 0.1793015332197615 0.03172205438066465 0.06899488926746167
2 0.900679758308157 0.3373083475298126 0.02039274924471299 0.03747870528109029
2 0.9176737160120846 0.33986371379897784 0.030211480362537763 0.03577512776831346
