2 0.01661631419939577 0.7881419939577039 0.03323262839879154 0.035498489425981876
0 0.38935045317220546 0.8334592145015106 0.026435045317220542 0.06419939577039276
1 0.41729607250755285 0.8466767371601208 0.03700906344410876 0.06797583081570997
1 0.4395770392749245 0.8583836858006042 0.030211480362537763 0.0702416918429003
1 0.459214501510574 0.8595166163141994 0.03474320241691843 0.06948640483383686
0 0.48678247734138974 0.861404833836858 0.04154078549848943 0.06419939577039276
1 0.5211480362537765 0.8678247734138973 0.04682779456193353 0.07854984894259819
0 0.55702416918429 0.8821752265861027 0.04154078549848943 0.0649546827794562
1 0.5940332326283988 0.8874622356495468 0.030966767371601207 0.055891238670694864
0 0.6159365558912386 0.841012084592145 0.033987915407854986 0.06419939577039276
1 0.658987915407855 0.8466767371601208 0.030966767371601207 0.04833836858006042
1 0.6850453172205438 0.8693353474320241 0.030211480362537763 0.060422960725075525
0 0.7477341389728097 0.8814199395770392 0.02416918429003021 0.0649546827794562
1 0.7224320241691843 0.8704682779456193 0.0324773413897281 0.06268882175226587
0 0.7552870090634441 0.8553625377643505 0.04833836858006042 0.0581570996978852
0 0.7885196374622356 0.8712235649546828 0.054380664652567974 0.04758308157099698
0 0.804380664652568 0.8602719033232629 0.055891238670694864 0.04984894259818731
0 0.8338368580060423 0.8704682779456193 0.04078549848942598 0.05664652567975831
0 0.8308157099697885 0.8429003021148036 0.05740181268882175 0.03474320241691843
0 0.8814199395770392 0.8436555891238671 0.0755287009063444 0.028700906344410877
0 0.9123867069486404 0.8285498489425982 0.07250755287009064 0.03625377643504532
1 0.8897280966767371 0.7870090634441088 0.0634441087613293 0.03474320241691843
0 0.9067220543806647 0.7726586102719033 0.06419939577039276 0.04229607250755287
1 0.9010574018126888 0.7503776435045317 0.0649546827794562 0.02945619335347432
1 0.918429003021148 0.7311178247734139 0.07250755287009064 0.03474320241691843
1 0.8663141993957704 0.8266616314199395 0.0649546827794562 0.04909365558912387
1 0.9414652567975831 0.40634441087613293 0.0702416918429003 0.030211480362537763
0 0.929380664652568 0.47129909365558914 0.06117824773413897 0.0256797583081571
1 0.9297583081570997 0.5177492447129909 0.0634441087613293 0.035498489425981876
1 0.9312688821752266 0.5547583081570997 0.0649546827794562 0.023413897280966767
1 0.9112537764350453 0.5947885196374623 0.06722054380664652 0.026435045317220542
1 0.9097432024169184 0.6370845921450151 0.06570996978851963 0.0324773413897281
1 0.9104984894259819 0.6650302114803626 0.07326283987915408 0.02945619335347432
