0 0.017371601208459216 0.7186555891238671 0.030211480362537763 0.06419939577039276
0 0.045317220543806644 0.7163897280966768 0.03474320241691843 0.06268882175226587
0 0.07288519637462236 0.7163897280966768 0.027945619335347432 0.05362537764350453
0 0.08950151057401813 0.7039274924471299 0.035498489425981876 0.0513595166163142
0 0.2054380664652568 0.6601208459214502 0.0377643504531722 0.0649546827794562
0 0.22205438066465258 0.6529456193353474 0.03474320241691843 0.05362537764350453
0 0.2394259818731118 0.6510574018126888 0.03172205438066465 0.0634441087613293
1 0.26510574018126887 0.631797583081571 0.045317220543806644 0.05362537764350453
1 0.16389728096676737 0.6669184290030211 0.04229607250755287 0.0513595166163142
1 0.11933534743202417 0.6884441087613293 0.055891238670694864 0.05211480362537765
0 0.3009818731117825 0.6253776435045317 0.033987915407854986 0.06646525679758308
0 0.3236404833836858 0.6193353474320241 0.0324773413897281 0.0649546827794562
0 0.3512084592145015 0.600453172205438 0.030211480362537763 0.05891238670694864
0 0.3731117824773414 0.5947885196374623 0.030211480362537763 0.05664652567975831
0 0.3976586102719033 0.5883685800604229 0.02945619335347432 0.05740181268882175
0 0.4244712990936556 0.5660876132930514 0.052870090634441085 0.05211480362537765
0 0.44561933534743203 0.5589123867069486 0.030211480362537763 0.05891238670694864
0 0.47696374622356497 0.55702416918429 0.033987915407854986 0.0581570996978852
0 0.5260574018126888 0.5411631419939577 0.026435045317220542 0.06117824773413897
1 0.5536253776435045 0.529833836858006 0.03172205438066465 0.0581570996978852
1 0.4947129909365559 0.5483383685800605 0.03625377643504532 0.0634441087613293
1 0.5793051359516617 0.5120845921450151 0.03927492447129909 0.0649546827794562
0 0.600453172205438 0.48489425981873113 0.03927492447129909 0.07401812688821752
0 0.6253776435045317 0.4826283987915408 0.03625377643504532 0.061933534743202415
0 0.6484138972809668 0.4746978851963746 0.03700906344410876 0.05664652567975831
0 0.6722054380664653 0.46487915407854985 0.03927492447129909 0.06268882175226587
0 0.7027945619335347 0.4618580060422961 0.04154078549848943 0.04909365558912387
0 0.7099697885196374 0.44486404833836857 0.055891238670694864 0.04682779456193353
0 0.7613293051359517 0.4297583081570997 0.03625377643504532 0.054380664652567974
0 0.7760574018126888 0.4078549848942598 0.02039274924471299 0.05740181268882175
0 0.7998489425981873 0.43089123867069484 0.030211480362537763 0.05513595166163142
0 0.8262839879154078 0.4108761329305136 0.027190332326283987 0.06646525679758308
0 0.8617824773413897 0.39652567975830816 0.03625377643504532 0.0634441087613293
1 0.8361027190332326 0.3833081570996979 0.027190332326283987 0.05966767371601209
1 0.804380664652568 0.39652567975830816 0.028700906344410877 0.04833836858006042
0 0.8991691842900302 0.39010574018126887 0.04305135951661632 0.06419939577039276
0 0.9191842900302115 0.3678247734138973 0.04229607250755287 0.061933534743202415
0 0.9577039274924471 0.3561178247734139 0.0377643504531722 0.06570996978851963
0 0.9373111782477341 0.3523413897280967 0.04833836858006042 0.05966767371601209
0 0.9750755287009063 0.341012084592145 0.028700906344410877 0.0581570996978852
0 0.9879154078549849 0.34365558912386707 0.019637462235649546 0.0649546827794562
0 0.9746978851963746 0.138595166163142 0.03851963746223565 0.0581570996978852
0 0.9618580060422961 0.15332326283987915 0.0324773413897281 0.054380664652567974
0 0.9441087613293051 0.1472809667673716 0.03474320241691843 0.052870090634441085
1 0.927870090634441 0.1559667673716012 0.03851963746223565 0.06117824773413897
1 0.8874622356495468 0.16767371601208458 0.030211480362537763 0.061933534743202415
0 0.9044561933534743 0.16163141993957703 0.035498489425981876 0.054380664652567974
0 0.8644259818731118 0.18051359516616314 0.04607250755287009 0.04229607250755287
0 0.8417673716012085 0.18202416918429004 0.04305135951661632 0.045317220543806644
0 0.8557401812688822 0.22016616314199397 0.0513595166163142 0.0445619335347432
0 0.8175981873111783 0.1971299093655589 0.026435045317220542 0.0377643504531722
1 0.8051359516616314 0.20506042296072508 0.03323262839879154 0.05513595166163142
1 0.7915407854984894 0.2258308157099698 0.03323262839879154 0.0513595166163142
0 0.7688821752265861 0.22243202416918428 0.045317220543806644 0.04909365558912387
0 0.747356495468278 0.2348942598187311 0.04305135951661632 0.04833836858006042
0 0.7231873111782477 0.2258308157099698 0.04305135951661632 0.060422960725075525
0 0.7239425981873112 0.2590634441087613 0.04154078549848943 0.052870090634441085
1 0.6922205438066465 0.23602719033232628 0.03700906344410876 0.0445619335347432
1 0.6805135951661632 0.25 0.03625377643504532 0.04380664652567976
0 0.6574773413897281 0.25415407854984895 0.05060422960725076 0.05362537764350453
0 0.6552114803625377 0.277190332326284 0.04909365558912387 0.04833836858006042
0 0.6246223564954683 0.27303625377643503 0.04078549848942598 0.04758308157099698
0 0.5932779456193353 0.2756797583081571 0.04909365558912387 0.05740181268882175
0 0.5876132930513596 0.29154078549848944 0.045317220543806644 0.0513595166163142
0 0.5422960725075529 0.31533232628398794 0.04380664652567976 0.05513595166163142
1 0.5645770392749244 0.2956948640483384 0.04154078549848943 0.05513595166163142
0 0.4871601208459215 0.33270392749244715 0.04229607250755287 0.04305135951661632
1 0.513595166163142 0.286631419939577 0.04984894259818731 0.04154078549848943
1 0.45657099697885195 0.3425226586102719 0.030966767371601207 0.04909365558912387
0 0.4407099697885196 0.3542296072507553 0.03700906344410876 0.04380664652567976
0 0.41351963746223563 0.3455438066465257 0.03851963746223565 0.05513595166163142
1 0.3995468277945619 0.36555891238670696 0.03323262839879154 0.04833836858006042
1 0.388595166163142 0.3731117824773414 0.0324773413897281 0.04682779456193353
0 0.35913897280966767 0.37084592145015105 0.04003021148036254 0.0513595166163142
0 0.3395015105740181 0.3889728096676737 0.04003021148036254 0.04984894259818731
0 0.31344410876132933 0.3961480362537764 0.04229607250755287 0.05060422960725076
1 0.2756797583081571 0.4108761329305136 0.04984894259818731 0.045317220543806644
0 0.25755287009063443 0.42900302114803623 0.04229607250755287 0.04682779456193353
1 0.2326283987915408 0.42749244712990936 0.03474320241691843 0.052870090634441085
0 0.20959214501510573 0.4335347432024169 0.0324773413897281 0.055891238670694864
0 0.1967522658610272 0.45128398791540786 0.04003021148036254 0.05664652567975831
0 0.17673716012084592 0.4437311178247734 0.0256797583081571 0.06268882175226587
0 0.14350453172205438 0.46299093655589124 0.03927492447129909 0.060422960725075525
1 0.11555891238670694 0.47129909365558914 0.0377643504531722 0.05740181268882175
1 0.09478851963746224 0.48376132930513593 0.03851963746223565 0.06117824773413897
1 0.0736404833836858 0.49244712990936557 0.03851963746223565 0.052870090634441085
1 0.02001510574018127 0.5113293051359517 0.04154078549848943 0.04984894259818731
0 0.044939577039274925 0.4943353474320242 0.04003021148036254 0.05664652567975831
