3 0.3270392749244713 0.08517887563884156 0.10120845921450151 0.16524701873935263
3 0.17711480362537765 0.15800681431005112 0.11253776435045318 0.17802385008517888
3 0.3840634441087613 0.3164395229982964 0.12915407854984895 0.20357751277683134
3 0.1491691842900302 0.46422487223168657 0.11253776435045318 0.20954003407155025
3 0.10876132930513595 0.9339863713798978 0.11027190332326284 0.12691652470187395
0 0.504154078549849 0.2657580919931857 0.05211480362537765 0.05792163543441227
0 0.5453172205438066 0.27810902896081774 0.05891238670694864 0.0434412265758092
0 0.5351208459214502 0.3198466780238501 0.0581570996978852 0.031516183986371384
0 0.540785498489426 0.3534923339011925 0.061933534743202415 0.030664395229982964
0 0.645392749244713 0.022998296422487224 0.05362537764350453 0.027257240204429302
0 0.6325528700906344 0.046422487223168656 0.05362537764350453 0.03492333901192504
0 0.6623867069486404 0.05706984667802385 0.05740181268882175 0.034071550255536626
0 0.6650302114803626 0.07495741056218058 0.05664652567975831 0.03747870528109029
0 0.6771148036253777 0.11030664395229983 0.06419939577039276 0.036626916524701875
0 0.6884441087613293 0.1367120954003407 0.06117824773413897 0.048551959114139696
0 0.7046827794561934 0.16524701873935263 0.0634441087613293 0.05792163543441227
0 0.7182779456193353 0.19676320272572403 0.0649546827794562 0.059625212947189095
0 0.7292296072507553 0.22529812606473595 0.06873111782477341 0.041737649063032366
0 0.7390483383685801 0.24701873935264054 0.06570996978851963 0.039182282793867124
0 0.7424471299093656 0.26873935264054516 0.06797583081570997 0.03492333901192504
0 0.7469788519637462 0.2959965928449744 0.0649546827794562 0.046848381601362864
0 0.754154078549849 0.3198466780238501 0.06570996978851963 0.051959114139693355
0 0.7647280966767371 0.3402896081771721 0.06117824773413897 0.048551959114139696
0 0.7707703927492447 0.36115843270868825 0.06722054380664652 0.044293015332197615
0 0.7609516616314199 0.3901192504258944 0.07477341389728097 0.04770017035775128
1 0.7873867069486404 0.4007666098807496 0.06419939577039276 0.05706984667802385
0 0.7956948640483383 0.42206132879046 0.06419939577039276 0.0434412265758092
0 0.7964501510574018 0.4454855195911414 0.05513595166163142 0.056218057921635436
1 0.8089123867069486 0.45017035775127767 0.06646525679758308 0.051959114139693355
0 0.8175981873111783 0.4727427597955707 0.06419939577039276 0.044293015332197615
0 0.8108006042296072 0.4936115843270869 0.06268882175226587 0.041737649063032366
0 0.8311933534743202 0.5174616695059625 0.06570996978851963 0.04514480408858603
0 0.8330815709969789 0.5396081771720613 0.05891238670694864 0.05536626916524702
1 0.8402567975830816 0.5719761499148212 0.06873111782477341 0.05706984667802385
0 0.8523413897280967 0.5834752981260647 0.06419939577039276 0.04770017035775128
0 0.8564954682779456 0.6077512776831346 0.054380664652567974 0.041737649063032366
0 0.8580060422960725 0.6328790459965928 0.06797583081570997 0.05110732538330494
0 0.8693353474320241 0.6490630323679728 0.0634441087613293 0.04770017035775128
0 0.8848187311178247 0.6643952299829642 0.06419939577039276 0.04599659284497445
0 0.8927492447129909 0.6976149914821125 0.0649546827794562 0.039182282793867124
0 0.9033232628398792 0.7248722316865418 0.0649546827794562 0.05110732538330494
1 0.9150302114803626 0.7614991482112436 0.06268882175226587 0.06132879045996593
0 0.9369335347432024 0.8160136286201022 0.06268882175226587 0.05110732538330494
0 0.9720543806646526 0.7844974446337308 0.04833836858006042 0.06473594548551959
0 0.9652567975830816 0.8356047700170358 0.05740181268882175 0.040885860306643956
0 0.7428247734138973 0.9706132879045997 0.0702416918429003 0.029812606473594547
0 0.754154078549849 0.940374787052811 0.06419939577039276 0.030664395229982964
0 0.7809667673716012 0.9207836456558773 0.061933534743202415 0.027257240204429302
0 0.7696374622356495 0.8999148211243612 0.05891238670694864 0.024701873935264056
0 0.7753021148036254 0.8841567291311755 0.06873111782477341 0.020442930153321978
0 0.7583081570996979 0.8662691652470188 0.0649546827794562 0.02555366269165247
0 0.7647280966767371 0.84412265758092 0.06570996978851963 0.028960817717206135
0 0.7522658610271903 0.8143100511073254 0.07401812688821752 0.030664395229982964
0 0.7443353474320241 0.793015332197615 0.0581570996978852 0.027257240204429302
0 0.7375377643504532 0.7695911413969335 0.06873111782477341 0.028109028960817718
0 0.7273413897280967 0.7423339011925043 0.05891238670694864 0.03492333901192504
0 0.7054380664652568 0.7261499148211243 0.06646525679758308 0.03321976149914821
0 0.7012839879154078 0.6971890971039182 0.0581570996978852 0.03833049403747871
0 0.6876888217522659 0.6780238500851788 0.05664652567975831 0.034071550255536626
0 0.6907099697885196 0.65587734241908 0.0581570996978852 0.040885860306643956
0 0.6744712990936556 0.6465076660988075 0.05891238670694864 0.039182282793867124
0 0.6654078549848943 0.6196763202725724 0.05891238670694864 0.03833049403747871
0 0.6586102719033232 0.5928449744463373 0.060422960725075525 0.04258943781942078
0 0.6325528700906344 0.5298126064735945 0.06117824773413897 0.030664395229982964
0 0.6529456193353474 0.5459965928449745 0.06419939577039276 0.04258943781942078
0 0.6049848942598187 0.5668654173764907 0.0513595166163142 0.0434412265758092
0 0.5702416918429003 0.5672913117546848 0.027190332326283987 0.06643952299829642
0 0.5490936555891238 0.5813458262350937 0.03474320241691843 0.065587734241908
0 0.5241691842900302 0.5949744463373083 0.03625377643504532 0.062180579216354344
0 0.4830060422960725 0.618824531516184 0.03700906344410876 0.06899488926746167
0 0.4618580060422961 0.6222316865417377 0.033987915407854986 0.06899488926746167
0 0.43013595166163143 0.639267461669506 0.04154078549848943 0.06899488926746167
0 0.4059667673716012 0.6545996592844975 0.027945619335347432 0.065587734241908
0 0.3783987915407855 0.661839863713799 0.0377643504531722 0.06643952299829642
0 0.30438066465256797 0.7184838160136287 0.028700906344410877 0.06729131175468483
0 0.33459214501510576 0.6971890971039182 0.03323262839879154 0.06047700170357751
