1 0.0445619335347432 0.7367824773413897 0.04984894259818731 0.09592145015105741
2 0.03474320241691843 0.7303625377643505 0.0256797583081571 0.03927492447129909
1 0.2824773413897281 0.26132930513595165 0.07401812688821752 0.05740181268882175
1 0.22205438066465258 0.06986404833836858 0.060422960725075525 0.04305135951661632
0 0.19977341389728095 0.024924471299093656 0.06873111782477341 0.0377643504531722
1 0.3157099697885196 0.361404833836858 0.052870090634441085 0.05060422960725076
1 0.4467522658610272 0.7843655589123867 0.05966767371601209 0.035498489425981876
1 0.4826283987915408 0.8802870090634441 0.05740181268882175 0.03700906344410876
0 0.49886706948640486 0.9214501510574018 0.05513595166163142 0.03172205438066465
0 0.5098187311178247 0.9614803625377644 0.0513595166163142 0.04229607250755287
1 0.10574018126888217 0.011329305135951661 0.0634441087613293 0.02416918429003021
0 0.11367069486404834 0.04909365558912387 0.06722054380664652 0.027190332326283987
0 0.12046827794561933 0.07741691842900301 0.06117824773413897 0.02945619335347432
0 0.1351963746223565 0.11216012084592145 0.06948640483383686 0.03851963746223565
0 0.14123867069486404 0.14350453172205438 0.0634441087613293 0.0256797583081571
0 0.145392749244713 0.17031722054380666 0.06722054380664652 0.035498489425981876
0 0.15823262839879154 0.19901812688821752 0.0581570996978852 0.030966767371601207
0 0.16993957703927492 0.2262084592145015 0.05891238670694864 0.023413897280966767
1 0.17371601208459214 0.25113293051359514 0.0634441087613293 0.023413897280966767
1 0.1710725075528701 0.2753021148036254 0.06268882175226587 0.024924471299093656
0 0.1971299093655589 0.30173716012084595 0.05740181268882175 0.023413897280966767
1 0.2001510574018127 0.32628398791540786 0.06646525679758308 0.0256797583081571
0 0.2088368580060423 0.3512084592145015 0.05664652567975831 0.027190332326283987
1 0.21638972809667673 0.37915407854984895 0.06419939577039276 0.027190332326283987
0 0.22280966767371602 0.40558912386706947 0.052870090634441085 0.03323262839879154
0 0.23149546827794562 0.42862537764350456 0.0702416918429003 0.0445619335347432
0 0.2450906344410876 0.4580815709969788 0.06570996978851963 0.027945619335347432
0 0.2628398791540785 0.4860271903323263 0.061933534743202415 0.02945619335347432
1 0.2556646525679758 0.5071752265861027 0.06570996978851963 0.02039274924471299
0 0.2753021148036254 0.5290785498489426 0.05966767371601209 0.033987915407854986
1 0.26963746223564955 0.5577794561933535 0.054380664652567974 0.035498489425981876
1 0.2809667673716012 0.5804380664652568 0.061933534743202415 0.02945619335347432
0 0.29342900302114805 0.6110271903323263 0.0581570996978852 0.028700906344410877
1 0.30551359516616317 0.6363293051359517 0.06117824773413897 0.0324773413897281
1 0.3062688821752266 0.6559667673716012 0.05362537764350453 0.026435045317220542
1 0.3240181268882175 0.6718277945619335 0.0649546827794562 0.027945619335347432
0 0.33496978851963743 0.6880664652567976 0.04758308157099698 0.03172205438066465
0 0.3251510574018127 0.7148791540785498 0.05513595166163142 0.027945619335347432
0 0.327416918429003 0.7284743202416919 0.06722054380664652 0.024924471299093656
0 0.3447885196374622 0.7481117824773413 0.06419939577039276 0.02190332326283988
0 0.33345921450151056 0.7696374622356495 0.07326283987915408 0.019637462235649546
0 0.33648036253776437 0.7873867069486404 0.06117824773413897 0.030966767371601207
0 0.36064954682779454 0.8194864048338368 0.05966767371601209 0.030211480362537763
0 0.35989425981873113 0.847809667673716 0.06268882175226587 0.027945619335347432
0 0.3595166163141994 0.8731117824773413 0.0513595166163142 0.030211480362537763
0 0.3851963746223565 0.8889728096676737 0.05740181268882175 0.03323262839879154
0 0.38821752265861026 0.9097432024169184 0.055891238670694864 0.030966767371601207
0 0.4052114803625378 0.9418429003021148 0.06419939577039276 0.0256797583081571
0 0.4033232628398791 0.9618580060422961 0.05740181268882175 0.030966767371601207
0 0.41389728096676737 0.9777190332326284 0.06797583081570997 0.023413897280966767
