3 0.845166163141994 0.05153321976149915 0.14954682779456194 0.10136286201022146
3 0.36706948640483383 0.23637137989778534 0.1510574018126888 0.11158432708688246
0 0.28172205438066467 0.21635434412265758 0.03474320241691843 0.05792163543441227
0 0.27152567975830816 0.22657580919931858 0.04305135951661632 0.06643952299829642
0 0.25604229607250756 0.22998296422487224 0.0377643504531722 0.06303236797274277
0 0.24395770392749244 0.23637137989778534 0.04380664652567976 0.07410562180579217
0 0.12235649546827794 0.29088586030664393 0.06797583081570997 0.05706984667802385
0 0.13217522658610273 0.32793867120954 0.060422960725075525 0.03577512776831346
0 0.13481873111782477 0.3615843270868825 0.05664652567975831 0.04003407155025554
0 0.12537764350453173 0.22061328790459966 0.04984894259818731 0.059625212947189095
0 0.18391238670694865 0.2231686541737649 0.05513595166163142 0.03577512776831346
0 0.4161631419939577 0.1954855195911414 0.04682779456193353 0.048551959114139696
0 0.4467522658610272 0.15800681431005112 0.05060422960725076 0.04514480408858603
0 0.45279456193353473 0.1409710391822828 0.030966767371601207 0.046848381601362864
0 0.4777190332326284 0.16396933560477 0.03851963746223565 0.05366269165247019
0 0.5317220543806647 0.1460817717206133 0.04833836858006042 0.058773424190800685
1 0.17447129909365558 0.26277683134582625 0.04380664652567976 0.07921635434412266
1 0.20317220543806647 0.2444633730834753 0.0377643504531722 0.07325383304940375
1 0.15181268882175228 0.411839863713799 0.061933534743202415 0.048551959114139696
0 0.15445619335347432 0.43909710391822826 0.026435045317220542 0.051959114139693355
0 0.1714501510574018 0.4829642248722317 0.0634441087613293 0.04258943781942078
0 0.18919939577039274 0.5217206132879046 0.05664652567975831 0.029812606473594547
0 0.2054380664652568 0.5587734241908007 0.04833836858006042 0.039182282793867124
0 0.21676737160120846 0.590289608177172 0.061933534743202415 0.034071550255536626
0 0.2348942598187311 0.6264906303236797 0.0634441087613293 0.0434412265758092
0 0.2416918429003021 0.6482112436115843 0.04229607250755287 0.05792163543441227
0 0.24697885196374622 0.6707836456558773 0.030211480362537763 0.046848381601362864
0 0.2609516616314199 0.7035775127768313 0.06117824773413897 0.03577512776831346
0 0.2707703927492447 0.7321124361158433 0.06117824773413897 0.03492333901192504
0 0.2843655589123867 0.7653321976149915 0.06268882175226587 0.04003407155025554
0 0.3028700906344411 0.83603066439523 0.06797583081570997 0.041737649063032366
0 0.3221299093655589 0.8641396933560477 0.04758308157099698 0.031516183986371384
0 0.3447885196374622 0.8888415672913118 0.05060422960725076 0.04514480408858603
0 0.0668429003021148 0.5787904599659285 0.07175226586102719 0.03492333901192504
0 0.0445619335347432 0.551107325383305 0.0634441087613293 0.034071550255536626
0 0.026435045317220542 0.5004258943781942 0.0513595166163142 0.02129471890971039
0 0.07854984894259819 0.6264906303236797 0.060422960725075525 0.041737649063032366
0 0.10574018126888217 0.6533219761499148 0.0649546827794562 0.027257240204429302
0 0.11216012084592145 0.6942078364565588 0.05060422960725076 0.02385008517887564
0 0.12613293051359517 0.7282793867120954 0.052870090634441085 0.02555366269165247
1 0.14312688821752265 0.7802385008517888 0.05966767371601209 0.040885860306643956
1 0.1593655589123867 0.8275127768313458 0.05740181268882175 0.028109028960817718
1 0.18353474320241692 0.8786201022146508 0.060422960725075525 0.026405451448040886
1 0.17409365558912387 0.8500851788756388 0.06873111782477341 0.03236797274275979
0 0.19750755287009064 0.9071550255536627 0.05362537764350453 0.03236797274275979
0 0.21978851963746224 0.9676320272572402 0.061933534743202415 0.034071550255536626
