1 0.4104984894259819 0.6337308347529813 0.07175226586102719 0.06984667802385008
0 0.44599697885196377 0.7346678023850085 0.06419939577039276 0.05366269165247019
1 0.35347432024169184 0.43568994889267465 0.06797583081570997 0.06047700170357751
0 0.33270392749244715 0.3905451448040886 0.06722054380664652 0.046848381601362864
1 0.3266616314199396 0.3415672913117547 0.0702416918429003 0.054514480408858604
1 0.29003021148036257 0.22146507666098808 0.06948640483383686 0.05281090289608177
1 0.3961480362537764 0.9574105621805792 0.05362537764350453 0.039182282793867124
1 0.40483383685800606 0.9787052810902896 0.054380664652567974 0.030664395229982964
0 0.39652567975830816 0.9212095400340715 0.06948640483383686 0.036626916524701875
1 0.3851963746223565 0.8999148211243612 0.08006042296072508 0.026405451448040886
0 0.3904833836858006 0.876916524701874 0.0634441087613293 0.03321976149914821
0 0.37726586102719034 0.8500851788756388 0.05664652567975831 0.03577512776831346
0 0.36253776435045315 0.813458262350937 0.054380664652567974 0.03747870528109029
0 0.354607250755287 0.7917376490630323 0.05362537764350453 0.03833049403747871
1 0.34516616314199394 0.7593696763202726 0.06797583081570997 0.03833049403747871
0 0.3357250755287009 0.7308347529812607 0.05664652567975831 0.034071550255536626
1 0.3251510574018127 0.7001703577512777 0.06570996978851963 0.03577512776831346
0 0.32061933534743203 0.6733390119250426 0.0581570996978852 0.031516183986371384
1 0.2945619335347432 0.6477853492333902 0.0634441087613293 0.02129471890971039
1 0.3013595166163142 0.6213798977853492 0.0755287009063444 0.022998296422487224
0 0.2990936555891239 0.5958262350936968 0.060422960725075525 0.028109028960817718
0 0.2862537764350453 0.5664395229982965 0.060422960725075525 0.034071550255536626
0 0.27681268882175225 0.5357751277683135 0.0581570996978852 0.03236797274275979
0 0.2753021148036254 0.510221465076661 0.0581570996978852 0.030664395229982964
0 0.2601963746223565 0.48126064735945484 0.07477341389728097 0.03577512776831346
0 0.2518882175226586 0.4403747870528109 0.05664652567975831 0.040885860306643956
0 0.2450906344410876 0.41056218057921634 0.05211480362537765 0.030664395229982964
1 0.2398036253776435 0.3632879045996593 0.05966767371601209 0.031516183986371384
0 0.22734138972809667 0.32793867120954 0.04984894259818731 0.039182282793867124
1 0.2175226586102719 0.293015332197615 0.0649546827794562 0.034071550255536626
0 0.20770392749244712 0.2653321976149915 0.04682779456193353 0.03321976149914821
1 0.19939577039274925 0.24701873935264054 0.05740181268882175 0.027257240204429302
0 0.19637462235649547 0.22146507666098808 0.045317220543806644 0.030664395229982964
0 0.18277945619335348 0.19718909710391824 0.0634441087613293 0.03833049403747871
1 0.1733383685800604 0.17291311754684838 0.05362537764350453 0.034071550255536626
0 0.12462235649546828 0.028960817717206135 0.05891238670694864 0.03236797274275979
1 0.14501510574018128 0.042163543441226574 0.054380664652567974 0.04003407155025554
1 0.13141993957703926 0.06686541737649063 0.0513595166163142 0.03321976149914821
0 0.1506797583081571 0.07666098807495741 0.05060422960725076 0.034071550255536626
1 0.14954682779456194 0.10391822827938671 0.054380664652567974 0.03577512776831346
1 0.1661631419939577 0.11541737649063033 0.055891238670694864 0.04003407155025554
0 0.1714501510574018 0.14821124361158433 0.061933534743202415 0.03236797274275979
