3 0.5404078549848943 0.7840715502555367 0.1971299093655589 0.17632027257240204
3 0.04078549848942598 0.35008517887563884 0.0755287009063444 0.13798977853492334
0 0.48036253776435045 0.40034071550255534 0.03323262839879154 0.07155025553662692
0 0.4543051359516616 0.38287904599659284 0.030966767371601207 0.07921635434412266
0 0.42938066465256797 0.3632879045996593 0.033987915407854986 0.07751277683134583
0 0.40181268882175225 0.3479557069846678 0.03172205438066465 0.07751277683134583
0 0.3549848942598187 0.305366269165247 0.03172205438066465 0.08603066439522998
0 0.3338368580060423 0.28833049403747874 0.03323262839879154 0.08262350936967632
0 0.3074018126888218 0.2747018739352641 0.03172205438066465 0.075809199318569
0 0.2809667673716012 0.25340715502555367 0.03323262839879154 0.07751277683134583
1 0.2537764350453172 0.24361158432708688 0.0256797583081571 0.06814310051107325
0 0.2277190332326284 0.23764906303236796 0.02945619335347432 0.059625212947189095
0 0.20468277945619334 0.21805792163543442 0.0377643504531722 0.028960817717206135
0 0.07930513595166164 0.4497444633730835 0.04682779456193353 0.03577512776831346
0 0.08345921450151057 0.4829642248722317 0.04607250755287009 0.027257240204429302
0 0.07817220543806647 0.5353492333901193 0.04154078549848943 0.029812606473594547
0 0.07779456193353475 0.5068143100511073 0.03323262839879154 0.02555366269165247
0 0.3376132930513595 0.661839863713799 0.04229607250755287 0.07155025553662692
1 0.3100453172205438 0.6716354344122658 0.04003021148036254 0.06729131175468483
1 0.2726586102719033 0.6580068143100511 0.052870090634441085 0.06047700170357751
0 0.25793051359516617 0.6780238500851788 0.0581570996978852 0.044293015332197615
0 0.23904833836858005 0.7010221465076661 0.0581570996978852 0.04258943781942078
0 0.2262084592145015 0.7214650766609881 0.05513595166163142 0.039182282793867124
0 0.2084592145015106 0.7474446337308348 0.07401812688821752 0.036626916524701875
0 0.18580060422960726 0.7670357751277683 0.06646525679758308 0.048551959114139696
0 0.16540785498489427 0.7968483816013628 0.061933534743202415 0.041737649063032366
0 0.1555891238670695 0.8130323679727428 0.06646525679758308 0.036626916524701875
0 0.13935045317220543 0.8300681431005111 0.07477341389728097 0.03492333901192504
0 0.12424471299093656 0.8517887563884157 0.06570996978851963 0.03747870528109029
0 0.10498489425981873 0.8675468483816013 0.05740181268882175 0.04003407155025554
0 0.09516616314199396 0.9003407155025553 0.0634441087613293 0.040885860306643956
1 0.07515105740181269 0.9595400340715503 0.04003021148036254 0.0434412265758092
1 0.08610271903323263 0.9203577512776832 0.055891238670694864 0.031516183986371384
0 0.18617824773413896 0.18270868824531517 0.026435045317220542 0.05536626916524702
0 0.16503021148036254 0.17248722316865417 0.02945619335347432 0.06047700170357751
0 0.14274924471299094 0.14778534923339012 0.0256797583081571 0.05366269165247019
1 0.11933534743202417 0.14310051107325383 0.027190332326283987 0.07155025553662692
0 0.08761329305135952 0.11925042589437819 0.022658610271903322 0.059625212947189095
1 0.06231117824773414 0.11456558773424191 0.02190332326283988 0.06388415672913117
0 0.04003021148036254 0.09795570698466781 0.028700906344410877 0.054514480408858604
0 0.010196374622356496 0.0919931856899489 0.02039274924471299 0.044293015332197615
