0 0.46148036253776437 0.04557069846678024 0.05740181268882175 0.036626916524701875
0 0.4641238670694864 0.065587734241908 0.06117824773413897 0.03577512776831346
0 0.47016616314199394 0.0919931856899489 0.05513595166163142 0.03577512776831346
0 0.49131419939577037 0.11030664395229983 0.05966767371601209 0.03321976149914821
0 0.4966012084592145 0.12223168654173765 0.06268882175226587 0.036626916524701875
0 0.48942598187311176 0.15034071550255537 0.060422960725075525 0.03492333901192504
1 0.504154078549849 0.18313458262350937 0.0445619335347432 0.06814310051107325
0 0.5313444108761329 0.18313458262350937 0.05966767371601209 0.034071550255536626
0 0.5313444108761329 0.21081771720613288 0.07175226586102719 0.0434412265758092
0 0.574773413897281 0.2606473594548552 0.060422960725075525 0.040885860306643956
0 0.5358761329305136 0.295144804088586 0.05664652567975831 0.041737649063032366
1 0.5713746223564955 0.2972742759795571 0.05664652567975831 0.05110732538330494
0 0.554380664652568 0.3313458262350937 0.0649546827794562 0.03747870528109029
0 0.5592900302114804 0.34880749574105624 0.05362537764350453 0.04003407155025554
0 0.5672205438066465 0.3743611584327087 0.05891238670694864 0.03492333901192504
0 0.5819486404833837 0.38884156729131175 0.0581570996978852 0.03492333901192504
0 0.5811933534743202 0.4067291311754685 0.06419939577039276 0.031516183986371384
0 0.5895015105740181 0.4212095400340716 0.0581570996978852 0.03492333901192504
0 0.595166163141994 0.4399488926746167 0.054380664652567974 0.028109028960817718
0 0.600453172205438 0.46039182282793867 0.061933534743202415 0.03833049403747871
0 0.6125377643504532 0.4919080068143101 0.061933534743202415 0.03492333901192504
0 0.6219788519637462 0.505962521294719 0.06722054380664652 0.030664395229982964
0 0.6283987915407855 0.5234241908006815 0.06948640483383686 0.028109028960817718
1 0.6340634441087614 0.5425894378194208 0.06570996978851963 0.044293015332197615
1 0.6423716012084593 0.5523850085178875 0.06570996978851963 0.0434412265758092
0 0.6540785498489426 0.5847529812606473 0.05740181268882175 0.029812606473594547
0 0.6593655589123867 0.6013628620102215 0.05740181268882175 0.028960817717206135
0 0.654833836858006 0.6218057921635435 0.061933534743202415 0.03577512776831346
0 0.6740936555891238 0.6409710391822828 0.06419939577039276 0.03492333901192504
0 0.6824018126888217 0.6592844974446337 0.0581570996978852 0.044293015332197615
0 0.6975075528700906 0.6797274275979557 0.06117824773413897 0.030664395229982964
1 0.6910876132930514 0.7010221465076661 0.0634441087613293 0.03747870528109029
0 0.6963746223564955 0.7142248722316865 0.055891238670694864 0.029812606473594547
0 0.7077039274924471 0.7278534923339012 0.04984894259818731 0.02129471890971039
1 0.7009063444108762 0.7448892674616695 0.06797583081570997 0.03492333901192504
0 0.7088368580060423 0.7687393526405452 0.05966767371601209 0.036626916524701875
0 0.7205438066465257 0.798977853492334 0.060422960725075525 0.03577512776831346
0 0.7277190332326284 0.8275127768313458 0.06722054380664652 0.036626916524701875
0 0.7413141993957704 0.8356047700170358 0.05664652567975831 0.027257240204429302
0 0.7450906344410876 0.8513628620102215 0.0581570996978852 0.031516183986371384
0 0.7371601208459214 0.8777683134582623 0.061933534743202415 0.03492333901192504
0 0.7518882175226587 0.8977853492333902 0.06570996978851963 0.02555366269165247
0 0.7726586102719033 0.9143952299829642 0.06646525679758308 0.026405451448040886
0 0.7560422960725075 0.9433560477001703 0.0634441087613293 0.03833049403747871
0 0.7802114803625377 0.9608177172061328 0.0649546827794562 0.030664395229982964
0 0.7700151057401813 0.9787052810902896 0.06570996978851963 0.018739352640545145
0 0.7533987915407855 0.01746166950596252 0.05362537764350453 0.026405451448040886
0 0.7484894259818731 0.034497444633730834 0.054380664652567974 0.026405451448040886
1 0.7560422960725075 0.05238500851788756 0.05891238670694864 0.036626916524701875
0 0.7609516616314199 0.06814310051107325 0.05513595166163142 0.03236797274275979
0 0.7760574018126888 0.08390119250425894 0.05966767371601209 0.046848381601362864
0 0.7722809667673716 0.11115843270868825 0.05060422960725076 0.048551959114139696
0 0.7817220543806647 0.12095400340715502 0.04682779456193353 0.04258943781942078
0 0.7802114803625377 0.14352640545144804 0.0513595166163142 0.0434412265758092
0 0.7964501510574018 0.14863713798977854 0.04758308157099698 0.04514480408858603
0 0.8595166163141994 0.12436115843270869 0.055891238670694864 0.056218057921635436
0 0.8648036253776435 0.14224872231686542 0.054380664652567974 0.04940374787052811
0 0.8058912386706949 0.18611584327086883 0.0634441087613293 0.031516183986371384
0 0.8372356495468278 0.20315161839863713 0.05966767371601209 0.041737649063032366
0 0.8164652567975831 0.24063032367972742 0.05891238670694864 0.03321976149914821
0 0.8357250755287009 0.25127768313458265 0.0581570996978852 0.034071550255536626
0 0.8293051359516617 0.2776831345826235 0.060422960725075525 0.040885860306643956
1 0.8327039274924471 0.2938671209540034 0.04909365558912387 0.056218057921635436
0 0.849320241691843 0.29557069846678025 0.04154078549848943 0.04599659284497445
0 0.847809667673716 0.3249574105621806 0.05513595166163142 0.04514480408858603
0 0.8670694864048338 0.33475298126064734 0.04682779456193353 0.044293015332197615
0 0.9297583081570997 0.5255536626916525 0.052870090634441085 0.04770017035775128
0 0.9350453172205438 0.5519591141396933 0.0649546827794562 0.04258943781942078
0 0.9165407854984894 0.600511073253833 0.035498489425981876 0.06473594548551959
0 0.9558157099697885 0.6000851788756388 0.05211480362537765 0.036626916524701875
0 0.9588368580060423 0.6222316865417377 0.05211480362537765 0.04003407155025554
