2 0.5434412265758092 0.10347432024169184 0.04940374787052811 0.03625377643504532
2 0.5166098807495741 0.1148036253776435 0.04514480408858603 0.028700906344410877
0 0.40119250425894376 0.010196374622356496 0.054514480408858604 0.02190332326283988
0 0.4007666098807496 0.019259818731117824 0.05025553662691652 0.023413897280966767
0 0.39863713798977857 0.05702416918429003 0.05792163543441227 0.023413897280966767
1 0.4744463373083475 0.01850453172205438 0.06814310051107325 0.027945619335347432
0 0.4714650766609881 0.03965256797583082 0.06388415672913117 0.023413897280966767
0 0.3956558773424191 0.11518126888217523 0.05025553662691652 0.023413897280966767
2 0.4212095400340716 0.1355740181268882 0.036626916524701875 0.02945619335347432
1 0.2823679727427598 0.2824773413897281 0.041737649063032366 0.060422960725075525
1 0.30068143100511074 0.31948640483383683 0.05792163543441227 0.028700906344410877
0 0.325809199318569 0.34894259818731116 0.06729131175468483 0.022658610271903322
0 0.32836456558773425 0.36706948640483383 0.062180579216354344 0.021148036253776436
1 0.3245315161839864 0.38104229607250756 0.07495741056218058 0.017371601208459216
0 0.3143100511073254 0.39010574018126887 0.06132879045996593 0.0188821752265861
1 0.325809199318569 0.40672205438066467 0.06047700170357751 0.023413897280966767
1 0.3909710391822828 0.4006797583081571 0.06814310051107325 0.026435045317220542
0 0.31771720613287907 0.42371601208459214 0.07666098807495741 0.021148036253776436
0 0.3266609880749574 0.4433534743202417 0.0706984667802385 0.02416918429003021
1 0.3198466780238501 0.463368580060423 0.07410562180579217 0.023413897280966767
0 0.381175468483816 0.466012084592145 0.05536626916524702 0.027190332326283987
0 0.4352640545144804 0.46865558912386707 0.059625212947189095 0.035498489425981876
1 0.28449744463373083 0.5196374622356495 0.030664395229982964 0.05891238670694864
0 0.32112436115843274 0.5083081570996979 0.056218057921635436 0.022658610271903322
1 0.3266609880749574 0.5211480362537765 0.05366269165247019 0.01812688821752266
0 0.33347529812606475 0.5309667673716012 0.058773424190800685 0.019637462235649546
1 0.3287904599659284 0.5619335347432024 0.05281090289608177 0.03323262839879154
0 0.30281090289608176 0.5577794561933535 0.04514480408858603 0.017371601208459216
1 0.2815161839863714 0.6091389728096677 0.024701873935264056 0.05664652567975831
0 0.33049403747870526 0.6027190332326284 0.018739352640545145 0.052870090634441085
1 0.34880749574105624 0.5985649546827795 0.028109028960817718 0.05060422960725076
0 0.45315161839863716 0.5128398791540786 0.05281090289608177 0.04229607250755287
0 0.45826235093696766 0.5381419939577039 0.056218057921635436 0.035498489425981876
0 0.43568994889267465 0.6023413897280967 0.05536626916524702 0.0445619335347432
0 0.5826235093696763 0.5030211480362538 0.03747870528109029 0.04984894259818731
1 0.6124361158432708 0.5226586102719033 0.03747870528109029 0.05740181268882175
1 0.6665247018739353 0.5079305135951662 0.029812606473594547 0.04909365558912387
0 0.7206132879045997 0.4947129909365559 0.03577512776831346 0.04833836858006042
0 0.7406303236797275 0.48564954682779454 0.048551959114139696 0.052870090634441085
0 0.7853492333901193 0.4826283987915408 0.03577512776831346 0.04984894259818731
1 0.823679727427598 0.4962235649546828 0.040885860306643956 0.055891238670694864
1 0.8752129471890971 0.49584592145015105 0.03321976149914821 0.05664652567975831
0 0.8990630323679728 0.493202416918429 0.03321976149914821 0.055891238670694864
0 0.9574105621805792 0.4799848942598187 0.030664395229982964 0.05060422960725076
0 0.9833901192504259 0.4811178247734139 0.029812606473594547 0.04833836858006042
0 0.44931856899488926 0.30400302114803623 0.06047700170357751 0.02190332326283988
0 0.4505962521294719 0.3266616314199396 0.05281090289608177 0.0324773413897281
0 0.45357751277683134 0.3561178247734139 0.051959114139693355 0.04154078549848943
0 0.553236797274276 0.31722054380664655 0.03321976149914821 0.05740181268882175
0 0.5770868824531517 0.3130664652567976 0.031516183986371384 0.05513595166163142
2 0.4944633730834753 0.3530966767371601 0.036626916524701875 0.026435045317220542
2 0.5268313458262351 0.3629154078549849 0.04514480408858603 0.026435045317220542
0 0.6545996592844975 0.041918429003021146 0.06047700170357751 0.02039274924471299
1 0.6818568994889268 0.1197129909365559 0.05366269165247019 0.026435045317220542
0 0.6507666098807496 0.16163141993957703 0.04599659284497445 0.01812688821752266
0 0.6456558773424191 0.17900302114803626 0.05792163543441227 0.0256797583081571
1 0.6609880749574105 0.2020392749244713 0.059625212947189095 0.024924471299093656
0 0.659710391822828 0.23716012084592145 0.05706984667802385 0.027190332326283987
0 0.6584327086882453 0.256797583081571 0.06132879045996593 0.022658610271903322
0 0.6149914821124361 0.26435045317220546 0.027257240204429302 0.04682779456193353
0 0.5915672913117547 0.2601963746223565 0.026405451448040886 0.05211480362537765
1 0.6784497444633731 0.31797583081570996 0.03492333901192504 0.060422960725075525
1 0.712947189097104 0.3145770392749245 0.027257240204429302 0.05966767371601209
1 0.694633730834753 0.31344410876132933 0.029812606473594547 0.0513595166163142
0 0.6132879045996593 0.324773413897281 0.03236797274275979 0.04984894259818731
0 0.6162691652470188 0.3776435045317221 0.036626916524701875 0.0513595166163142
0 0.6486371379897785 0.3867069486404834 0.03833049403747871 0.045317220543806644
0 0.6588586030664395 0.402190332326284 0.046848381601362864 0.04909365558912387
0 0.6878194207836457 0.3942598187311178 0.019591141396933562 0.04229607250755287
0 0.7010221465076661 0.39274924471299094 0.022146507666098807 0.04682779456193353
0 0.7214650766609881 0.39652567975830816 0.028960817717206135 0.0513595166163142
0 0.7504258943781942 0.395392749244713 0.039182282793867124 0.05060422960725076
0 0.7870528109028961 0.3923716012084592 0.040885860306643956 0.05513595166163142
0 0.8189948892674617 0.39161631419939574 0.031516183986371384 0.05513595166163142
0 0.8496592844974447 0.3961480362537764 0.024701873935264056 0.05211480362537765
0 0.8641396933560477 0.3935045317220544 0.022998296422487224 0.04380664652567976
0 0.879045996592845 0.3923716012084592 0.028960817717206135 0.04607250755287009
1 0.8901192504258943 0.38444108761329304 0.027257240204429302 0.0513595166163142
0 0.9186541737649063 0.38255287009063443 0.022998296422487224 0.05211480362537765
1 0.9386712095400341 0.38368580060422963 0.03236797274275979 0.055891238670694864
1 0.9518739352640545 0.3787764350453172 0.03492333901192504 0.05362537764350453
1 0.8509369676320273 0.30438066465256797 0.030664395229982964 0.04984894259818731
1 0.8232538330494038 0.30966767371601206 0.026405451448040886 0.0513595166163142
1 0.793015332197615 0.30060422960725075 0.034071550255536626 0.0513595166163142
