3 0.5385196374622356 0.6935261707988981 0.09516616314199396 0.15013774104683197
0 0.649546827794562 0.7300275482093664 0.03927492447129909 0.09090909090909091
0 0.02152567975830816 0.09641873278236915 0.04305135951661632 0.06336088154269973
0 0.023413897280966767 0.0440771349862259 0.04833836858006042 0.06336088154269973
0 0.955060422960725 0.7479338842975207 0.04154078549848943 0.05509641873278237
0 0.6978851963746223 0.8298898071625345 0.03927492447129909 0.07024793388429752
1 0.6718277945619335 0.8209366391184574 0.023413897280966767 0.0881542699724518
0 0.6446374622356495 0.825068870523416 0.027945619335347432 0.0881542699724518
0 0.604607250755287 0.8195592286501377 0.02190332326283988 0.0881542699724518
1 0.5879909365558912 0.8223140495867769 0.024924471299093656 0.09366391184573003
0 0.5698640483383686 0.8381542699724518 0.02039274924471299 0.07851239669421488
1 0.5483383685800605 0.8402203856749312 0.0256797583081571 0.07988980716253444
0 0.5200151057401813 0.8457300275482094 0.02039274924471299 0.0743801652892562
2 0.2556646525679758 0.7355371900826446 0.02945619335347432 0.0743801652892562
0 0.2692598187311178 0.8505509641873279 0.024924471299093656 0.08953168044077135
0 0.2873867069486405 0.8560606060606061 0.02190332326283988 0.09504132231404959
0 0.31910876132930516 0.8753443526170799 0.0188821752265861 0.06198347107438017
1 0.30362537764350456 0.8443526170798898 0.02416918429003021 0.08264462809917356
0 0.2126132930513595 0.8477961432506887 0.033987915407854986 0.08953168044077135
0 0.17749244712990936 0.8367768595041323 0.0256797583081571 0.09504132231404959
2 0.05777945619335347 0.7389807162534435 0.026435045317220542 0.06198347107438017
0 0.19259818731117825 0.9387052341597797 0.0513595166163142 0.03994490358126722
0 0.1986404833836858 0.9696969696969697 0.054380664652567974 0.03581267217630854
0 0.04003021148036254 0.7362258953168044 0.05740181268882175 0.045454545454545456
0 0.04682779456193353 0.8822314049586777 0.04833836858006042 0.048209366391184574
0 0.052870090634441085 0.9077134986225895 0.04984894259818731 0.03581267217630854
0 0.04758308157099698 0.940771349862259 0.04833836858006042 0.049586776859504134
0 0.0668429003021148 0.9559228650137741 0.05362537764350453 0.0440771349862259
