2 0.09705438066465256 0.525679758308157 0.0581570996978852 0.04380664652567976
0 0.10460725075528701 0.5219033232628398 0.07779456193353475 0.09063444108761329
0 0.08987915407854985 0.02530211480362538 0.08157099697885196 0.0324773413897281
0 0.11027190332326284 0.07477341389728097 0.07854984894259819 0.028700906344410877
1 0.09063444108761329 0.054003021148036255 0.08610271903323263 0.04003021148036254
0 0.10083081570996978 0.09365558912386707 0.08534743202416918 0.028700906344410877
0 0.12046827794561933 0.11404833836858005 0.07930513595166164 0.028700906344410877
1 0.12462235649546828 0.13481873111782477 0.08006042296072508 0.02945619335347432
0 0.1268882175226586 0.16767371601208458 0.07854984894259819 0.03927492447129909
0 0.13897280966767372 0.18353474320241692 0.0755287009063444 0.021148036253776436
0 0.13821752265861026 0.1986404833836858 0.06948640483383686 0.028700906344410877
0 0.15974320241691842 0.2707703927492447 0.0702416918429003 0.027945619335347432
0 0.15030211480362538 0.2212990936555891 0.0770392749244713 0.03625377643504532
0 0.16691842900302115 0.290785498489426 0.06948640483383686 0.0256797583081571
1 0.17598187311178248 0.30589123867069484 0.08006042296072508 0.03474320241691843
1 0.18089123867069487 0.33345921450151056 0.07930513595166164 0.030966767371601207
0 0.18731117824773413 0.36064954682779454 0.07099697885196375 0.027945619335347432
0 0.19750755287009064 0.3806646525679758 0.0823262839879154 0.027190332326283987
0 0.22469788519637462 0.395392749244713 0.06873111782477341 0.026435045317220542
0 0.21865558912386707 0.41012084592145015 0.06570996978851963 0.01661631419939577
0 0.22922960725075528 0.43051359516616317 0.06722054380664652 0.0256797583081571
0 0.23678247734138974 0.45959214501510576 0.0823262839879154 0.03851963746223565
0 0.25604229607250756 0.4935800604229607 0.07099697885196375 0.030966767371601207
0 0.2719033232628399 0.5143504531722054 0.08761329305135952 0.030211480362537763
0 0.2601963746223565 0.5332326283987915 0.07477341389728097 0.03172205438066465
0 0.27416918429003023 0.5872356495468278 0.09969788519637462 0.04909365558912387
0 0.30173716012084595 0.6159365558912386 0.06722054380664652 0.033987915407854986
0 0.2836102719033233 0.6283987915407855 0.09290030211480363 0.03323262839879154
0 0.2892749244712991 0.6552114803625377 0.07401812688821752 0.02945619335347432
0 0.3187311178247734 0.6812688821752266 0.06797583081570997 0.03323262839879154
0 0.3251510574018127 0.7896525679758308 0.07930513595166164 0.03700906344410876
0 0.34629909365558914 0.8104229607250756 0.05513595166163142 0.02416918429003021
0 0.3557401812688822 0.8319486404833837 0.06797583081570997 0.027945619335347432
0 0.3723564954682779 0.8512084592145015 0.03172205438066465 0.0513595166163142
0 0.43277945619335345 0.8942598187311178 0.0256797583081571 0.04984894259818731
0 0.4452416918429003 0.9070996978851964 0.026435045317220542 0.055891238670694864
0 0.4561933534743202 0.9188066465256798 0.027190332326283987 0.05513595166163142
0 0.31533232628398794 0.7122356495468278 0.08383685800604229 0.027190332326283987
1 0.3429003021148036 0.7314954682779456 0.054380664652567974 0.05060422960725076
1 0.48564954682779454 0.9271148036253777 0.030211480362537763 0.05664652567975831
0 0.5037764350453172 0.9214501510574018 0.028700906344410877 0.04682779456193353
0 0.5120845921450151 0.9452416918429003 0.028700906344410877 0.05513595166163142
1 0.5419184290030211 0.9509063444108762 0.023413897280966767 0.055891238670694864
1 0.5630664652567976 0.9573262839879154 0.027945619335347432 0.05362537764350453
0 0.5808157099697885 0.9716767371601208 0.03172205438066465 0.05211480362537765
