3 0.9354229607250756 0.7598187311178247 0.11706948640483383 0.1510574018126888
0 0.4637462235649547 0.37009063444108764 0.04380664652567976 0.06646525679758308
0 0.5018882175226587 0.43089123867069484 0.06117824773413897 0.06722054380664652
0 0.6148036253776435 0.529833836858006 0.0634441087613293 0.02945619335347432
0 0.6053625377643505 0.5611782477341389 0.06873111782477341 0.022658610271903322
0 0.1778700906344411 0.45657099697885195 0.06117824773413897 0.03851963746223565
0 0.1351963746223565 0.6540785498489426 0.04229607250755287 0.06646525679758308
0 0.2039274924471299 0.6790030211480362 0.03474320241691843 0.06646525679758308
0 0.2103474320241692 0.7922960725075529 0.035498489425981876 0.07401812688821752
0 0.20770392749244712 0.9463746223564955 0.027190332326283987 0.06797583081570997
0 0.04833836858006042 0.8780211480362538 0.05740181268882175 0.0581570996978852
0 0.03625377643504532 0.9705438066465257 0.04078549848942598 0.0513595166163142
0 0.09101208459214502 0.7511329305135952 0.04003021148036254 0.07175226586102719
0 0.09327794561933535 0.6098942598187311 0.0324773413897281 0.06419939577039276
2 0.18277945619335348 0.8636706948640483 0.015105740181268881 0.02039274924471299
