0 0.09176737160120846 0.20921450151057402 0.07930513595166164 0.0377643504531722
0 0.09516616314199396 0.243202416918429 0.08610271903323263 0.028700906344410877
0 0.09327794561933535 0.2688821752265861 0.09290030211480363 0.027190332326283987
0 0.0634441087613293 0.2794561933534743 0.07099697885196375 0.019637462235649546
0 0.08119335347432025 0.29871601208459214 0.09441087613293052 0.026435045317220542
0 0.19108761329305135 0.09214501510574018 0.07401812688821752 0.028700906344410877
0 0.1865558912386707 0.12046827794561933 0.06948640483383686 0.035498489425981876
0 0.16767371601208458 0.12915407854984895 0.07854984894259819 0.02416918429003021
0 0.16767371601208458 0.14652567975830816 0.07099697885196375 0.028700906344410877
0 0.1472809667673716 0.16691842900302115 0.08610271903323263 0.03927492447129909
0 0.13935045317220543 0.18806646525679757 0.0702416918429003 0.022658610271903322
0 0.138595166163142 0.19901812688821752 0.07326283987915408 0.033987915407854986
0 0.061555891238670696 0.324773413897281 0.08081570996978851 0.0256797583081571
1 0.05777945619335347 0.34365558912386707 0.09290030211480363 0.03172205438066465
0 0.2262084592145015 0.06419939577039276 0.07779456193353475 0.04078549848942598
0 0.24433534743202417 0.03663141993957704 0.08534743202416918 0.024924471299093656
0 0.13935045317220543 0.8081570996978852 0.06419939577039276 0.04380664652567976
0 0.2084592145015106 0.8455438066465257 0.0377643504531722 0.06570996978851963
0 0.23413897280966767 0.8587613293051359 0.03927492447129909 0.060422960725075525
0 0.2620845921450151 0.8799093655589124 0.03927492447129909 0.05740181268882175
0 0.28058912386706947 0.8927492447129909 0.03851963746223565 0.060422960725075525
0 0.31344410876132933 0.9086102719033232 0.03474320241691843 0.054380664652567974
0 0.33345921450151056 0.93202416918429 0.04003021148036254 0.055891238670694864
0 0.3530966767371601 0.9388217522658611 0.03851963746223565 0.055891238670694864
1 0.37990936555891236 0.9501510574018127 0.03323262839879154 0.052870090634441085
1 0.1729607250755287 0.8164652567975831 0.03625377643504532 0.0634441087613293
