0 0.24601593625498008 0.02152567975830816 0.09760956175298804 0.04154078549848943
0 0.25697211155378485 0.04984894259818731 0.08764940239043825 0.04078549848942598
0 0.27191235059760954 0.07628398791540786 0.08565737051792828 0.045317220543806644
0 0.2908366533864542 0.1042296072507553 0.09163346613545817 0.04682779456193353
0 0.3147410358565737 0.12651057401812688 0.11952191235059761 0.04305135951661632
0 0.3615537848605578 0.13595166163141995 0.14143426294820716 0.030211480362537763
0 0.42231075697211157 0.30438066465256797 0.12749003984063745 0.03625377643504532
0 0.4641434262948207 0.3557401812688822 0.12749003984063745 0.027190332326283987
0 0.4850597609561753 0.3776435045317221 0.10557768924302789 0.04380664652567976
0 0.5049800796812749 0.40483383685800606 0.11354581673306773 0.03172205438066465
0 0.6175298804780877 0.3987915407854985 0.099601593625498 0.03474320241691843
0 0.5308764940239044 0.43391238670694865 0.13745019920318724 0.02945619335347432
1 0.5129482071713147 0.2617069486404834 0.1254980079681275 0.03851963746223565
0 0.5338645418326693 0.4826283987915408 0.12749003984063745 0.03172205438066465
0 0.6673306772908366 0.48564954682779454 0.13545816733067728 0.028700906344410877
0 0.5756972111553785 0.5755287009063444 0.1394422310756972 0.027190332326283987
0 0.6125498007968128 0.6185800604229608 0.13346613545816732 0.028700906344410877
2 0.5507968127490039 0.6604984894259819 0.11354581673306773 0.024924471299093656
0 0.7280876494023905 0.7594410876132931 0.1294820717131474 0.024924471299093656
0 0.6882470119521912 0.7968277945619335 0.10557768924302789 0.030211480362537763
0 0.699203187250996 0.8293051359516617 0.10756972111553785 0.04078549848942598
0 0.7141434262948207 0.8530966767371602 0.09760956175298804 0.03851963746223565
0 0.7290836653386454 0.877643504531722 0.10756972111553785 0.03172205438066465
0 0.7231075697211156 0.8919939577039275 0.11553784860557768 0.03323262839879154
0 0.7440239043824701 0.9086102719033232 0.09760956175298804 0.03172205438066465
0 0.749003984063745 0.9509063444108762 0.09561752988047809 0.0377643504531722
0 0.7639442231075697 0.9222054380664653 0.09362549800796813 0.03474320241691843
0 0.7898406374501992 0.9656344410876133 0.10956175298804781 0.0324773413897281
2 0.6633466135458167 0.9516616314199395 0.11952191235059761 0.03474320241691843
0 0.250996015936255 0.9894259818731118 0.11952191235059761 0.01812688821752266
0 0.2290836653386454 0.9765861027190332 0.10756972111553785 0.022658610271903322
0 0.2101593625498008 0.9637462235649547 0.12151394422310757 0.02416918429003021
0 0.19621513944223107 0.9222054380664653 0.1294820717131474 0.027190332326283987
0 0.17729083665338646 0.8806646525679759 0.13545816733067728 0.028700906344410877
0 0.15836653386454183 0.9010574018126888 0.09760956175298804 0.021148036253776436
0 0.16832669322709162 0.8500755287009063 0.11354581673306773 0.027945619335347432
0 0.14741035856573706 0.8175981873111783 0.12749003984063745 0.02190332326283988
0 0.15438247011952191 0.8013595166163142 0.09362549800796813 0.02416918429003021
1 0.13545816733067728 0.7888972809667674 0.12749003984063745 0.035498489425981876
0 0.12250996015936255 0.7598187311178247 0.14143426294820716 0.021148036253776436
0 0.09561752988047809 0.7386706948640483 0.13545816733067728 0.021148036253776436
0 0.10059760956175298 0.7167673716012085 0.1294820717131474 0.0256797583081571
0 0.10059760956175298 0.6756042296072508 0.1294820717131474 0.035498489425981876
1 0.06274900398406374 0.6703172205438066 0.1254980079681275 0.033987915407854986
0 0.05079681274900398 0.6457703927492447 0.10557768924302789 0.03172205438066465
0 0.049800796812749 0.6170694864048338 0.10358565737051792 0.022658610271903322
0 0.04183266932270916 0.591012084592145 0.08764940239043825 0.024924471299093656
0 0.0398406374501992 0.5641993957703928 0.08366533864541832 0.019637462235649546
0 0.052788844621513946 0.5426737160120846 0.10956175298804781 0.023413897280966767
0 0.026892430278884463 0.5336102719033232 0.05776892430278884 0.0188821752265861
