0 0.11933534743202417 0.41439522998296424 0.06797583081570997 0.05706984667802385
1 0.22280966767371602 0.8138841567291312 0.0634441087613293 0.046848381601362864
1 0.26472809667673713 0.9429301533219762 0.05664652567975831 0.04258943781942078
1 0.17447129909365558 0.9727427597955707 0.0634441087613293 0.04258943781942078
0 0.1627643504531722 0.9310051107325383 0.06268882175226587 0.04258943781942078
1 0.14463746223564955 0.8948040885860307 0.06268882175226587 0.029812606473594547
0 0.1355740181268882 0.8603066439522998 0.0581570996978852 0.03236797274275979
1 0.1299093655589124 0.8398637137989778 0.05891238670694864 0.03236797274275979
0 0.12613293051359517 0.813458262350937 0.055891238670694864 0.04258943781942078
0 0.11027190332326284 0.7853492333901193 0.07250755287009064 0.034071550255536626
1 0.10347432024169184 0.7576660988074958 0.061933534743202415 0.03833049403747871
0 0.09856495468277945 0.7312606473594548 0.06419939577039276 0.036626916524701875
0 0.0290785498489426 0.4540034071550256 0.04607250755287009 0.04258943781942078
0 0.04003021148036254 0.4944633730834753 0.061933534743202415 0.03492333901192504
0 0.041918429003021146 0.5140545144804088 0.05966767371601209 0.031516183986371384
0 0.050981873111782476 0.5340715502555367 0.05966767371601209 0.028960817717206135
0 0.060045317220543806 0.5664395229982965 0.06419939577039276 0.03747870528109029
1 0.05060422960725076 0.5919931856899489 0.054380664652567974 0.03577512776831346
1 0.07401812688821752 0.6039182282793867 0.0649546827794562 0.040885860306643956
1 0.06382175226586102 0.6320272572402045 0.0581570996978852 0.04258943781942078
0 0.08081570996978851 0.649488926746167 0.060422960725075525 0.04003407155025554
1 0.07930513595166164 0.6797274275979557 0.061933534743202415 0.03236797274275979
1 0.09365558912386707 0.694633730834753 0.07099697885196375 0.0434412265758092
1 0.23338368580060423 0.6584327086882453 0.03172205438066465 0.06643952299829642
