3 0.5921450151057401 0.1839863713798978 0.19184290030211482 0.18057921635434412
0 0.3950151057401813 0.0868824531516184 0.04229607250755287 0.06643952299829642
1 0.36442598187311176 0.08603066439522998 0.0324773413897281 0.06473594548551959
1 0.32439577039274925 0.07879045996592846 0.05211480362537765 0.05536626916524702
0 0.3092900302114804 0.09795570698466781 0.0445619335347432 0.04940374787052811
0 0.2926737160120846 0.11754684838160137 0.04758308157099698 0.04940374787052811
0 0.28134441087613293 0.13756388415672913 0.05664652567975831 0.041737649063032366
0 0.2628398791540785 0.1626916524701874 0.05891238670694864 0.039182282793867124
0 0.2413141993957704 0.18228279386712096 0.04758308157099698 0.044293015332197615
0 0.21978851963746224 0.20357751277683134 0.052870090634441085 0.03747870528109029
0 0.20921450151057402 0.22018739352640546 0.052870090634441085 0.03833049403747871
0 0.19410876132930513 0.23168654173764908 0.054380664652567974 0.03577512776831346
0 0.18617824773413896 0.2551107325383305 0.07326283987915408 0.04514480408858603
0 0.16389728096676737 0.26873935264054516 0.0634441087613293 0.03833049403747871
0 0.15256797583081572 0.3002555366269165 0.05891238670694864 0.04003407155025554
0 0.13330815709969787 0.3253833049403748 0.05362537764350453 0.04258943781942078
1 0.1283987915407855 0.3530664395229983 0.04984894259818731 0.04003407155025554
0 0.11253776435045318 0.3666950596252129 0.0649546827794562 0.036626916524701875
0 0.09403323262839879 0.39310051107325383 0.06268882175226587 0.031516183986371384
0 0.07477341389728097 0.41396933560477 0.055891238670694864 0.04599659284497445
0 0.0634441087613293 0.4331345826235094 0.061933534743202415 0.03492333901192504
0 0.04833836858006042 0.4723168654173765 0.0649546827794562 0.041737649063032366
1 0.027945619335347432 0.4893526405451448 0.054380664652567974 0.036626916524701875
1 0.0222809667673716 0.5191652470187393 0.03700906344410876 0.03492333901192504
1 0.03361027190332326 0.09923339011925043 0.0445619335347432 0.029812606473594547
0 0.04720543806646526 0.0651618398637138 0.05060422960725076 0.019591141396933562
0 0.08534743202416918 0.03492333901192504 0.06948640483383686 0.02385008517887564
0 0.02756797583081571 0.1418228279386712 0.05362537764350453 0.026405451448040886
