3 0.06306646525679759 0.9126916524701874 0.12462235649546828 0.09284497444633731
3 0.23527190332326284 0.9054514480408858 0.17749244712990936 0.0919931856899489
3 0.5237915407854985 0.9195059625212947 0.14274924471299094 0.08262350936967632
3 0.6669184290030211 0.92206132879046 0.14652567975830816 0.07921635434412266
3 0.6336858006042296 0.2670357751277683 0.08459214501510574 0.1354344122657581
3 0.665785498489426 0.5157580919931857 0.08081570996978851 0.1575809199318569
2 0.6144259818731118 0.9880749574105622 0.03851963746223565 0.018739352640545145
2 0.7953172205438066 0.5242759795570698 0.04229607250755287 0.036626916524701875
0 0.6858006042296072 0.75809199318569 0.045317220543806644 0.04599659284497445
0 0.6891993957703928 0.8066439522998297 0.05966767371601209 0.040885860306643956
