0 0.5796827794561934 0.029812606473594547 0.04154078549848943 0.059625212947189095
0 0.4618580060422961 0.024275979557069848 0.0324773413897281 0.048551959114139696
1 0.44486404833836857 0.029386712095400343 0.03927492447129909 0.06047700170357751
0 0.4297583081570997 0.03747870528109029 0.0377643504531722 0.06643952299829642
1 0.4127643504531722 0.029386712095400343 0.030966767371601207 0.06047700170357751
0 0.39010574018126887 0.03534923339011925 0.04003021148036254 0.05536626916524702
0 0.37386706948640486 0.040885860306643956 0.04380664652567976 0.059625212947189095
0 0.3678247734138973 0.06431005110732538 0.04380664652567976 0.05706984667802385
1 0.33534743202416917 0.06047700170357751 0.04078549848942598 0.07495741056218058
1 0.31419939577039274 0.07155025553662692 0.054380664652567974 0.06643952299829642
0 0.31268882175226587 0.09497444633730835 0.052870090634441085 0.06047700170357751
1 0.2892749244712991 0.08475298126064736 0.054380664652567974 0.07240204429301533
0 0.25868580060422963 0.0868824531516184 0.0445619335347432 0.06303236797274277
1 0.24848942598187312 0.09540034071550256 0.04682779456193353 0.05792163543441227
0 0.23074018126888218 0.10647359454855196 0.04003021148036254 0.05110732538330494
0 0.21601208459214502 0.11328790459965929 0.03323262839879154 0.06132879045996593
1 0.2039274924471299 0.11626916524701875 0.04229607250755287 0.065587734241908
1 0.18391238670694865 0.12521294718909712 0.03851963746223565 0.07836456558773425
0 0.1537009063444109 0.141396933560477 0.04607250755287009 0.06132879045996593
1 0.11782477341389729 0.15076660988074958 0.052870090634441085 0.06303236797274277
0 0.09705438066465256 0.16311754684838162 0.04607250755287009 0.058773424190800685
1 0.0789274924471299 0.1690800681431005 0.04154078549848943 0.07410562180579217
1 0.05777945619335347 0.1839863713798978 0.05513595166163142 0.06814310051107325
0 0.03814199395770393 0.20357751277683134 0.04758308157099698 0.056218057921635436
0 0.24055891238670696 0.4199318568994889 0.026435045317220542 0.06132879045996593
0 0.26661631419939574 0.4199318568994889 0.03625377643504532 0.056218057921635436
0 0.29040785498489424 0.40502555366269166 0.04758308157099698 0.058773424190800685
1 0.30702416918429004 0.39395229982964225 0.03700906344410876 0.0706984667802385
0 0.3357250755287009 0.3960817717206133 0.033987915407854986 0.06132879045996593
0 0.36027190332326287 0.37947189097103917 0.045317220543806644 0.062180579216354344
0 0.3814199395770393 0.37223168654173766 0.03172205438066465 0.06814310051107325
1 0.3972809667673716 0.3530664395229983 0.03927492447129909 0.065587734241908
0 0.4229607250755287 0.3373083475298126 0.03625377643504532 0.07325383304940375
0 0.4573262839879154 0.32964224872231684 0.03851963746223565 0.06643952299829642
0 0.4799848942598187 0.3253833049403748 0.03700906344410876 0.054514480408858604
0 0.49055891238670696 0.29258943781942076 0.030966767371601207 0.07240204429301533
0 0.506797583081571 0.3126064735945486 0.0377643504531722 0.06984667802385008
0 0.5169939577039275 0.30706984667802384 0.0324773413897281 0.062180579216354344
0 0.5275679758308157 0.28833049403747874 0.04154078549848943 0.08262350936967632
0 0.5634441087613293 0.27427597955706984 0.052870090634441085 0.07325383304940375
1 0.5532477341389728 0.3023850085178876 0.04909365558912387 0.06643952299829642
0 0.5853474320241692 0.27385008517887566 0.03927492447129909 0.06729131175468483
0 0.6027190332326284 0.2721465076660988 0.04380664652567976 0.06388415672913117
0 0.631797583081571 0.2551107325383305 0.033987915407854986 0.058773424190800685
0 0.6374622356495468 0.2389267461669506 0.03625377643504532 0.06047700170357751
0 0.6578549848942599 0.25212947189097107 0.04229607250755287 0.06643952299829642
0 0.6812688821752266 0.23764906303236796 0.04380664652567976 0.06132879045996593
0 0.6933534743202416 0.22402044293015333 0.03927492447129909 0.06132879045996593
0 0.7084592145015106 0.217206132879046 0.04078549848942598 0.06132879045996593
0 0.7303625377643505 0.22444633730834754 0.03625377643504532 0.062180579216354344
0 0.7533987915407855 0.21337308347529813 0.04154078549848943 0.065587734241908
1 0.7926737160120846 0.17120954003407154 0.023413897280966767 0.08177172061328791
0 0.8092900302114804 0.19335604770017037 0.027945619335347432 0.07495741056218058
0 0.8308157099697885 0.17291311754684838 0.027190332326283987 0.06303236797274277
0 0.8527190332326284 0.15459965928449745 0.04078549848942598 0.075809199318569
1 0.8999244712990937 0.13202725724020442 0.05362537764350453 0.07666098807495741
1 0.8100453172205438 0.14735945485519591 0.02945619335347432 0.07495741056218058
0 0.9376888217522659 0.0975298126064736 0.03851963746223565 0.06729131175468483
0 0.9308912386706949 0.13926746166950596 0.03700906344410876 0.046848381601362864
0 0.9558157099697885 0.131175468483816 0.03700906344410876 0.06643952299829642
0 0.9822507552870091 0.13713798977853492 0.033987915407854986 0.06303236797274277
