3 0.35391822827938674 0.2989778534923339 0.11328790459965929 0.1465076660988075
3 0.6724872231686542 0.151618398637138 0.14565587734241908 0.17546848381601363
3 0.8313458262350937 0.34454855195911416 0.1362862010221465 0.1695059625212947
3 0.5728279386712095 0.456984667802385 0.14906303236797275 0.18824531516183987
3 0.36541737649063033 0.5804940374787053 0.13969335604770017 0.1899488926746167
3 0.25894378194207834 0.6358603066439523 0.14480408858603067 0.2018739352640545
3 0.11925042589437819 0.7176320272572402 0.10391822827938671 0.14565587734241908
3 0.06431005110732538 0.788756388415673 0.12180579216354344 0.1890971039182283
3 0.7917376490630323 0.8326235093696763 0.1354344122657581 0.21890971039182283
3 0.5396081771720613 0.9267461669505963 0.12862010221465076 0.13458262350936967
