0 0.055891238670694864 0.22016616314199397 0.0755287009063444 0.03851963746223565
0 0.06910876132930513 0.2481117824773414 0.06117824773413897 0.030966767371601207
0 0.07817220543806647 0.26246223564954685 0.06419939577039276 0.02945619335347432
0 0.08308157099697885 0.2836102719033233 0.06797583081570997 0.027945619335347432
0 0.09592145015105741 0.30702416918429004 0.0649546827794562 0.03700906344410876
0 0.06722054380664652 0.08836858006042296 0.061933534743202415 0.03323262839879154
0 0.09025679758308157 0.12235649546827794 0.04909365558912387 0.04229607250755287
0 0.03474320241691843 0.1646525679758308 0.05891238670694864 0.0256797583081571
0 0.033987915407854986 0.18089123867069487 0.06646525679758308 0.030966767371601207
0 0.11216012084592145 0.1627643504531722 0.0702416918429003 0.04305135951661632
0 0.11744712990936555 0.18580060422960726 0.06873111782477341 0.027190332326283987
0 0.13670694864048338 0.2103474320241692 0.06646525679758308 0.0324773413897281
0 0.13670694864048338 0.23753776435045318 0.05891238670694864 0.033987915407854986
0 0.15030211480362538 0.26321752265861026 0.0770392749244713 0.030966767371601207
0 0.1578549848942598 0.283987915407855 0.05891238670694864 0.027190332326283987
0 0.033987915407854986 0.1423716012084592 0.061933534743202415 0.026435045317220542
1 0.06231117824773414 0.06608761329305136 0.06268882175226587 0.04003021148036254
1 0.11140483383685801 0.35196374622356497 0.07930513595166164 0.04078549848942598
1 0.15974320241691842 0.45996978851963743 0.07175226586102719 0.04078549848942598
1 0.1665407854984894 0.4690332326283988 0.06268882175226587 0.03172205438066465
1 0.17182779456193353 0.4833836858006042 0.06570996978851963 0.030211480362537763
1 0.12046827794561933 0.37197885196374625 0.0702416918429003 0.02945619335347432
0 0.13104229607250756 0.3923716012084592 0.06722054380664652 0.033987915407854986
0 0.13481873111782477 0.4052114803625378 0.06873111782477341 0.027945619335347432
0 0.14312688821752265 0.4244712990936556 0.07628398791540786 0.028700906344410877
0 0.17031722054380666 0.31910876132930516 0.0702416918429003 0.04003021148036254
0 0.18429003021148035 0.3391238670694864 0.06948640483383686 0.03323262839879154
0 0.1884441087613293 0.3640483383685801 0.06570996978851963 0.03625377643504532
0 0.19977341389728095 0.39123867069486407 0.07477341389728097 0.03323262839879154
0 0.20996978851963746 0.4176737160120846 0.06646525679758308 0.03927492447129909
0 0.22280966767371602 0.438821752265861 0.0634441087613293 0.030211480362537763
0 0.2345166163141994 0.459214501510574 0.06419939577039276 0.03474320241691843
0 0.2537764350453172 0.4697885196374622 0.06948640483383686 0.027190332326283987
0 0.25755287009063443 0.486404833836858 0.06646525679758308 0.03172205438066465
0 0.256797583081571 0.5249244712990937 0.0634441087613293 0.04078549848942598
0 0.1816465256797583 0.4973564954682779 0.06117824773413897 0.0324773413897281
0 0.19788519637462235 0.5332326283987915 0.07401812688821752 0.028700906344410877
0 0.20090634441087613 0.550226586102719 0.060422960725075525 0.02190332326283988
0 0.2058157099697885 0.5668429003021148 0.0702416918429003 0.02945619335347432
1 0.20770392749244712 0.5823262839879154 0.0649546827794562 0.04078549848942598
0 0.21299093655589124 0.6027190332326284 0.07401812688821752 0.03927492447129909
0 0.2685045317220544 0.5672205438066465 0.0581570996978852 0.04682779456193353
0 0.277190332326284 0.5891238670694864 0.0377643504531722 0.0377643504531722
0 0.3047583081570997 0.5827039274924471 0.05362537764350453 0.033987915407854986
0 0.29342900302114805 0.6246223564954683 0.0445619335347432 0.052870090634441085
0 0.2345166163141994 0.6272658610271903 0.05966767371601209 0.026435045317220542
0 0.24584592145015105 0.6503021148036254 0.06268882175226587 0.027190332326283987
0 0.25415407854984895 0.679380664652568 0.0581570996978852 0.02945619335347432
0 0.30702416918429004 0.679380664652568 0.05211480362537765 0.05060422960725076
0 0.32439577039274925 0.6842900302114804 0.03700906344410876 0.04682779456193353
1 0.3402567975830816 0.7005287009063444 0.04305135951661632 0.04909365558912387
1 0.2628398791540785 0.724320241691843 0.07250755287009064 0.03474320241691843
0 0.27681268882175225 0.7379154078549849 0.05362537764350453 0.02416918429003021
0 0.29682779456193353 0.7700151057401813 0.06797583081570997 0.02945619335347432
1 0.36178247734138974 0.7654833836858006 0.04833836858006042 0.03851963746223565
0 0.35989425981873113 0.035876132930513595 0.06873111782477341 0.03700906344410876
0 0.354607250755287 0.02039274924471299 0.06873111782477341 0.02416918429003021
0 0.35913897280966767 0.05929003021148036 0.05060422960725076 0.02039274924471299
0 0.3833081570996979 0.07628398791540786 0.07477341389728097 0.030211480362537763
0 0.37990936555891236 0.09592145015105741 0.0634441087613293 0.022658610271903322
0 0.39161631419939574 0.11367069486404834 0.06268882175226587 0.030966767371601207
0 0.39463746223564955 0.1355740181268882 0.07326283987915408 0.023413897280966767
0 0.4104984894259819 0.1537009063444109 0.0702416918429003 0.023413897280966767
0 0.42107250755287007 0.17409365558912387 0.0702416918429003 0.027945619335347432
0 0.41842900302114805 0.19184290030211482 0.060422960725075525 0.022658610271903322
0 0.42749244712990936 0.20732628398791542 0.061933534743202415 0.027945619335347432
0 0.44637462235649544 0.22734138972809667 0.06948640483383686 0.028700906344410877
0 0.44561933534743203 0.24584592145015105 0.06797583081570997 0.0324773413897281
0 0.4543051359516616 0.2700151057401813 0.0581570996978852 0.026435045317220542
1 0.47394259818731116 0.3081570996978852 0.06873111782477341 0.03323262839879154
0 0.4788519637462236 0.3311933534743202 0.06797583081570997 0.0324773413897281
0 0.4916918429003021 0.34705438066465255 0.08006042296072508 0.030966767371601207
0 0.5132175226586103 0.3821752265861027 0.0702416918429003 0.030211480362537763
0 0.5162386706948641 0.4006797583081571 0.07175226586102719 0.027945619335347432
1 0.5196374622356495 0.415785498489426 0.0634441087613293 0.024924471299093656
1 0.5320996978851964 0.4588368580060423 0.07326283987915408 0.04305135951661632
0 0.5426737160120846 0.4342900302114804 0.06419939577039276 0.04229607250755287
0 0.5490936555891238 0.4762084592145015 0.061933534743202415 0.026435045317220542
0 0.5691087613293051 0.49395770392749244 0.06268882175226587 0.027190332326283987
1 0.5770392749244713 0.5162386706948641 0.07099697885196375 0.0324773413897281
0 0.5785498489425982 0.5328549848942599 0.06948640483383686 0.033987915407854986
0 0.5808157099697885 0.5630664652567976 0.0755287009063444 0.04003021148036254
0 0.5898791540785498 0.5857250755287009 0.06797583081570997 0.04154078549848943
0 0.5921450151057401 0.6072507552870091 0.060422960725075525 0.03474320241691843
1 0.6174471299093656 0.6178247734138973 0.0702416918429003 0.04229607250755287
0 0.6189577039274925 0.6442598187311178 0.0702416918429003 0.04682779456193353
0 0.6216012084592145 0.6763595166163142 0.08006042296072508 0.04758308157099698
0 0.6393504531722054 0.7031722054380665 0.06117824773413897 0.02416918429003021
0 0.6397280966767371 0.7209214501510574 0.060422960725075525 0.026435045317220542
0 0.6604984894259819 0.7299848942598187 0.05664652567975831 0.0324773413897281
0 0.6722054380664653 0.75 0.08157099697885196 0.03474320241691843
0 0.6631419939577039 0.7760574018126888 0.08006042296072508 0.030966767371601207
0 0.6654078549848943 0.7994712990936556 0.05891238670694864 0.026435045317220542
0 0.6903323262839879 0.8081570996978852 0.06948640483383686 0.028700906344410877
0 0.6963746223564955 0.8277945619335347 0.05891238670694864 0.03172205438066465
0 0.7073262839879154 0.8587613293051359 0.0702416918429003 0.0377643504531722
0 0.7114803625377644 0.8908610271903323 0.060422960725075525 0.02945619335347432
0 0.7262084592145015 0.915785498489426 0.0702416918429003 0.03700906344410876
0 0.7333836858006042 0.9561933534743202 0.06797583081570997 0.03474320241691843
