0 0.2745468277945619 0.030238500851788756 0.035498489425981876 0.062180579216354344
0 0.24735649546827795 0.03534923339011925 0.04003021148036254 0.065587734241908
0 0.2258308157099698 0.036201022146507666 0.0377643504531722 0.06047700170357751
0 0.20241691842900303 0.03705281090289608 0.03474320241691843 0.06047700170357751
0 0.1782477341389728 0.03534923339011925 0.03474320241691843 0.051959114139693355
0 0.15294561933534742 0.03492333901192504 0.03700906344410876 0.06473594548551959
0 0.13746223564954682 0.031942078364565585 0.028700906344410877 0.048551959114139696
0 0.12122356495468278 0.0379045996592845 0.035498489425981876 0.05706984667802385
0 0.0891238670694864 0.034497444633730834 0.03474320241691843 0.06047700170357751
0 0.06835347432024169 0.031516183986371384 0.035498489425981876 0.05792163543441227
0 0.052870090634441085 0.036201022146507666 0.0377643504531722 0.062180579216354344
0 0.030966767371601207 0.0379045996592845 0.03474320241691843 0.048551959114139696
0 0.019637462235649546 0.07367972742759796 0.03172205438066465 0.0809199318568995
0 0.5540030211480362 0.01788756388415673 0.04003021148036254 0.03747870528109029
0 0.504154078549849 0.08560477001703577 0.04909365558912387 0.062180579216354344
1 0.4690332326283988 0.10051107325383304 0.0513595166163142 0.059625212947189095
1 0.4414652567975831 0.10945485519591142 0.04909365558912387 0.06047700170357751
0 0.41389728096676737 0.1141396933560477 0.04833836858006042 0.056218057921635436
1 0.3957703927492447 0.12521294718909712 0.04229607250755287 0.06643952299829642
1 0.37613293051359514 0.12947189097103917 0.04682779456193353 0.06132879045996593
0 0.34705438066465255 0.14948892674616696 0.04003021148036254 0.058773424190800685
0 0.32326283987915405 0.1626916524701874 0.04078549848942598 0.07325383304940375
0 0.2881419939577039 0.15800681431005112 0.0324773413897281 0.06388415672913117
0 0.2601963746223565 0.18867120954003408 0.04909365558912387 0.062180579216354344
0 0.23413897280966767 0.19420783645655879 0.04682779456193353 0.05792163543441227
1 0.21601208459214502 0.217206132879046 0.04984894259818731 0.06984667802385008
0 0.17447129909365558 0.20868824531516184 0.04380664652567976 0.06814310051107325
0 0.14501510574018128 0.21507666098807496 0.045317220543806644 0.065587734241908
0 0.12273413897280967 0.2227427597955707 0.04607250755287009 0.06899488926746167
0 0.08119335347432025 0.24659284497444633 0.04607250755287009 0.065587734241908
0 0.05702416918429003 0.24063032367972742 0.04154078549848943 0.06047700170357751
0 0.03172205438066465 0.23679727427597955 0.04833836858006042 0.06473594548551959
0 0.02416918429003021 0.2666098807495741 0.03625377643504532 0.06132879045996593
0 0.017749244712990938 0.29088586030664393 0.033987915407854986 0.048551959114139696
1 0.04758308157099698 0.36115843270868825 0.03172205438066465 0.08177172061328791
0 0.06382175226586102 0.3351788756388416 0.024924471299093656 0.065587734241908
0 0.09441087613293052 0.3411413969335605 0.03172205438066465 0.06899488926746167
0 0.12235649546827794 0.3300681431005111 0.0377643504531722 0.06899488926746167
0 0.13897280966767372 0.30068143100511074 0.03474320241691843 0.06643952299829642
0 0.17371601208459214 0.2989778534923339 0.0377643504531722 0.06984667802385008
0 0.20657099697885195 0.2836456558773424 0.04003021148036254 0.07155025553662692
0 0.24358006042296074 0.27427597955706984 0.04154078549848943 0.06643952299829642
0 0.2654833836858006 0.2593696763202726 0.04305135951661632 0.065587734241908
0 0.024546827794561934 0.3364565587734242 0.0445619335347432 0.05110732538330494
0 0.3009818731117825 0.26490630323679726 0.04305135951661632 0.06984667802385008
1 0.32779456193353473 0.2572402044293015 0.03625377643504532 0.08177172061328791
0 0.3512084592145015 0.24914821124361158 0.030211480362537763 0.058773424190800685
0 0.39123867069486407 0.25212947189097107 0.0377643504531722 0.06132879045996593
0 0.4199395770392749 0.23807495741056217 0.03323262839879154 0.06729131175468483
0 0.4395770392749245 0.22955706984667804 0.02416918429003021 0.07410562180579217
0 0.47129909365558914 0.2278534923339012 0.03927492447129909 0.06047700170357751
0 0.4754531722054381 0.16056218057921637 0.035498489425981876 0.06047700170357751
0 0.5049093655589124 0.15034071550255537 0.033987915407854986 0.0706984667802385
0 0.5392749244712991 0.13969335604770017 0.03323262839879154 0.06984667802385008
0 0.5551359516616314 0.12393526405451448 0.03625377643504532 0.06729131175468483
0 0.5615558912386707 0.20868824531516184 0.035498489425981876 0.06132879045996593
0 0.5328549848942599 0.20272572402044292 0.02945619335347432 0.05792163543441227
0 0.49962235649546827 0.22146507666098808 0.03851963746223565 0.06132879045996593
0 0.5917673716012085 0.1899488926746167 0.04003021148036254 0.07325383304940375
0 0.6238670694864048 0.16396933560477 0.0377643504531722 0.058773424190800685
0 0.652190332326284 0.18057921635434412 0.035498489425981876 0.06984667802385008
0 0.6616314199395771 0.446763202725724 0.0513595166163142 0.06047700170357751
0 0.7318731117824774 0.43143100511073257 0.06646525679758308 0.04514480408858603
0 0.6933534743202416 0.4944633730834753 0.055891238670694864 0.058773424190800685
0 0.6680513595166163 0.5076660988074958 0.04305135951661632 0.04940374787052811
0 0.6121601208459214 0.50809199318569 0.04607250755287009 0.06047700170357751
0 0.7511329305135952 0.631175468483816 0.04305135951661632 0.06984667802385008
0 0.699773413897281 0.6256388415672913 0.0445619335347432 0.07240204429301533
1 0.7394259818731118 0.7248722316865418 0.04682779456193353 0.07155025553662692
0 0.7118580060422961 0.7299829642248722 0.04758308157099698 0.06643952299829642
1 0.6095166163141994 0.6456558773424191 0.04380664652567976 0.07495741056218058
1 0.6140483383685801 0.47700170357751276 0.05891238670694864 0.06303236797274277
0 0.5577794561933535 0.4987223168654174 0.04305135951661632 0.058773424190800685
0 0.5381419939577039 0.5132027257240205 0.04607250755287009 0.06047700170357751
0 0.5581570996978852 0.5770868824531517 0.04380664652567976 0.06388415672913117
0 0.5317220543806647 0.5792163543441227 0.04229607250755287 0.059625212947189095
0 0.5513595166163142 0.6588586030664395 0.04078549848942598 0.06388415672913117
0 0.5177492447129909 0.6690800681431005 0.04305135951661632 0.0706984667802385
0 0.48225075528700906 0.4991482112436116 0.04909365558912387 0.06814310051107325
1 0.504154078549849 0.5114991482112436 0.0445619335347432 0.06388415672913117
1 0.44826283987915405 0.528534923339012 0.07477341389728097 0.048551959114139696
0 0.43655589123867067 0.5447189097103918 0.08157099697885196 0.03833049403747871
1 0.4006797583081571 0.5604770017035775 0.06570996978851963 0.06643952299829642
1 0.40634441087613293 0.6486371379897785 0.052870090634441085 0.065587734241908
1 0.41654078549848944 0.633304940374787 0.06570996978851963 0.058773424190800685
1 0.4324018126888218 0.623083475298126 0.07628398791540786 0.06729131175468483
0 0.35347432024169184 0.5847529812606473 0.04078549848942598 0.06899488926746167
0 0.3240181268882175 0.5826235093696763 0.030211480362537763 0.059625212947189095
0 0.2911631419939577 0.5762350936967632 0.033987915407854986 0.062180579216354344
0 0.28058912386706947 0.5911413969335605 0.04305135951661632 0.06303236797274277
0 0.2515105740181269 0.6128620102214651 0.04229607250755287 0.05536626916524702
0 0.38255287009063443 0.6592844974446337 0.04607250755287009 0.07666098807495741
0 0.3542296072507553 0.6695059625212947 0.045317220543806644 0.054514480408858604
0 0.3293051359516616 0.6707836456558773 0.04984894259818731 0.058773424190800685
0 0.2998489425981873 0.669931856899489 0.04229607250755287 0.062180579216354344
1 0.270392749244713 0.682282793867121 0.04682779456193353 0.07325383304940375
0 0.22243202416918428 0.6171209540034072 0.04607250755287009 0.05536626916524702
0 0.2126132930513595 0.6354344122657581 0.04607250755287009 0.056218057921635436
0 0.18882175226586104 0.6520442930153322 0.04984894259818731 0.0706984667802385
0 0.229607250755287 0.7014480408858603 0.04682779456193353 0.06899488926746167
0 0.24546827794561935 0.6937819420783645 0.045317220543806644 0.065587734241908
1 0.3187311178247734 0.7461669505962522 0.04380664652567976 0.07666098807495741
0 0.2945619335347432 0.7504258943781942 0.045317220543806644 0.06643952299829642
1 0.27303625377643503 0.7674616695059625 0.03700906344410876 0.07155025553662692
0 0.25113293051359514 0.768313458262351 0.04003021148036254 0.06473594548551959
1 0.2280966767371601 0.8079216354344123 0.06797583081570997 0.046848381601362864
0 0.30362537764350456 0.8121805792163543 0.0649546827794562 0.05025553662691652
0 0.256797583081571 0.8419931856899489 0.0634441087613293 0.0434412265758092
1 0.3187311178247734 0.8347529812606473 0.0649546827794562 0.05110732538330494
0 0.3270392749244713 0.8581771720613288 0.060422960725075525 0.048551959114139696
0 0.2639728096676737 0.8824531516183987 0.06268882175226587 0.03577512776831346
0 0.26963746223564955 0.9178023850085179 0.06948640483383686 0.0434412265758092
0 0.27794561933534745 0.9522998296422487 0.06948640483383686 0.03747870528109029
0 0.3395015105740181 0.9305792163543442 0.0702416918429003 0.041737649063032366
1 0.3474320241691843 0.9612436115843271 0.06948640483383686 0.04003407155025554
0 0.47205438066465255 0.8632879045996593 0.060422960725075525 0.05025553662691652
0 0.5098187311178247 0.74190800681431 0.055891238670694864 0.03747870528109029
0 0.5219033232628398 0.782793867120954 0.07099697885196375 0.044293015332197615
0 0.5222809667673716 0.8206984667802385 0.06722054380664652 0.041737649063032366
0 0.5445619335347432 0.856473594548552 0.060422960725075525 0.04003407155025554
0 0.5453172205438066 0.8896933560477002 0.060422960725075525 0.046848381601362864
0 0.49244712990936557 0.9288756388415673 0.04984894259818731 0.05706984667802385
0 0.5030211480362538 0.9535775127768313 0.05891238670694864 0.058773424190800685
0 0.5547583081570997 0.9288756388415673 0.05060422960725076 0.03833049403747871
1 0.5630664652567976 0.9684838160136287 0.05966767371601209 0.05110732538330494
1 0.16503021148036254 0.661839863713799 0.04909365558912387 0.06132879045996593
0 0.13935045317220543 0.6665247018739353 0.04909365558912387 0.05366269165247019
0 0.12009063444108761 0.6784497444633731 0.04682779456193353 0.062180579216354344
0 0.09403323262839879 0.6890971039182283 0.04909365558912387 0.06303236797274277
0 0.7031722054380665 0.7904599659284498 0.0634441087613293 0.039182282793867124
0 0.7084592145015106 0.8228279386712095 0.06797583081570997 0.04940374787052811
0 0.7220543806646526 0.8428449744463373 0.0634441087613293 0.04003407155025554
0 0.7262084592145015 0.8786201022146508 0.06873111782477341 0.04514480408858603
1 0.7356495468277946 0.9092844974446337 0.0649546827794562 0.05025553662691652
0 0.7035498489425982 0.9616695059625213 0.027945619335347432 0.06814310051107325
0 0.7386706948640483 0.9501703577512777 0.052870090634441085 0.048551959114139696
0 0.7586858006042296 0.977427597955707 0.0581570996978852 0.04003407155025554
