2 0.4991482112436116 0.39395229982964225 0.028960817717206135 0.03321976149914821
0 0.5012776831345827 0.3956558773424191 0.058773424190800685 0.048551959114139696
0 0.31388415672913117 0.446763202725724 0.048551959114139696 0.04514480408858603
0 0.3253833049403748 0.5259795570698467 0.06132879045996593 0.041737649063032366
0 0.1899488926746167 0.6192504258943782 0.06473594548551959 0.06132879045996593
2 0.3083475298126065 0.4454855195911414 0.03236797274275979 0.034071550255536626
2 0.33262350936967633 0.5195911413969335 0.022998296422487224 0.027257240204429302
2 0.3164395229982964 0.5234241908006815 0.031516183986371384 0.03321976149914821
2 0.18356047700170358 0.618824531516184 0.031516183986371384 0.029812606473594547
2 0.2010221465076661 0.6098807495741057 0.03236797274275979 0.03577512776831346
