3 0.7772572402044293 0.14992447129909364 0.14054514480408858 0.18051359516616314
3 0.5272572402044293 0.24433534743202417 0.16695059625212946 0.17900302114803626
3 0.3185689948892675 0.361404833836858 0.13798977853492334 0.17447129909365558
3 0.21890971039182283 0.39992447129909364 0.13969335604770017 0.17749244712990936
3 0.0813458262350937 0.4626132930513595 0.11839863713798977 0.13821752265861026
3 0.04557069846678024 0.525679758308157 0.08773424190800681 0.19637462235649547
3 0.08773424190800681 0.9116314199395771 0.12947189097103917 0.16163141993957703
3 0.22061328790459966 0.8470543806646526 0.12265758091993186 0.16540785498489427
3 0.35391822827938674 0.7775679758308157 0.14395229982964225 0.17447129909365558
3 0.5170357751277683 0.7141238670694864 0.14991482112436116 0.1986404833836858
3 0.770442930153322 0.6185800604229608 0.14565587734241908 0.1933534743202417
3 0.30664395229982966 0.09818731117824774 0.131175468483816 0.1555891238670695
