0 0.4591633466135458 0.20732628398791542 0.14143426294820716 0.023413897280966767
0 0.2898406374501992 0.4188066465256798 0.13346613545816732 0.05362537764350453
0 0.349601593625498 0.37462235649546827 0.13745019920318724 0.03927492447129909
0 0.3336653386454183 0.33799093655589124 0.1454183266932271 0.03700906344410876
0 0.35258964143426297 0.283987915407855 0.14741035856573706 0.03625377643504532
0 0.3784860557768924 0.08799093655589124 0.07171314741035856 0.05060422960725076
0 0.5617529880478087 0.03323262839879154 0.055776892430278883 0.04682779456193353
0 0.4442231075697211 0.08157099697885196 0.07171314741035856 0.04984894259818731
1 0.5089641434262948 0.16880664652567975 0.08565737051792828 0.05362537764350453
0 0.5577689243027888 0.15181268882175228 0.06374501992031872 0.04380664652567976
0 0.5946215139442231 0.14992447129909364 0.061752988047808766 0.05664652567975831
0 0.6424302788844621 0.1469033232628399 0.061752988047808766 0.05060422960725076
0 0.7749003984063745 0.1537009063444109 0.13545816733067728 0.04305135951661632
1 0.6215139442231076 0.05853474320241692 0.06374501992031872 0.06117824773413897
1 0.5418326693227091 0.06382175226586102 0.05179282868525896 0.05664652567975831
1 0.5059760956175299 0.07439577039274925 0.07569721115537849 0.06419939577039276
0 0.6623505976095617 0.06570996978851963 0.045816733067729085 0.052870090634441085
1 0.7081673306772909 0.07061933534743202 0.06573705179282868 0.06117824773413897
0 0.7569721115537849 0.0770392749244713 0.06374501992031872 0.052870090634441085
1 0.8306772908366534 0.09025679758308157 0.05179282868525896 0.05664652567975831
0 0.8017928286852589 0.07968277945619336 0.049800796812749 0.05664652567975831
1 0.8745019920318725 0.09403323262839879 0.055776892430278883 0.06117824773413897
1 0.9163346613545816 0.11253776435045318 0.055776892430278883 0.061933534743202415
0 0.9571713147410359 0.12084592145015105 0.0697211155378486 0.04078549848942598
0 0.9830677290836654 0.16012084592145015 0.02589641434262948 0.04682779456193353
