0 0.9577039274924471 0.6120102214650767 0.04078549848942598 0.024701873935264056
0 0.9486404833836858 0.5894378194207837 0.052870090634441085 0.020442930153321978
0 0.9350453172205438 0.5566439522998297 0.0649546827794562 0.031516183986371384
0 0.9308912386706949 0.5293867120954003 0.06117824773413897 0.03492333901192504
0 0.918429003021148 0.49701873935264057 0.052870090634441085 0.024701873935264056
0 0.9044561933534743 0.4778534923339012 0.04305135951661632 0.020442930153321978
0 0.8991691842900302 0.44293015332197616 0.04909365558912387 0.02385008517887564
0 0.8904833836858006 0.42078364565587734 0.04833836858006042 0.02385008517887564
0 0.881797583081571 0.39778534923339015 0.04758308157099698 0.028960817717206135
0 0.8678247734138973 0.37265758091993184 0.0513595166163142 0.031516183986371384
0 0.8572507552870091 0.3492333901192504 0.054380664652567974 0.040885860306643956
1 0.8489425981873112 0.323679727427598 0.04984894259818731 0.034071550255536626
0 0.8364803625377644 0.2734241908006814 0.05966767371601209 0.028960817717206135
0 0.8508308157099698 0.3036626916524702 0.04607250755287009 0.03321976149914821
1 0.8277945619335347 0.25340715502555367 0.052870090634441085 0.031516183986371384
0 0.8198640483383686 0.22998296422487224 0.0581570996978852 0.034071550255536626
1 0.8160876132930514 0.20783645655877342 0.0581570996978852 0.034071550255536626
0 0.8077794561933535 0.18270868824531517 0.05211480362537765 0.036626916524701875
0 0.7953172205438066 0.1626916524701874 0.052870090634441085 0.039182282793867124
0 0.7904078549848943 0.1354344122657581 0.05060422960725076 0.04258943781942078
0 0.7790785498489426 0.11626916524701875 0.0445619335347432 0.04514480408858603
0 0.7658610271903323 0.10562180579216354 0.04380664652567976 0.03577512776831346
0 0.7632175226586103 0.0873083475298126 0.04305135951661632 0.03321976149914821
0 0.7522658610271903 0.07367972742759796 0.0513595166163142 0.04514480408858603
0 0.745845921450151 0.03577512776831346 0.05060422960725076 0.04599659284497445
0 0.6472809667673716 0.028534923339011926 0.04078549848942598 0.0434412265758092
1 0.6593655589123867 0.03960817717206133 0.04682779456193353 0.0434412265758092
0 0.6714501510574018 0.05919931856899489 0.054380664652567974 0.03492333901192504
0 0.675226586102719 0.08262350936967632 0.05891238670694864 0.03577512776831346
0 0.6786253776435045 0.10604770017035775 0.05513595166163142 0.036626916524701875
0 0.6880664652567976 0.13373083475298125 0.0634441087613293 0.04258943781942078
0 0.7239425981873112 0.21933560477001704 0.05211480362537765 0.04003407155025554
0 0.7299848942598187 0.23764906303236796 0.05060422960725076 0.028960817717206135
0 0.7352719033232629 0.2551107325383305 0.04607250755287009 0.03321976149914821
0 0.7401812688821753 0.27512776831345825 0.05891238670694864 0.028960817717206135
0 0.7435800604229608 0.28918228279386715 0.05362537764350453 0.036626916524701875
0 0.7503776435045317 0.32325383304940375 0.05060422960725076 0.03833049403747871
0 0.7647280966767371 0.3390119250425894 0.05211480362537765 0.040885860306643956
0 0.7719033232628398 0.35519591141396933 0.052870090634441085 0.039182282793867124
0 0.7809667673716012 0.3696763202725724 0.054380664652567974 0.03577512776831346
0 0.7900302114803626 0.38884156729131175 0.061933534743202415 0.03492333901192504
0 0.7968277945619335 0.403747870528109 0.04833836858006042 0.03577512776831346
0 0.801737160120846 0.42163543441226575 0.05060422960725076 0.040885860306643956
0 0.8557401812688822 0.5528109028960818 0.0513595166163142 0.05110732538330494
0 0.8413897280966768 0.5332197614991482 0.045317220543806644 0.039182282793867124
0 0.8296827794561934 0.5012776831345827 0.06570996978851963 0.04003407155025554
0 0.8172205438066465 0.4710391822827939 0.04682779456193353 0.028960817717206135
0 0.8115558912386707 0.4488926746166951 0.06268882175226587 0.034071550255536626
0 0.5370090634441088 0.8841567291311755 0.060422960725075525 0.04940374787052811
0 0.5268126888217523 0.8377342419080068 0.06419939577039276 0.026405451448040886
0 0.5388972809667674 0.811328790459966 0.06117824773413897 0.036626916524701875
0 0.5219033232628398 0.7959965928449745 0.06797583081570997 0.04514480408858603
0 0.5117069486404834 0.7657580919931857 0.07175226586102719 0.03236797274275979
0 0.5015105740181269 0.745741056218058 0.0634441087613293 0.0434412265758092
0 0.4550604229607251 0.6775979557069847 0.030966767371601207 0.05025553662691652
0 0.466012084592145 0.6277683134582623 0.054380664652567974 0.039182282793867124
0 0.47016616314199394 0.5936967632027257 0.03851963746223565 0.03577512776831346
0 0.4486404833836858 0.6154173764906303 0.05891238670694864 0.024701873935264056
0 0.44448640483383683 0.5843270868824532 0.06117824773413897 0.030664395229982964
0 0.4509063444108761 0.5638841567291312 0.055891238670694864 0.028960817717206135
0 0.43731117824773413 0.5523850085178875 0.060422960725075525 0.03492333901192504
0 0.4312688821752266 0.530664395229983 0.05740181268882175 0.030664395229982964
0 0.4297583081570997 0.5025553662691653 0.07401812688821752 0.044293015332197615
0 0.4324018126888218 0.47614991482112434 0.04607250755287009 0.03577512776831346
0 0.4104984894259819 0.4710391822827939 0.05664652567975831 0.030664395229982964
0 0.39274924471299094 0.44207836456558774 0.0634441087613293 0.044293015332197615
0 0.4195619335347432 0.4505962521294719 0.04909365558912387 0.03236797274275979
0 0.3976586102719033 0.4088586030664395 0.05513595166163142 0.028960817717206135
0 0.38293051359516617 0.38798977853492334 0.0513595166163142 0.029812606473594547
0 0.3765105740181269 0.36712095400340716 0.04607250755287009 0.03747870528109029
0 0.3821752265861027 0.3454003407155026 0.045317220543806644 0.046848381601362864
0 0.37084592145015105 0.3245315161839864 0.03927492447129909 0.03747870528109029
0 0.3523413897280967 0.305366269165247 0.0581570996978852 0.0434412265758092
0 0.34176737160120846 0.282793867120954 0.05362537764350453 0.028960817717206135
0 0.3217522658610272 0.20059625212947188 0.054380664652567974 0.031516183986371384
0 0.33345921450151056 0.2176320272572402 0.04607250755287009 0.031516183986371384
0 0.32968277945619334 0.2329642248722317 0.05060422960725076 0.036626916524701875
0 0.338368580060423 0.24914821124361158 0.045317220543806644 0.03833049403747871
0 0.290785498489426 0.13373083475298125 0.055891238670694864 0.028960817717206135
1 0.27605740181268884 0.11201022146507666 0.05513595166163142 0.041737649063032366
1 0.24848942598187312 0.02512776831345826 0.060422960725075525 0.031516183986371384
0 0.2673716012084592 0.034071550255536626 0.04682779456193353 0.034071550255536626
0 0.2707703927492447 0.04599659284497445 0.04909365558912387 0.03236797274275979
1 0.2719033232628399 0.0600511073253833 0.04229607250755287 0.024701873935264056
0 0.27341389728096677 0.08475298126064736 0.0513595166163142 0.02129471890971039
0 0.16767371601208458 0.031516183986371384 0.04833836858006042 0.015332197614991482
0 0.17182779456193353 0.06132879045996593 0.04909365558912387 0.022146507666098807
0 0.17447129909365558 0.08603066439522998 0.055891238670694864 0.017035775127768313
0 0.19561933534743203 0.13415672913117546 0.05740181268882175 0.011073253833049404
0 0.1695619335347432 0.11158432708688246 0.04003021148036254 0.02385008517887564
0 0.1748489425981873 0.12904599659284496 0.05211480362537765 0.029812606473594547
0 0.19297583081570996 0.15417376490630325 0.04758308157099698 0.03577512776831346
0 0.19788519637462235 0.17333901192504259 0.054380664652567974 0.031516183986371384
0 0.20996978851963746 0.18611584327086883 0.04682779456193353 0.026405451448040886
0 0.2122356495468278 0.19889267461669508 0.045317220543806644 0.026405451448040886
0 0.22356495468277945 0.22444633730834754 0.04682779456193353 0.031516183986371384
0 0.21336858006042297 0.2508517887563884 0.04909365558912387 0.03492333901192504
0 0.24924471299093656 0.2593696763202726 0.052870090634441085 0.03321976149914821
0 0.24018126888217523 0.2879045996592845 0.054380664652567974 0.03577512776831346
0 0.24471299093655588 0.3198466780238501 0.04833836858006042 0.04514480408858603
0 0.25755287009063443 0.3441226575809199 0.0513595166163142 0.03747870528109029
1 0.2719033232628399 0.36201022146507666 0.054380664652567974 0.04599659284497445
0 0.27605740181268884 0.3807495741056218 0.05211480362537765 0.03236797274275979
1 0.27794561933534745 0.40630323679727426 0.061933534743202415 0.03577512776831346
0 0.29154078549848944 0.42206132879046 0.045317220543806644 0.03492333901192504
0 0.2956948640483384 0.4616695059625213 0.04607250755287009 0.034071550255536626
0 0.31419939577039274 0.48637137989778534 0.0513595166163142 0.03577512776831346
0 0.32250755287009064 0.505962521294719 0.04833836858006042 0.03747870528109029
0 0.31344410876132933 0.5319420783645656 0.060422960725075525 0.036626916524701875
0 0.3311933534743202 0.5515332197614992 0.06268882175226587 0.05025553662691652
0 0.3413897280966767 0.6115843270868825 0.045317220543806644 0.04599659284497445
0 0.36064954682779454 0.6388415672913118 0.05966767371601209 0.02555366269165247
0 0.3716012084592145 0.6669505962521295 0.04984894259818731 0.03747870528109029
1 0.37575528700906347 0.6835604770017036 0.04909365558912387 0.046848381601362864
0 0.37990936555891236 0.7061328790459966 0.03927492447129909 0.04258943781942078
0 0.3851963746223565 0.7287052810902896 0.04682779456193353 0.04514480408858603
0 0.3935045317220544 0.75 0.055891238670694864 0.03833049403747871
0 0.39803625377643503 0.7772572402044293 0.060422960725075525 0.03492333901192504
0 0.415785498489426 0.8045144804088586 0.05211480362537765 0.03492333901192504
0 0.4520392749244713 0.9165247018739353 0.06117824773413897 0.027257240204429302
0 0.45581570996978854 0.893526405451448 0.0581570996978852 0.02385008517887564
0 0.4316465256797583 0.8777683134582623 0.05211480362537765 0.036626916524701875
0 0.4297583081570997 0.8496592844974447 0.055891238670694864 0.03321976149914821
0 0.41654078549848944 0.8377342419080068 0.05664652567975831 0.04003407155025554
